Scintillator
Reference name: idx2. Author: Jose Rueda
Made with FILDconstructor.py
2
5
0.0342 -0.0017000000000000001 -0.04194
0.0342 0.038900000000000004 -0.04194
0.0342 0.0444 -0.03472
0.0342 -0.0017000000000000001 -0.04194
0.0342 0.0444 -0.03472
0.0342 -0.0017000000000000001 -0.00894
0.0342 -0.0017000000000000001 -0.00894
0.0342 0.0444 -0.03472
0.0342 0.0463 -0.026840000000000003
0.0342 -0.0017000000000000001 -0.00894
0.0342 0.0463 -0.026840000000000003
0.0342 0.0417 -0.00894
0.0342 0.0417 -0.00894
0.0342 0.0463 -0.026840000000000003
0.0342 0.0451 -0.01684