8.385571200000000545e+02 4.077526899999999728e+02
8.351900500000000420e+02 4.076543899999999780e+02
8.321688100000000077e+02 4.069083099999999718e+02
8.295024600000000419e+02 4.055963599999999474e+02
8.272059500000000298e+02 4.038002899999999613e+02
8.252940700000000334e+02 4.016039299999999344e+02
8.237779500000000326e+02 3.990910699999999451e+02
8.226704799999999977e+02 3.963435799999999176e+02
8.219865700000000288e+02 3.934433299999998894e+02
8.217371200000000044e+02 3.904740499999998633e+02
8.219370599999999740e+02 3.875195599999998421e+02
8.225996099999999842e+02 3.846597799999998415e+02
8.237355499999999893e+02 3.819785099999998579e+02
8.253618000000000166e+02 3.795594599999998309e+02
8.274893399999999701e+02 3.774845299999998360e+02
8.301311099999999215e+02 3.758375699999998574e+02
8.333000599999999167e+02 3.747003799999998819e+02
8.364381199999999126e+02 3.738508199999998851e+02
8.394513899999999467e+02 3.736712899999998854e+02
8.423017199999999320e+02 3.740917699999998831e+02
8.449569099999998798e+02 3.750483999999999014e+02
8.473826899999999114e+02 3.764713899999999285e+02
8.495448499999998830e+02 3.782928999999999178e+02
8.514111799999998311e+02 3.804489299999999048e+02
8.529454399999998486e+02 3.828696799999999030e+02
8.548850899999998774e+02 3.882417499999999109e+02
8.552222199999998793e+02 3.910593099999999254e+02
8.550940999999999121e+02 3.938720699999999511e+02
8.544630299999998897e+02 3.966161599999999225e+02
8.532986299999998892e+02 3.992216899999999100e+02
8.515646999999999025e+02 4.016247599999999238e+02
8.492289899999999534e+02 4.037554999999999268e+02
8.468592299999999113e+02 4.054335699999999179e+02
8.442387999999998556e+02 4.066778299999999149e+02
8.414454699999998866e+02 4.074617099999999255e+02
8.385569299999998520e+02 4.077527299999999286e+02
8.385571200000000545e+02 4.077526899999999728e+02
