5.388874100000000453e+02 2.790135999999999967e+02
5.355203500000000076e+02 2.789153000000000020e+02
5.324990999999999985e+02 2.781692199999999957e+02
5.298327500000000327e+02 2.768572299999999586e+02
5.275362400000000207e+02 2.750611599999999726e+02
5.256243600000000242e+02 2.728647999999999456e+02
5.241082400000000234e+02 2.703519399999998996e+02
5.230008000000000266e+02 2.676044499999999289e+02
5.223168600000000197e+02 2.647041999999999007e+02
5.220674099999999953e+02 2.617349199999998746e+02
5.222673499999999649e+02 2.587804299999999103e+02
5.229298999999999751e+02 2.559206499999999096e+02
5.240658799999999928e+02 2.532393399999998564e+02
5.256920900000000074e+02 2.508202899999998863e+02
5.278196299999999610e+02 2.487454099999998789e+02
5.304613999999999123e+02 2.470984399999998686e+02
5.336303399999999328e+02 2.459612499999998363e+02
5.367684199999998782e+02 2.451116899999998395e+02
5.397817299999999250e+02 2.449321599999998398e+02
5.426320599999999104e+02 2.453525999999998248e+02
5.452872099999999591e+02 2.463092399999998179e+02
5.477129899999999907e+02 2.477322699999998576e+02
5.498751399999999876e+02 2.495537299999998595e+02
5.517414699999999357e+02 2.517097599999998465e+02
5.532757399999999279e+02 2.541305499999998574e+02
5.552153899999999567e+02 2.595026199999998653e+02
5.555525199999999586e+02 2.623201799999998229e+02
5.554243999999999915e+02 2.651329499999998234e+02
5.547933299999999690e+02 2.678770299999998770e+02
5.536288899999999558e+02 2.704825599999999213e+02
5.518949999999999818e+02 2.728856299999998782e+02
5.495592900000000327e+02 2.750163699999998244e+02
5.471894899999999780e+02 2.766944399999998723e+02
5.445690599999999222e+02 2.779386999999999261e+02
5.417757699999999659e+02 2.787226199999998926e+02
5.388871899999999187e+02 2.790136399999998957e+02
5.388874100000000453e+02 2.790135999999999967e+02
