4.134785899999999970e+02 3.986340500000000020e+02
4.101115199999999845e+02 3.985357500000000073e+02
4.070903199999999629e+02 3.977896700000000010e+02
4.044239699999999402e+02 3.964776800000000208e+02
4.021274199999999155e+02 3.946816100000000347e+02
4.002155799999999317e+02 3.924852500000000077e+02
3.986994599999999309e+02 3.899723999999999933e+02
3.975919899999999529e+02 3.872249400000000037e+02
3.969080799999999272e+02 3.843246500000000196e+02
3.966586299999999028e+02 3.813553800000000251e+02
3.968585699999999292e+02 3.784008800000000292e+02
3.975211199999999394e+02 3.755411000000000286e+02
3.986570599999999445e+02 3.728598300000000449e+02
4.002833099999999718e+02 3.704407800000000179e+02
4.024108499999999822e+02 3.683659000000000106e+02
4.050525900000000092e+02 3.667188899999999876e+02
4.082215699999999856e+02 3.655817399999999679e+02
4.113596299999999815e+02 3.647321399999999585e+02
4.143728999999999587e+02 3.645526199999999335e+02
4.172232299999999441e+02 3.649730899999999565e+02
4.198784299999999234e+02 3.659297299999999495e+02
4.223041999999999234e+02 3.673527199999999766e+02
4.244663599999998951e+02 3.691742199999999912e+02
4.263326499999998873e+02 3.713302499999999782e+02
4.278669499999998607e+02 3.737509999999999764e+02
4.298065999999998326e+02 3.791231099999999969e+02
4.301437399999998092e+02 3.819406399999999735e+02
4.300156099999998105e+02 3.847534399999999550e+02
4.293845399999997881e+02 3.874975199999999518e+02
4.282201099999998064e+02 3.901030499999999392e+02
4.264862099999998009e+02 3.925060799999999404e+02
4.241504999999997949e+02 3.946368199999999433e+02
4.217806999999997970e+02 3.963148999999999660e+02
4.191602799999997728e+02 3.975591599999999630e+02
4.163669799999997849e+02 3.983430699999999547e+02
4.134783999999997945e+02 3.986340899999999579e+02
4.134785899999999970e+02 3.986340500000000020e+02
