7.548513599999999997e+02 7.251640999999995074e+01
7.514842899999999872e+02 7.241840999999999440e+01
7.484630899999999656e+02 7.167231000000003860e+01
7.457967399999999998e+02 7.036031000000002678e+01
7.435001899999999750e+02 6.856421000000000276e+01
7.415883499999999913e+02 6.636791000000005170e+01
7.400722299999999905e+02 6.385511000000008153e+01
7.389647599999999557e+02 6.110761000000013610e+01
7.382808499999999867e+02 5.820731000000012045e+01
7.380313999999999623e+02 5.523801000000014483e+01
7.382317199999999957e+02 5.228361000000018066e+01
7.388942700000000059e+02 4.942371000000014192e+01
7.400302100000000110e+02 4.674251000000015210e+01
7.416564600000000382e+02 4.432351000000016938e+01
7.437839999999999918e+02 4.224851000000012391e+01
7.464257300000000441e+02 4.060161000000016429e+01
7.495947200000000521e+02 3.946441000000015720e+01
7.527327800000000479e+02 3.861481000000014774e+01
7.557460500000000820e+02 3.843521000000009735e+01
7.585963800000000674e+02 3.885571000000004460e+01
7.612515700000000152e+02 3.981240999999999985e+01
7.636773500000000467e+02 4.123531000000002678e+01
7.658394700000000057e+02 4.305691000000001623e+01
7.677057999999999538e+02 4.521290999999996529e+01
7.692400999999999840e+02 4.763370999999995092e+01
7.711797100000000000e+02 5.300570999999990818e+01
7.715164700000000266e+02 5.582330999999987853e+01
7.713883399999999710e+02 5.863610999999991691e+01
7.707572699999999486e+02 6.138020999999992000e+01
7.695928399999999101e+02 6.398570999999992637e+01
7.678589399999999614e+02 6.638870999999994638e+01
7.655232300000000123e+02 6.851950999999996839e+01
7.631534299999999575e+02 7.019760999999994056e+01
7.605330099999999902e+02 7.144180999999991855e+01
7.577397099999999455e+02 7.222570999999993546e+01
7.548511299999998982e+02 7.251670999999998912e+01
7.548513599999999997e+02 7.251640999999995074e+01
