9.006093899999999621e+02 3.494447099999999864e+02
8.972423199999999497e+02 3.493464099999999917e+02
8.942211199999999280e+02 3.486003299999999854e+02
8.915547699999999622e+02 3.472883399999999483e+02
8.892582199999999375e+02 3.454922699999999622e+02
8.873463799999999537e+02 3.432959099999999353e+02
8.858302599999999529e+02 3.407830499999998892e+02
8.847227899999999181e+02 3.380355999999999312e+02
8.840388799999999492e+02 3.351353099999998904e+02
8.837894299999999248e+02 3.321660299999998642e+02
8.839897499999999582e+02 3.292115399999998999e+02
8.846522599999999557e+02 3.263517599999998993e+02
8.857882399999999734e+02 3.236704899999998588e+02
8.874144900000000007e+02 3.212514399999998886e+02
8.895420299999999543e+02 3.191765499999999065e+02
8.921837600000000066e+02 3.175295499999998583e+02
8.953527500000000146e+02 3.163923999999998387e+02
8.984908100000000104e+02 3.155427999999998292e+02
9.015040800000000445e+02 3.153632699999998295e+02
9.043544100000000299e+02 3.157837499999998272e+02
9.070095999999999776e+02 3.167403799999998455e+02
9.094353800000000092e+02 3.181633699999998726e+02
9.115974999999999682e+02 3.199848399999998492e+02
9.134638299999999163e+02 3.221408699999998362e+02
9.149981299999999464e+02 3.245616599999998471e+02
9.169377399999999625e+02 3.299337299999998550e+02
9.172744999999999891e+02 3.327512899999998126e+02
9.171463699999999335e+02 3.355640599999998130e+02
9.165152999999999111e+02 3.383081399999998666e+02
9.153508699999998726e+02 3.409136699999999109e+02
9.136169699999999239e+02 3.433167399999998679e+02
9.112812599999999748e+02 3.454474799999998140e+02
9.089114599999999200e+02 3.471255499999998619e+02
9.062910399999999527e+02 3.483698099999999158e+02
9.034977399999999079e+02 3.491537199999999075e+02
9.006091599999998607e+02 3.494447499999998854e+02
9.006093899999999621e+02 3.494447099999999864e+02
