7.267667900000000145e+02 1.012558299999999463e+02
7.233997200000000021e+02 1.011575299999999515e+02
7.203785199999999804e+02 1.004114499999999452e+02
7.177121799999999894e+02 9.909945999999990818e+01
7.154156199999999899e+02 9.730338999999992211e+01
7.135037800000000061e+02 9.510702999999989515e+01
7.119876600000000053e+02 9.259417999999993754e+01
7.108801899999999705e+02 8.984668999999996686e+01
7.101962800000000016e+02 8.694642999999996391e+01
7.099468299999999772e+02 8.397715999999991254e+01
7.101471500000000106e+02 8.102265999999985979e+01
7.108096600000000080e+02 7.816293999999982134e+01
7.119456400000000258e+02 7.548163999999985663e+01
7.135718900000000531e+02 7.306263999999987391e+01
7.156994300000000067e+02 7.098763999999982843e+01
7.183411600000000590e+02 6.934073999999986881e+01
7.215101100000000542e+02 6.820353999999986172e+01
7.246482100000000628e+02 6.735393999999985226e+01
7.276614800000000969e+02 6.717443999999989046e+01
7.305118100000000823e+02 6.759493999999983771e+01
7.331670000000000300e+02 6.855153999999981806e+01
7.355927800000000616e+02 6.997443999999984499e+01
7.377549000000000206e+02 7.179603999999983444e+01
7.396212299999999686e+02 7.395203999999978350e+01
7.411555299999999988e+02 7.637283999999976913e+01
7.430951400000000149e+02 8.174484999999981483e+01
7.434319000000000415e+02 8.456241999999986092e+01
7.433037699999999859e+02 8.737517999999988660e+01
7.426726999999999634e+02 9.011926999999991494e+01
7.415082699999999249e+02 9.272479999999995925e+01
7.397743699999999762e+02 9.512785999999994146e+01
7.374386600000000271e+02 9.725859999999988759e+01
7.350688599999999724e+02 9.893667999999991025e+01
7.324484400000000051e+02 1.001809399999999641e+02
7.296551399999999603e+02 1.009648499999999558e+02
7.267665599999999131e+02 1.012558699999999590e+02
7.267667900000000145e+02 1.012558299999999463e+02
