6.647294500000000426e+02 1.599348899999999958e+02
6.613623800000000301e+02 1.598365900000000011e+02
6.583411399999999958e+02 1.590904799999999568e+02
6.556748400000000174e+02 1.577785299999999324e+02
6.533782800000000179e+02 1.559824599999999464e+02
6.514664400000000342e+02 1.537860599999999067e+02
6.499502899999999954e+02 1.512732399999998734e+02
6.488428499999999985e+02 1.485257499999999027e+02
6.481589000000000169e+02 1.456254899999998997e+02
6.479094599999999673e+02 1.426562199999998484e+02
6.481093899999999621e+02 1.397017299999998841e+02
6.487719399999999723e+02 1.368419499999998834e+02
6.499078799999999774e+02 1.341606399999998303e+02
6.515341399999999794e+02 1.317415899999998601e+02
6.536616699999999582e+02 1.296666999999998779e+02
6.563034099999999853e+02 1.280196999999998297e+02
6.594723900000000185e+02 1.268825099999997974e+02
6.626104599999999891e+02 1.260329499999998006e+02
6.656237599999999475e+02 1.258534199999998009e+02
6.684740899999999328e+02 1.262738599999997859e+02
6.711292499999999563e+02 1.272304899999998042e+02
6.735550200000000132e+02 1.286535599999998567e+02
6.757171799999999848e+02 1.304750299999998333e+02
6.775835099999999329e+02 1.326310599999998203e+02
6.791177699999999504e+02 1.350518499999998312e+02
6.810574199999999792e+02 1.404239199999998391e+02
6.813945599999999558e+02 1.432414799999997967e+02
6.812664299999999002e+02 1.460542399999998224e+02
6.806353599999998778e+02 1.487983299999998508e+02
6.794709299999998393e+02 1.514038599999998951e+02
6.777370299999998906e+02 1.538069199999998773e+02
6.754013199999999415e+02 1.559376299999998992e+02
6.730315199999998867e+02 1.576157399999998461e+02
6.704110999999999194e+02 1.588599999999999000e+02
6.676177999999998747e+02 1.596439099999998916e+02
6.647292199999998275e+02 1.599349399999998695e+02
6.647294500000000426e+02 1.599348899999999958e+02
