6.970664000000000442e+02 1.312636899999999969e+02
6.936993300000000318e+02 1.311653900000000021e+02
6.906780899999999974e+02 1.304193099999999959e+02
6.880117500000000064e+02 1.291072900000000345e+02
6.857151900000000069e+02 1.273112200000000485e+02
6.838033599999999979e+02 1.251148600000000215e+02
6.822872399999999971e+02 1.226019999999999754e+02
6.811797599999999875e+02 1.198545500000000175e+02
6.804958500000000186e+02 1.169542500000000018e+02
6.802463999999999942e+02 1.139849799999999505e+02
6.804463399999999638e+02 1.110304899999999861e+02
6.811088899999999740e+02 1.081707099999999855e+02
6.822448299999999790e+02 1.054894299999999703e+02
6.838710800000000063e+02 1.030703800000000001e+02
6.859986199999999599e+02 1.009954999999999927e+02
6.886403599999999869e+02 9.934848999999996977e+01
6.918093400000000202e+02 9.821134999999992488e+01
6.949474099999999908e+02 9.736174999999991542e+01
6.979607099999999491e+02 9.718221999999991567e+01
7.008110399999999345e+02 9.760268999999993866e+01
7.034661999999999580e+02 9.855932999999993172e+01
7.058919699999999011e+02 9.998231999999995878e+01
7.080541299999998728e+02 1.018037899999999354e+02
7.099204599999998209e+02 1.039598199999999224e+02
7.114547199999998384e+02 1.063806099999999333e+02
7.133943699999998671e+02 1.117526799999999412e+02
7.137311299999998937e+02 1.145702399999998988e+02
7.136029999999998381e+02 1.173829999999999245e+02
7.129719699999998284e+02 1.201270899999999529e+02
7.118075399999997899e+02 1.227326199999999972e+02
7.100735999999998285e+02 1.251356799999999794e+02
7.077379299999997784e+02 1.272664300000000139e+02
7.053681299999997236e+02 1.289445000000000618e+02
7.027477099999997563e+02 1.301888000000000147e+02
6.999543699999998125e+02 1.309727100000000064e+02
6.970658299999997780e+02 1.312637300000000096e+02
6.970664000000000442e+02 1.312636899999999969e+02
