6.619998699999999872e+02 6.297366500000000542e+02
6.586330299999999625e+02 6.296304400000000214e+02
6.556135699999999815e+02 6.288772599999999784e+02
6.529503599999999324e+02 6.275590399999999818e+02
6.506579999999999018e+02 6.257576000000000249e+02
6.487513399999999137e+02 6.235567399999999907e+02
6.472411199999999099e+02 6.210403300000000399e+02
6.461400999999999613e+02 6.182902699999999641e+02
6.454629599999999527e+02 6.153883899999999585e+02
6.452206999999999653e+02 6.124185499999999820e+02
6.454278099999999085e+02 6.094645499999999174e+02
6.460970899999998664e+02 6.066063199999999824e+02
6.472393399999998564e+02 6.039276899999999841e+02
6.488712699999998677e+02 6.015125000000000455e+02
6.510036399999999048e+02 5.994425999999999704e+02
6.536492699999998877e+02 5.978018299999999954e+02
6.568208999999999378e+02 5.966720900000000256e+02
6.599609699999999748e+02 5.958298600000000533e+02
6.629746499999999969e+02 5.956571400000000267e+02
6.658239999999999554e+02 5.960842999999999847e+02
6.684768799999999374e+02 5.970471700000000510e+02
6.708993399999999383e+02 5.984758699999999862e+02
6.730571799999999030e+02 6.003024399999999332e+02
6.749184499999998934e+02 6.024628199999999651e+02
6.764470399999999017e+02 6.048871999999998934e+02
6.783740699999998469e+02 6.102637999999999465e+02
6.787043999999998505e+02 6.130821599999999307e+02
6.785698499999998603e+02 6.158946199999999180e+02
6.779323599999999033e+02 6.186372299999999314e+02
6.767617999999998801e+02 6.212400099999999838e+02
6.750222299999999223e+02 6.236389899999999216e+02
6.726815699999999651e+02 6.257642099999999346e+02
6.703078399999999419e+02 6.274367299999998977e+02
6.676845099999999320e+02 6.286748699999999417e+02
6.648893599999998969e+02 6.294521999999999480e+02
6.620000999999998612e+02 6.297364199999999528e+02
6.619998699999999872e+02 6.297366500000000542e+02
