5.197970599999999877e+02 3.511122699999999668e+02
5.164299899999999752e+02 3.510139699999999721e+02
5.134087899999999536e+02 3.502678899999999658e+02
5.107424499999999625e+02 3.489558999999999287e+02
5.084458899999999630e+02 3.471598699999999553e+02
5.065340499999999793e+02 3.449634800000000041e+02
5.050179299999999785e+02 3.424506599999999708e+02
5.039104600000000005e+02 3.397031700000000001e+02
5.032265499999999747e+02 3.368028699999999844e+02
5.029770999999999503e+02 3.338336399999999458e+02
5.031770399999999768e+02 3.308791399999998930e+02
5.038395499999999743e+02 3.280193299999998544e+02
5.049755299999999920e+02 3.253380499999998392e+02
5.066017800000000193e+02 3.229189999999998690e+02
5.087292800000000170e+02 3.208441199999998616e+02
5.113710599999999999e+02 3.191971499999998514e+02
5.145399999999999636e+02 3.180599699999999075e+02
5.176780999999999722e+02 3.172103699999998980e+02
5.206913700000000063e+02 3.170308399999998983e+02
5.235416999999999916e+02 3.174513099999999213e+02
5.261969000000000278e+02 3.184079499999999143e+02
5.286226699999999710e+02 3.198309399999999414e+02
5.307847899999999299e+02 3.216524499999999307e+02
5.326511199999998780e+02 3.238084799999999177e+02
5.341854199999999082e+02 3.262292299999999159e+02
5.361250299999999243e+02 3.316013299999999617e+02
5.364621699999999009e+02 3.344188599999999951e+02
5.363340399999998453e+02 3.372316600000000335e+02
5.357030099999998356e+02 3.399757500000000618e+02
5.345385799999997971e+02 3.425812800000001062e+02
5.328046799999998484e+02 3.449843000000000757e+02
5.304689699999998993e+02 3.471150500000001102e+02
5.280991699999998445e+02 3.487931200000001581e+02
5.254787499999998772e+02 3.500373800000002120e+02
5.226854499999998325e+02 3.508212900000002037e+02
5.197968699999997853e+02 3.511123100000002069e+02
5.197970599999999877e+02 3.511122699999999668e+02
