5.293403200000000197e+02 3.923868400000000065e+02
5.259732500000000073e+02 3.922885400000000118e+02
5.229520499999999856e+02 3.915424199999999928e+02
5.202857099999999946e+02 3.902304699999999684e+02
5.179891499999999951e+02 3.884343999999999824e+02
5.160773100000000113e+02 3.862380399999999554e+02
5.145611900000000105e+02 3.837251899999999409e+02
5.134537199999999757e+02 3.809776999999999134e+02
5.127698100000000068e+02 3.780774399999999105e+02
5.125203599999999824e+02 3.751081699999999159e+02
5.127202999999999520e+02 3.721536699999999200e+02
5.133828499999999622e+02 3.692938899999999194e+02
5.145187899999999672e+02 3.666125799999999231e+02
5.161450399999999945e+02 3.641935299999998961e+02
5.182725799999999481e+02 3.621186499999998887e+02
5.209143199999999752e+02 3.604716799999998784e+02
5.240833000000000084e+02 3.593344999999998777e+02
5.272213600000000042e+02 3.584849399999998809e+02
5.302346300000000383e+02 3.583054099999998812e+02
5.330849900000000616e+02 3.587258799999999042e+02
5.357401800000000094e+02 3.596824799999998845e+02
5.381659600000000410e+02 3.611055099999998674e+02
5.403280799999999999e+02 3.629269799999998440e+02
5.421944099999999480e+02 3.650830099999998311e+02
5.437287000000000035e+02 3.675037899999998103e+02
5.456683199999999943e+02 3.728758599999998182e+02
5.460054499999999962e+02 3.756934299999998075e+02
5.458773300000000290e+02 3.785061899999998332e+02
5.452463000000000193e+02 3.812502799999998615e+02
5.440818600000000060e+02 3.838558099999998490e+02
5.423479300000000194e+02 3.862588699999998312e+02
5.400122599999999693e+02 3.883896199999998089e+02
5.376424599999999145e+02 3.900676899999998000e+02
5.350220299999998588e+02 3.913119499999997970e+02
5.322287099999998645e+02 3.920958599999997887e+02
5.293401299999998173e+02 3.923868799999997918e+02
5.293403200000000197e+02 3.923868400000000065e+02
