7.997064599999999928e+02 8.658392000000003463e+01
7.963393899999999803e+02 8.648562000000003991e+01
7.933181899999999587e+02 8.573954000000003361e+01
7.906518499999999676e+02 8.442754999999999654e+01
7.883552899999999681e+02 8.263148000000001048e+01
7.864434599999999591e+02 8.043515000000002146e+01
7.849273399999999583e+02 7.792235000000005130e+01
7.838198599999999487e+02 7.517485000000010587e+01
7.831359499999999798e+02 7.227455000000009022e+01
7.828865099999999302e+02 6.930525000000011460e+01
7.830868199999998751e+02 6.635085000000015043e+01
7.837493699999998853e+02 6.349105000000020027e+01
7.848853099999998904e+02 6.080975000000023556e+01
7.865115599999999176e+02 5.839065000000027794e+01
7.886390999999998712e+02 5.631575000000032105e+01
7.912808399999998983e+02 5.466885000000036143e+01
7.944498199999999315e+02 5.353165000000035434e+01
7.975878899999999021e+02 5.268205000000034488e+01
8.006011499999998478e+02 5.250255000000038308e+01
8.034514799999998331e+02 5.292295000000035543e+01
8.061066799999998693e+02 5.387965000000031068e+01
8.085324499999999261e+02 5.530265000000031250e+01
8.106945699999998851e+02 5.712415000000032705e+01
8.125608999999998332e+02 5.928015000000027612e+01
8.140951999999998634e+02 6.170095000000026175e+01
8.160348099999998794e+02 6.707305000000030759e+01
8.163719499999998561e+02 6.989055000000030304e+01
8.162438199999998005e+02 7.270335000000034142e+01
8.156127499999997781e+02 7.544745000000034452e+01
8.144483199999997396e+02 7.805295000000035088e+01
8.127144199999997909e+02 8.045605000000034579e+01
8.103787099999998418e+02 8.258670000000029177e+01
8.080089099999997870e+02 8.426481000000023869e+01
8.053885299999998324e+02 8.550906000000020413e+01
8.025951899999998886e+02 8.629294000000015785e+01
7.997066099999998414e+02 8.658396000000016102e+01
7.997064599999999928e+02 8.658392000000003463e+01
