5.496301899999999705e+02 3.232148200000000315e+02
5.462631199999999581e+02 3.231165200000000368e+02
5.432418799999999237e+02 3.223704400000000305e+02
5.405755799999999454e+02 3.210584600000000819e+02
5.382790199999999459e+02 3.192623900000000958e+02
5.363671799999999621e+02 3.170660300000000689e+02
5.348510299999999233e+02 3.145531700000000228e+02
5.337435899999999265e+02 3.118057200000000648e+02
5.330596399999999448e+02 3.089054200000000492e+02
5.328101999999998952e+02 3.059361499999999978e+02
5.330105099999998401e+02 3.029816899999999578e+02
5.336730599999998503e+02 3.001218799999999192e+02
5.348090399999998681e+02 2.974405999999999040e+02
5.364352499999998827e+02 2.950215499999999338e+02
5.385627899999998363e+02 2.929466699999999264e+02
5.412045599999997876e+02 2.912996999999999161e+02
5.443735099999997828e+02 2.901625199999999722e+02
5.475116099999997914e+02 2.893129199999999628e+02
5.505248799999998255e+02 2.891333899999999630e+02
5.533752099999998109e+02 2.895538599999999860e+02
5.560303999999997586e+02 2.905104999999999791e+02
5.584561399999997775e+02 2.919334900000000061e+02
5.606182999999997492e+02 2.937549999999999955e+02
5.624846299999996972e+02 2.959110299999999825e+02
5.640189299999997274e+02 2.983317799999999806e+02
5.659585399999997435e+02 3.037038900000000012e+02
5.662952999999997701e+02 3.065214099999999462e+02
5.661671699999997145e+02 3.093342099999999846e+02
5.655360999999996920e+02 3.120783000000000129e+02
5.643716699999996536e+02 3.146838300000000572e+02
5.626377699999997049e+02 3.170868500000000267e+02
5.603020999999996548e+02 3.192176000000000613e+02
5.579322999999996000e+02 3.208956700000001092e+02
5.553118799999996327e+02 3.221399300000001631e+02
5.525185399999996889e+02 3.229238400000001548e+02
5.496299999999996544e+02 3.232148700000001327e+02
5.496301899999999705e+02 3.232148200000000315e+02
