4.565696500000000242e+02 4.091508600000000229e+02
4.532025900000000433e+02 4.090525600000000281e+02
4.501813800000000469e+02 4.083064800000000218e+02
4.475150400000000559e+02 4.069944900000000416e+02
4.452184800000000564e+02 4.051984200000000556e+02
4.433066500000000474e+02 4.030020600000000286e+02
4.417905300000000466e+02 4.004892400000000521e+02
4.406830500000000370e+02 3.977417500000000246e+02
4.399991500000000428e+02 3.948414600000000405e+02
4.397497000000000185e+02 3.918721800000000144e+02
4.399496300000000133e+02 3.889177300000000059e+02
4.406121499999999855e+02 3.860579099999999926e+02
4.417481199999999717e+02 3.833766400000000090e+02
4.433743399999999610e+02 3.809575899999999820e+02
4.455018699999999399e+02 3.788826999999999998e+02
4.481436499999999228e+02 3.772357400000000212e+02
4.513125999999999181e+02 3.760985500000000457e+02
4.544506999999999266e+02 3.752489500000000362e+02
4.574639699999999038e+02 3.750694300000000112e+02
4.603142999999998892e+02 3.754899000000000342e+02
4.629694899999998938e+02 3.764465300000000525e+02
4.653952299999999127e+02 3.778695300000000543e+02
4.675573799999999096e+02 3.796910300000000689e+02
4.694237099999999145e+02 3.818470600000000559e+02
4.709580099999998879e+02 3.842678100000000541e+02
4.728976299999998787e+02 3.896399200000000747e+02
4.732347599999998806e+02 3.924574400000000765e+02
4.731066399999998566e+02 3.952702400000000580e+02
4.724755699999998342e+02 3.980143300000000863e+02
4.713111699999998336e+02 4.006198600000000738e+02
4.695772399999998470e+02 4.030228900000000749e+02
4.672415299999998410e+02 4.051536300000000779e+02
4.648717599999998242e+02 4.068317100000001005e+02
4.622513399999998001e+02 4.080759600000001228e+02
4.594580099999997742e+02 4.088598800000001461e+02
4.565694599999997649e+02 4.091509000000001492e+02
4.565696500000000242e+02 4.091508600000000229e+02
