6.445194000000000187e+02 2.320444800000000214e+02
6.411523300000000063e+02 2.319461800000000267e+02
6.381310899999999720e+02 2.312001000000000204e+02
6.354647899999999936e+02 2.298881099999999833e+02
6.331682299999999941e+02 2.280920499999999720e+02
6.312563999999999851e+02 2.258956899999999450e+02
6.297402799999999843e+02 2.233828299999998990e+02
6.286327999999999747e+02 2.206353799999999410e+02
6.279488599999999678e+02 2.177350799999999253e+02
6.276994099999999435e+02 2.147658099999998740e+02
6.278993399999999383e+02 2.118113099999998212e+02
6.285618999999999232e+02 2.089515299999998206e+02
6.296978699999999662e+02 2.062702599999997801e+02
6.313240899999999556e+02 2.038512099999998100e+02
6.334516199999999344e+02 2.017763299999998026e+02
6.360933999999999742e+02 2.001293599999997923e+02
6.392623399999999947e+02 1.989921799999998484e+02
6.424004499999999780e+02 1.981425799999998389e+02
6.454137099999999236e+02 1.979630499999998392e+02
6.482640399999999090e+02 1.983835199999998622e+02
6.509192399999999452e+02 1.993401599999998552e+02
6.533449799999999641e+02 2.007631499999998823e+02
6.555071299999999610e+02 2.025846599999998716e+02
6.573734599999999091e+02 2.047406899999998586e+02
6.589077199999999266e+02 2.071614399999998568e+02
6.608473799999999301e+02 2.125335099999998647e+02
6.611845099999999320e+02 2.153510699999998224e+02
6.610563799999998764e+02 2.181638299999998480e+02
6.604253199999998287e+02 2.209079199999998764e+02
6.592609199999998282e+02 2.235134499999999207e+02
6.575269899999998415e+02 2.259165099999999029e+02
6.551912699999998040e+02 2.280472599999999375e+02
6.528215099999997619e+02 2.297253299999999854e+02
6.502010899999997946e+02 2.309695900000000393e+02
6.474077499999998508e+02 2.317535000000000309e+02
6.445192099999998163e+02 2.320445200000000341e+02
6.445194000000000187e+02 2.320444800000000214e+02
