7.875429100000000062e+02 4.343681000000003678e+01
7.841758399999999938e+02 4.333881000000008044e+01
7.811546399999999721e+02 4.259281000000009954e+01
7.784882999999999811e+02 4.128081000000008771e+01
7.761917399999999816e+02 3.948471000000006370e+01
7.742799099999999726e+02 3.728831000000002405e+01
7.727637899999999718e+02 3.477551000000005388e+01
7.716563099999999622e+02 3.202801000000010845e+01
7.709723999999999933e+02 2.912771000000009280e+01
7.707229599999999436e+02 2.615851000000009208e+01
7.709232699999998886e+02 2.320401000000003933e+01
7.715857799999998861e+02 2.034421000000008917e+01
7.727217599999999038e+02 1.766291000000012446e+01
7.743480099999999311e+02 1.524391000000014174e+01
7.764755099999999857e+02 1.316891000000009626e+01
7.791172900000000254e+02 1.152201000000013664e+01
7.822862300000000459e+02 1.038481000000012955e+01
7.854243400000000292e+02 9.535210000000120090e+00
7.884375999999999749e+02 9.355710000000158288e+00
7.912879299999999603e+02 9.776210000000105538e+00
7.939431299999999965e+02 1.073281000000008589e+01
7.963688999999999396e+02 1.215581000000008771e+01
7.985310199999998986e+02 1.397731000000010226e+01
8.003973499999998467e+02 1.613331000000005133e+01
8.019316099999998642e+02 1.855411000000003696e+01
8.038712699999998677e+02 2.392621000000008280e+01
8.042083999999998696e+02 2.674371000000007825e+01
8.040802699999998140e+02 2.955651000000011663e+01
8.034492099999997663e+02 3.230061000000011973e+01
8.022847699999997531e+02 3.490611000000012609e+01
8.005508699999998043e+02 3.730921000000012100e+01
7.982151599999998552e+02 3.943991000000016811e+01
7.958453599999998005e+02 4.111801000000014028e+01
7.932249399999998332e+02 4.236221000000011827e+01
7.904316399999997884e+02 4.314621000000011009e+01
7.875430599999997412e+02 4.343721000000016375e+01
7.875429100000000062e+02 4.343681000000003678e+01
