5.617948300000000472e+02 3.637311100000000010e+02
5.584277600000000348e+02 3.636328100000000063e+02
5.554065600000000131e+02 3.628867300000000000e+02
5.527402100000000473e+02 3.615747499999999945e+02
5.504436600000000226e+02 3.597786800000000085e+02
5.485318200000000388e+02 3.575823199999999815e+02
5.470157000000000380e+02 3.550694599999999923e+02
5.459082200000000284e+02 3.523220099999999775e+02
5.452243200000000343e+02 3.494217099999999618e+02
5.449748700000000099e+02 3.464524399999999105e+02
5.451751900000000433e+02 3.434979799999998704e+02
5.458377000000000407e+02 3.406381699999998318e+02
5.469736700000000837e+02 3.379568899999998166e+02
5.485999300000000858e+02 3.355378399999998464e+02
5.507274600000000646e+02 3.334629599999998391e+02
5.533692000000000917e+02 3.318159599999997909e+02
5.565381800000001249e+02 3.306788099999997712e+02
5.596762500000000955e+02 3.298292099999997617e+02
5.626895200000001296e+02 3.296496799999997620e+02
5.655398500000001150e+02 3.300701499999997850e+02
5.681950400000000627e+02 3.310267899999997780e+02
5.706208200000000943e+02 3.324497799999998051e+02
5.727829300000000785e+02 3.342712499999997817e+02
5.746492600000000266e+02 3.364272799999997687e+02
5.761835600000000568e+02 3.388480699999997796e+02
5.781231800000000476e+02 3.442201399999997875e+02
5.784599400000000742e+02 3.470376999999997452e+02
5.783318100000000186e+02 3.498504599999997708e+02
5.777007800000000088e+02 3.525945499999997992e+02
5.765363399999999956e+02 3.552000799999997867e+02
5.748024100000000089e+02 3.576031399999997689e+02
5.724667399999999589e+02 3.597338899999997466e+02
5.700969399999999041e+02 3.614119599999997376e+02
5.674765099999998483e+02 3.626562199999997347e+02
5.646831799999998793e+02 3.634401299999997264e+02
5.617946399999998448e+02 3.637311599999997043e+02
5.617948300000000472e+02 3.637311100000000010e+02
