6.898624200000000428e+02 5.990189299999999548e+02
6.864955800000000181e+02 5.989127200000000357e+02
6.834761100000000624e+02 5.981595400000001064e+02
6.808128700000000890e+02 5.968412800000000971e+02
6.785205500000000711e+02 5.950398400000000265e+02
6.766138500000000704e+02 5.928389799999999923e+02
6.751036300000000665e+02 5.903226100000000542e+02
6.740026100000001179e+02 5.875725500000000920e+02
6.733255100000001221e+02 5.846706699999999728e+02
6.730832400000001599e+02 5.817007900000000973e+02
6.732903600000001916e+02 5.787467900000000327e+02
6.739596000000001368e+02 5.758885600000000977e+02
6.751018500000001268e+02 5.732099700000001121e+02
6.767337800000001380e+02 5.707947400000000471e+02
6.788661500000001752e+02 5.687248400000000856e+02
6.815117800000001580e+02 5.670840700000001107e+02
6.846834100000002081e+02 5.659543400000000020e+02
6.878234800000002451e+02 5.651121400000000676e+02
6.908371600000002672e+02 5.649394200000000410e+02
6.936865100000002258e+02 5.653665399999999863e+02
6.963394300000002204e+02 5.663294200000000274e+02
6.987618500000002086e+02 5.677581099999999878e+02
7.009197300000001860e+02 5.695846900000000232e+02
7.027810000000001764e+02 5.717451000000000931e+02
7.043095900000001848e+02 5.741694400000000087e+02
7.062365800000002309e+02 5.795460500000000366e+02
7.065669100000002345e+02 5.823644000000000460e+02
7.064323600000002443e+02 5.851768600000000333e+02
7.057948700000002873e+02 5.879194800000000214e+02
7.046243500000002769e+02 5.905222499999999854e+02
7.028847800000003190e+02 5.929212300000000369e+02
7.005440800000003492e+02 5.950464900000000625e+02
6.981703500000003260e+02 5.967189700000001267e+02
6.955470200000003160e+02 5.979571100000000570e+02
6.927518700000002809e+02 5.987344400000000633e+02
6.898626500000002579e+02 5.990186600000000681e+02
6.898624200000000428e+02 5.990189299999999548e+02
