8.689468600000000151e+02 3.791699800000000096e+02
8.655797900000000027e+02 3.790716800000000148e+02
8.625585499999999683e+02 3.783256000000000085e+02
8.598922099999999773e+02 3.770136200000000031e+02
8.575956899999999905e+02 3.752175500000000170e+02
8.556838099999999940e+02 3.730211899999999901e+02
8.541676999999999680e+02 3.705083300000000008e+02
8.530602199999999584e+02 3.677608399999999733e+02
8.523763099999999895e+02 3.648605799999999704e+02
8.521268599999999651e+02 3.618913099999999758e+02
8.523267999999999347e+02 3.589368199999999547e+02
8.529893499999999449e+02 3.560770399999999540e+02
8.541252899999999499e+02 3.533957299999999577e+02
8.557515399999999772e+02 3.509767099999999118e+02
8.578790799999999308e+02 3.489017899999998917e+02
8.605208199999999579e+02 3.472548199999998815e+02
8.636897999999999911e+02 3.461176399999999376e+02
8.668278699999999617e+02 3.452680799999999408e+02
8.698411399999999958e+02 3.450885499999999411e+02
8.726914299999999685e+02 3.455089899999999261e+02
8.753466199999999162e+02 3.464656599999999571e+02
8.777723999999999478e+02 3.478886499999999842e+02
8.799345499999999447e+02 3.497101599999999735e+02
8.818008799999998928e+02 3.518661899999999605e+02
8.833351399999999103e+02 3.542869399999999587e+02
8.852747999999999138e+02 3.596590099999999666e+02
8.856119299999999157e+02 3.624765699999999811e+02
8.854838099999999486e+02 3.652893300000000067e+02
8.848527399999999261e+02 3.680334199999999782e+02
8.836883399999999256e+02 3.706389499999999657e+02
8.819544099999999389e+02 3.730420099999999479e+02
8.796186999999999898e+02 3.751727599999999256e+02
8.772489299999999730e+02 3.768508299999999167e+02
8.746285100000000057e+02 3.780950899999999137e+02
8.718352099999999609e+02 3.788789999999999054e+02
8.689466699999999264e+02 3.791700199999999086e+02
8.689468600000000151e+02 3.791699800000000096e+02
