6.022288200000000415e+02 2.201852499999999964e+02
5.988617500000000291e+02 2.200869500000000016e+02
5.958405500000000075e+02 2.193408299999999826e+02
5.931742000000000417e+02 2.180288799999999583e+02
5.908776500000000169e+02 2.162328099999999722e+02
5.889658100000000331e+02 2.140364499999999452e+02
5.874496900000000323e+02 2.115235999999999876e+02
5.863422199999999975e+02 2.087761100000000170e+02
5.856583100000000286e+02 2.058758500000000140e+02
5.854088600000000042e+02 2.029065799999999626e+02
5.856091800000000376e+02 1.999520799999999099e+02
5.862716900000000351e+02 1.970922999999999092e+02
5.874076700000000528e+02 1.944109899999998561e+02
5.890339200000000801e+02 1.919919799999998986e+02
5.911614200000001347e+02 1.899170599999998785e+02
5.938031900000000860e+02 1.882700899999998683e+02
5.969721400000000813e+02 1.871329099999999244e+02
6.001102400000000898e+02 1.862833499999999276e+02
6.031235100000001239e+02 1.861038199999999279e+02
6.059738400000001093e+02 1.865242499999999382e+02
6.086290300000000570e+02 1.874808899999999312e+02
6.110548100000000886e+02 1.889039199999999710e+02
6.132169300000000476e+02 1.907253899999999476e+02
6.150832599999999957e+02 1.928814199999999346e+02
6.166175200000000132e+02 1.953022099999999455e+02
6.185571700000000419e+02 2.006742799999999534e+02
6.188939300000000685e+02 2.034918399999999110e+02
6.187658000000000129e+02 2.063045999999999367e+02
6.181347299999999905e+02 2.090486899999999650e+02
6.169702999999999520e+02 2.116542200000000093e+02
6.152364000000000033e+02 2.140572799999999916e+02
6.129006900000000542e+02 2.161880300000000261e+02
6.105309300000000121e+02 2.178661000000000740e+02
6.079105100000000448e+02 2.191103600000001279e+02
6.051171700000001010e+02 2.198942700000001196e+02
6.022285900000000538e+02 2.201852900000001227e+02
6.022288200000000415e+02 2.201852499999999964e+02
