6.123103200000000470e+02 2.600980100000000448e+02
6.089432500000000346e+02 2.599997100000000501e+02
6.059220400000000382e+02 2.592536400000000185e+02
6.032557000000000471e+02 2.579416499999999814e+02
6.009591500000000224e+02 2.561456200000000081e+02
5.990473100000000386e+02 2.539492199999999684e+02
5.975311900000000378e+02 2.514363599999999224e+02
5.964237100000000282e+02 2.486889099999999644e+02
5.957398100000000341e+02 2.457886199999999235e+02
5.954903600000000097e+02 2.428193399999998974e+02
5.956902999999999793e+02 2.398648899999999458e+02
5.963528499999999894e+02 2.370050699999999324e+02
5.974887800000000198e+02 2.343237999999998920e+02
5.991150400000000218e+02 2.319047499999999218e+02
6.012425700000000006e+02 2.298298599999999396e+02
6.038843100000000277e+02 2.281828999999999041e+02
6.070533000000000357e+02 2.270457099999998718e+02
6.101913600000000315e+02 2.261961099999998623e+02
6.132046300000000656e+02 2.260165799999998626e+02
6.160549600000000510e+02 2.264370599999998603e+02
6.187101499999999987e+02 2.273936899999998786e+02
6.211359300000000303e+02 2.288166799999999057e+02
6.232980400000000145e+02 2.306381899999998950e+02
6.251643800000000510e+02 2.327942199999998820e+02
6.266986700000001065e+02 2.352149699999998802e+02
6.286382900000000973e+02 2.405870799999999008e+02
6.289754200000000992e+02 2.434046399999998584e+02
6.288473000000001321e+02 2.462173999999998841e+02
6.282162300000001096e+02 2.489614899999999125e+02
6.270518300000001091e+02 2.515670199999999568e+02
6.253179000000001224e+02 2.539700499999999010e+02
6.229821900000001733e+02 2.561007899999998472e+02
6.206124300000001313e+02 2.577788599999998951e+02
6.179920000000000755e+02 2.590231599999998480e+02
6.151986700000001065e+02 2.598070299999998269e+02
6.123100900000000593e+02 2.600980599999998049e+02
6.123103200000000470e+02 2.600980100000000448e+02
