7.379875100000000430e+02 1.442131200000000035e+02
7.346204400000000305e+02 1.441148200000000088e+02
7.315992300000000341e+02 1.433687400000000025e+02
7.289328900000000431e+02 1.420567499999999654e+02
7.266363400000000183e+02 1.402606799999999794e+02
7.247245000000000346e+02 1.380643199999999524e+02
7.232083800000000338e+02 1.355514599999999064e+02
7.221009400000000369e+02 1.328039699999999357e+02
7.214170000000000300e+02 1.299037199999999075e+02
7.211675500000000056e+02 1.269344099999999571e+02
7.213678599999999506e+02 1.239799499999999171e+02
7.220304199999999355e+02 1.211201299999999037e+02
7.231663499999999658e+02 1.184388599999998632e+02
7.247926099999999678e+02 1.160198099999998931e+02
7.269201399999999467e+02 1.139449299999998857e+02
7.295619199999999864e+02 1.122979199999998627e+02
7.327308600000000069e+02 1.111607699999998431e+02
7.358689299999999776e+02 1.103111699999998336e+02
7.388822000000000116e+02 1.101316499999998086e+02
7.417325299999999970e+02 1.105521199999998316e+02
7.443877199999999448e+02 1.115087599999998247e+02
7.468134999999999764e+02 1.129317499999998518e+02
7.489756099999999606e+02 1.147532499999998663e+02
7.508419399999999087e+02 1.169092799999998533e+02
7.523762399999999388e+02 1.193300299999998515e+02
7.543158999999999423e+02 1.247021399999998721e+02
7.546526499999999942e+02 1.275196699999999055e+02
7.545245300000000270e+02 1.303324699999999439e+02
7.538934600000000046e+02 1.330765499999999975e+02
7.527290600000000040e+02 1.356820800000000418e+02
7.509951300000000174e+02 1.380851499999999987e+02
7.486594200000000683e+02 1.402158899999999448e+02
7.462896200000000135e+02 1.418939699999999675e+02
7.436692299999999705e+02 1.431382199999999330e+02
7.408759000000000015e+02 1.439221399999998994e+02
7.379873199999999542e+02 1.442131599999999025e+02
7.379875100000000430e+02 1.442131200000000035e+02
