9.560019200000000410e+02 2.459223600000000260e+02
9.526348500000000286e+02 2.458240600000000313e+02
9.496136400000000322e+02 2.450779800000000250e+02
9.469473400000000538e+02 2.437659899999999880e+02
9.446507500000000164e+02 2.419699600000000146e+02
9.427389500000000453e+02 2.397735999999999876e+02
9.412228300000000445e+02 2.372607399999999416e+02
9.401153500000000349e+02 2.345132499999999709e+02
9.394314500000000407e+02 2.316129599999999300e+02
9.391820000000000164e+02 2.286436899999998786e+02
9.393823099999999613e+02 2.256892299999998386e+02
9.400448299999999335e+02 2.228294099999998252e+02
9.411807999999999765e+02 2.201481399999997848e+02
9.428070199999999659e+02 2.177290899999998146e+02
9.449345099999999320e+02 2.156542099999998072e+02
9.475763299999999845e+02 2.140072399999997970e+02
9.507453100000000177e+02 2.128700499999997646e+02
9.538832999999999629e+02 2.120204499999997552e+02
9.568966100000000097e+02 2.118409299999997302e+02
9.597468999999999824e+02 2.122613999999997532e+02
9.624020899999999301e+02 2.132180399999997462e+02
9.648279099999999744e+02 2.146410299999997733e+02
9.669900199999999586e+02 2.164625299999997878e+02
9.688563899999999194e+02 2.186185599999997748e+02
9.703906099999999242e+02 2.210393499999997857e+02
9.723303099999999404e+02 2.264114199999997936e+02
9.726670599999999922e+02 2.292289799999997513e+02
9.725389400000000251e+02 2.320417499999997517e+02
9.719078299999999899e+02 2.347858299999998053e+02
9.707434299999999894e+02 2.373913699999998244e+02
9.690095400000000154e+02 2.397944299999998066e+02
9.666738300000000663e+02 2.419251699999997527e+02
9.643040600000000495e+02 2.436032499999997754e+02
9.616836400000000822e+02 2.448474999999997408e+02
9.588903400000000374e+02 2.456313799999996945e+02
9.560017300000000660e+02 2.459223999999996977e+02
9.560019200000000410e+02 2.459223600000000260e+02
