6.492377999999999929e+02 5.879631400000000667e+02
6.458707299999999805e+02 5.878648399999999583e+02
6.428495299999999588e+02 5.871187600000000657e+02
6.401831799999999930e+02 5.858067700000000286e+02
6.378866299999999683e+02 5.840107000000000426e+02
6.359747899999999845e+02 5.818143400000000156e+02
6.344586699999999837e+02 5.793014900000000580e+02
6.333511999999999489e+02 5.765539999999999736e+02
6.326672899999999800e+02 5.736537399999999707e+02
6.324178399999999556e+02 5.706844599999999446e+02
6.326177799999999252e+02 5.677299699999998666e+02
6.332803299999999354e+02 5.648701899999998659e+02
6.344162699999999404e+02 5.621889199999999391e+02
6.360425199999999677e+02 5.597698699999998553e+02
6.381700599999999213e+02 5.576949499999998352e+02
6.408117899999999736e+02 5.560479799999998249e+02
6.439807799999999816e+02 5.549107999999998810e+02
6.471188399999999774e+02 5.540612299999997958e+02
6.501321100000000115e+02 5.538817099999998845e+02
6.529824399999999969e+02 5.543021799999999075e+02
6.556376299999999446e+02 5.552587799999998879e+02
6.580634099999999762e+02 5.566818099999998140e+02
6.602255299999999352e+02 5.585033099999998285e+02
6.620918599999998833e+02 5.606593099999997776e+02
6.636261599999999135e+02 5.630800899999998137e+02
6.655658099999999422e+02 5.684521599999998216e+02
6.659029399999999441e+02 5.712697199999997792e+02
6.657748199999999770e+02 5.740824899999997797e+02
6.651437499999999545e+02 5.768265799999998080e+02
6.639793199999999160e+02 5.794321099999997386e+02
6.622453799999999546e+02 5.818351699999998345e+02
6.599097099999999045e+02 5.839659099999997807e+02
6.575399099999998498e+02 5.856439899999998033e+02
6.549194899999998825e+02 5.868882399999997688e+02
6.521261899999998377e+02 5.876721599999998489e+02
6.492376099999997905e+02 5.879631799999998520e+02
6.492377999999999929e+02 5.879631400000000667e+02
