7.750456199999999853e+02 4.683808000000000220e+02
7.716785499999999729e+02 4.682825000000000273e+02
7.686573099999999386e+02 4.675364200000000210e+02
7.659910099999999602e+02 4.662244300000000408e+02
7.636944499999999607e+02 4.644283600000000547e+02
7.617826199999999517e+02 4.622320000000000277e+02
7.602664999999999509e+02 4.597191500000000133e+02
7.591590199999999413e+02 4.569716999999999985e+02
7.584751099999999724e+02 4.540713999999999828e+02
7.582256599999999480e+02 4.511021299999999883e+02
7.584259799999999814e+02 4.481476299999999924e+02
7.590884899999999789e+02 4.452878499999999917e+02
7.602244699999999966e+02 4.426065800000000081e+02
7.618507200000000239e+02 4.401875299999999811e+02
7.639782200000000785e+02 4.381126499999999737e+02
7.666200000000001182e+02 4.364656399999999508e+02
7.697889400000001388e+02 4.353284599999999500e+02
7.729270400000001473e+02 4.344788899999999217e+02
7.759403100000001814e+02 4.342993699999998967e+02
7.787906400000001668e+02 4.347198399999999197e+02
7.814458000000001903e+02 4.356764799999999127e+02
7.838716100000001461e+02 4.370994699999999398e+02
7.860337300000001051e+02 4.389209699999999543e+02
7.879000600000000532e+02 4.410770099999999729e+02
7.894343200000000706e+02 4.434977499999999964e+02
7.913739700000000994e+02 4.488698200000000043e+02
7.917111100000000761e+02 4.516873899999999935e+02
7.915829800000000205e+02 4.545001500000000192e+02
7.909519099999999980e+02 4.572442399999999907e+02
7.897874799999999595e+02 4.598497699999999782e+02
7.880535499999999729e+02 4.622528299999999604e+02
7.857178699999999480e+02 4.643835799999999381e+02
7.833480699999998933e+02 4.660616499999999292e+02
7.807276499999999260e+02 4.673059099999999262e+02
7.779343099999999822e+02 4.680898199999999179e+02
7.750457699999999477e+02 4.683808399999999210e+02
7.750456199999999853e+02 4.683808000000000220e+02
