7.131604300000000194e+02 5.255961300000000165e+02
7.097933699999999817e+02 5.254978300000000218e+02
7.067721199999999726e+02 5.247517500000000155e+02
7.041058199999999943e+02 5.234397599999999784e+02
7.018092599999999948e+02 5.216436900000001060e+02
6.998974299999999857e+02 5.194473400000000538e+02
6.983812699999999722e+02 5.169344800000001214e+02
6.972738299999999754e+02 5.141870300000000498e+02
6.965898899999999685e+02 5.112867300000000341e+02
6.963404399999999441e+02 5.083174600000000396e+02
6.965407499999998890e+02 5.053629600000000437e+02
6.972033099999998740e+02 5.025031800000000430e+02
6.983392799999999170e+02 4.998218700000000467e+02
6.999654999999999063e+02 4.974028600000000324e+02
7.020930299999998851e+02 4.953279400000000123e+02
7.047348099999999249e+02 4.936809700000000021e+02
7.079037499999999454e+02 4.925437900000000013e+02
7.110418199999999160e+02 4.916942300000000046e+02
7.140551199999998744e+02 4.915147000000000048e+02
7.169054499999998598e+02 4.919351300000000151e+02
7.195606099999998833e+02 4.928918100000000209e+02
7.219863899999999148e+02 4.943148000000000479e+02
7.241485399999999117e+02 4.961362700000000245e+02
7.260148699999998598e+02 4.982923000000000116e+02
7.275491299999998773e+02 5.007130900000000224e+02
7.294887899999998808e+02 5.060851600000000303e+02
7.298255399999999327e+02 5.089027200000000448e+02
7.296974199999999655e+02 5.117154800000000705e+02
7.290663899999999558e+02 5.144595700000000988e+02
7.279019499999999425e+02 5.170651000000000295e+02
7.261680199999999559e+02 5.194681600000001254e+02
7.238323499999999058e+02 5.215989100000000462e+02
7.214625399999998763e+02 5.232769800000000942e+02
7.188421199999999089e+02 5.245212400000000343e+02
7.160487899999999399e+02 5.253051500000000260e+02
7.131602399999999307e+02 5.255961700000000292e+02
7.131604300000000194e+02 5.255961300000000165e+02
