9.236614799999999832e+02 2.734700000000000273e+02
9.202944499999999834e+02 2.733717000000000326e+02
9.172732099999999491e+02 2.726256200000000263e+02
9.146068699999999581e+02 2.713136400000000776e+02
9.123103099999999586e+02 2.695175700000000916e+02
9.103984799999999495e+02 2.673212100000000646e+02
9.088823599999999487e+02 2.648083500000000186e+02
9.077748799999999392e+02 2.620608600000000479e+02
9.070909699999999702e+02 2.591606000000000449e+02
9.068415299999999206e+02 2.561913299999999936e+02
9.070418399999998655e+02 2.532368699999999535e+02
9.077043899999998757e+02 2.503770599999999149e+02
9.088403299999998808e+02 2.476957799999998997e+02
9.104665799999999081e+02 2.452767399999999043e+02
9.125941199999998616e+02 2.432018499999999221e+02
9.152358599999998887e+02 2.415548499999998739e+02
9.184048399999999219e+02 2.404176599999998416e+02
9.215429099999998925e+02 2.395680999999998448e+02
9.245561699999998382e+02 2.393885699999998451e+02
9.274065399999998363e+02 2.398090399999998681e+02
9.300616999999998598e+02 2.407656799999998611e+02
9.324874699999998029e+02 2.421886699999998882e+02
9.346496299999997746e+02 2.440101799999998775e+02
9.365159199999998236e+02 2.461662099999998645e+02
9.380502199999998538e+02 2.485869599999998627e+02
9.399898399999998446e+02 2.539590699999998833e+02
9.403269699999998466e+02 2.567765899999998283e+02
9.401988399999997910e+02 2.595893499999998539e+02
9.395678499999997939e+02 2.623334399999998823e+02
9.384033799999997427e+02 2.649389699999999266e+02
9.366694799999997940e+02 2.673420299999999088e+02
9.343337699999998449e+02 2.694727799999999434e+02
9.319640099999998029e+02 2.711508499999999913e+02
9.293435899999998355e+02 2.723951100000000451e+02
9.265502499999998918e+02 2.731790200000000368e+02
9.236616699999998445e+02 2.734700500000000147e+02
9.236614799999999832e+02 2.734700000000000273e+02
