6.817599999999999909e+02 5.580622799999999870e+02
6.783929699999999912e+02 5.579639799999999923e+02
6.753717299999999568e+02 5.572178999999999860e+02
6.727054200000000037e+02 5.559059600000000501e+02
6.704088299999999663e+02 5.541098899999999503e+02
6.684969999999999573e+02 5.519135300000000370e+02
6.669808799999999565e+02 5.494006699999999910e+02
6.658733999999999469e+02 5.466531800000000203e+02
6.651894899999999780e+02 5.437529199999999037e+02
6.649400399999999536e+02 5.407836499999999660e+02
6.651399799999999232e+02 5.378291500000000269e+02
6.658025299999999334e+02 5.349693800000000010e+02
6.669384699999999384e+02 5.322880699999999479e+02
6.685647199999999657e+02 5.298690199999998640e+02
6.706922599999999193e+02 5.277941299999999956e+02
6.733339999999999463e+02 5.261471599999999853e+02
6.765029799999999796e+02 5.250099799999999277e+02
6.796410499999999502e+02 5.241603799999999183e+02
6.826543099999998958e+02 5.239808499999999185e+02
6.855046799999998939e+02 5.244013199999999415e+02
6.881598399999999174e+02 5.253579599999999346e+02
6.905856099999998605e+02 5.267809499999999616e+02
6.927477699999998322e+02 5.286024599999999509e+02
6.946140999999997803e+02 5.307584899999999379e+02
6.961483599999997978e+02 5.331792799999999488e+02
6.980880099999998265e+02 5.385513499999999567e+02
6.984251499999998032e+02 5.413689099999999144e+02
6.982970199999997476e+02 5.441816699999999400e+02
6.976659499999997252e+02 5.469257599999999684e+02
6.965015199999996867e+02 5.495312899999998990e+02
6.947675899999997000e+02 5.519343499999999949e+02
6.924319099999996752e+02 5.540650999999999158e+02
6.900621099999996204e+02 5.557431699999999637e+02
6.874416899999996531e+02 5.569874299999999039e+02
6.846483499999997093e+02 5.577712999999998829e+02
6.817597699999996621e+02 5.580623299999998608e+02
6.817599999999999909e+02 5.580622799999999870e+02
