7.447219499999999925e+02 4.994861300000000028e+02
7.413548899999999549e+02 4.993878300000000081e+02
7.383336799999999585e+02 4.986417099999999891e+02
7.356673399999999674e+02 4.973297599999999647e+02
7.333707799999999679e+02 4.955336899999999787e+02
7.314589499999999589e+02 4.933373299999999517e+02
7.299428299999999581e+02 4.908244799999999373e+02
7.288353899999999612e+02 4.880769899999999097e+02
7.281514499999999543e+02 4.851767299999999068e+02
7.279019999999999300e+02 4.822074499999998807e+02
7.281023099999998749e+02 4.792529599999998595e+02
7.287648599999998851e+02 4.763931799999998589e+02
7.299007999999998901e+02 4.737118699999998626e+02
7.315270599999998922e+02 4.712928199999998355e+02
7.336545899999998710e+02 4.692179399999998282e+02
7.362963299999998981e+02 4.675709699999998179e+02
7.394653099999999313e+02 4.664337799999998424e+02
7.426033799999999019e+02 4.655842199999998456e+02
7.456166399999998475e+02 4.654046899999998459e+02
7.484669699999998329e+02 4.658251299999998309e+02
7.511221699999998691e+02 4.667817699999998240e+02
7.535479399999999259e+02 4.682047999999998069e+02
7.557100599999998849e+02 4.700262599999998088e+02
7.575763899999998330e+02 4.721822899999997958e+02
7.591106899999998632e+02 4.746030799999998067e+02
7.610503399999998919e+02 4.799751499999998146e+02
7.613870999999999185e+02 4.827927099999998291e+02
7.612589699999998629e+02 4.856054799999998295e+02
7.606279099999998152e+02 4.883495699999998578e+02
7.594635099999998147e+02 4.909550999999998453e+02
7.577295799999998280e+02 4.933581599999998275e+02
7.553938599999997905e+02 4.954889099999998052e+02
7.530240599999997357e+02 4.971669799999997963e+02
7.504036799999997811e+02 4.984112399999997933e+02
7.476103399999998373e+02 4.991951499999997850e+02
7.447217599999997901e+02 4.994861699999997882e+02
7.447219499999999925e+02 4.994861300000000028e+02
