6.174995999999999867e+02 6.192768499999999676e+02
6.141325399999999490e+02 6.191785499999999729e+02
6.111112899999999399e+02 6.184324799999999414e+02
6.084449899999999616e+02 6.171204900000000180e+02
6.061484299999999621e+02 6.153244600000000446e+02
6.042365999999999531e+02 6.131280600000000049e+02
6.027204399999999396e+02 6.106151999999999589e+02
6.016129999999999427e+02 6.078677500000000009e+02
6.009290999999999485e+02 6.049674499999999853e+02
6.006796499999999241e+02 6.019981800000000476e+02
6.008795799999999190e+02 5.990437299999999823e+02
6.015420999999998912e+02 5.961839099999999689e+02
6.026780699999999342e+02 5.935026399999999285e+02
6.043043299999999363e+02 5.910835899999999583e+02
6.064318199999999024e+02 5.890086999999999762e+02
6.090735999999999422e+02 5.873617299999999659e+02
6.122425399999999627e+02 5.862245499999999083e+02
6.153806499999999460e+02 5.853749499999998989e+02
6.183939099999998916e+02 5.851954200000000128e+02
6.212442499999998518e+02 5.856159000000000106e+02
6.238993999999999005e+02 5.865725299999999152e+02
6.263252199999999448e+02 5.879955199999999422e+02
6.284873299999999290e+02 5.898170299999999315e+02
6.303536599999998771e+02 5.919730600000000322e+02
6.318879199999998946e+02 5.943938100000000304e+02
6.338275799999998981e+02 5.997659200000000510e+02
6.341647099999999000e+02 6.025834399999999960e+02
6.340365899999999328e+02 6.053962400000000343e+02
6.334055199999999104e+02 6.081403299999999490e+02
6.322410799999998972e+02 6.107458599999999933e+02
6.305071899999999232e+02 6.131488799999999628e+02
6.281714799999999741e+02 6.152796299999999974e+02
6.258017099999999573e+02 6.169576999999999316e+02
6.231812499999999773e+02 6.182019599999999855e+02
6.203879600000000210e+02 6.189858699999999772e+02
6.174993799999999737e+02 6.192768999999999551e+02
6.174995999999999867e+02 6.192768499999999676e+02
