8.055885500000000548e+02 4.394203299999999786e+02
8.022214800000000423e+02 4.393220299999999838e+02
7.992002400000000080e+02 4.385759199999999964e+02
7.965339300000000549e+02 4.372639699999999721e+02
7.942373800000000301e+02 4.354678999999999860e+02
7.923255400000000463e+02 4.332715399999999590e+02
7.908093800000000329e+02 4.307586799999999698e+02
7.897019400000000360e+02 4.280112299999999550e+02
7.890180400000000418e+02 4.251109399999999710e+02
7.887685900000000174e+02 4.221416599999999448e+02
7.889689100000000508e+02 4.191871699999999237e+02
7.896314200000000483e+02 4.163273999999998978e+02
7.907673900000000913e+02 4.136460799999998699e+02
7.923936100000000806e+02 4.112270699999998556e+02
7.945211400000000594e+02 4.091521899999998482e+02
7.971629200000000992e+02 4.075051799999998252e+02
8.003318700000000945e+02 4.063679999999998245e+02
8.034699700000001030e+02 4.055184299999997961e+02
8.064832400000001371e+02 4.053389099999997711e+02
8.093335700000001225e+02 4.057593799999997941e+02
8.119887600000000702e+02 4.067159799999997745e+02
8.144145000000000891e+02 4.081390099999997574e+02
8.165766500000000860e+02 4.099604799999997340e+02
8.184429800000000341e+02 4.121165099999997210e+02
8.199772500000000264e+02 4.145372899999997003e+02
8.219169000000000551e+02 4.199093999999997209e+02
8.222536600000000817e+02 4.227269199999997227e+02
8.221255300000000261e+02 4.255396799999997484e+02
8.214944600000000037e+02 4.282837699999997767e+02
8.203300299999999652e+02 4.308892999999997642e+02
8.185961300000000165e+02 4.332923699999997780e+02
8.162604200000000674e+02 4.354231099999997809e+02
8.138906200000000126e+02 4.371011799999997720e+02
8.112702000000000453e+02 4.383454399999997690e+02
8.084769000000000005e+02 4.391293499999997607e+02
8.055883199999999533e+02 4.394203799999997386e+02
8.055885500000000548e+02 4.394203299999999786e+02
