9.748125700000000506e+02 3.308621399999999539e+02
9.714457700000000386e+02 3.307559299999999212e+02
9.684263000000000829e+02 3.300027499999998781e+02
9.657630600000001095e+02 3.286845199999999068e+02
9.634707400000000916e+02 3.268830499999999120e+02
9.615640400000000909e+02 3.246822299999998904e+02
9.600538200000000870e+02 3.221658199999999397e+02
9.589528000000001384e+02 3.194157599999999775e+02
9.582756600000001299e+02 3.165138799999999719e+02
9.580334000000001424e+02 3.135440399999999954e+02
9.582405100000000857e+02 3.105900400000000445e+02
9.589097900000000436e+02 3.077317700000000968e+02
9.600520400000000336e+02 3.050531800000001112e+02
9.616839300000000321e+02 3.026379500000001599e+02
9.638163400000000820e+02 3.005680500000001985e+02
9.664619700000000648e+02 2.989272800000002235e+02
9.696336000000001150e+02 2.977975400000002537e+02
9.727736300000001393e+02 2.969553500000002941e+02
9.757873500000001741e+02 2.967826300000002675e+02
9.786366600000001199e+02 2.972097500000002128e+02
9.812895900000000893e+02 2.981726200000001654e+02
9.837120400000001155e+02 2.996013200000002143e+02
9.858698800000000801e+02 3.014278900000001613e+02
9.877311500000000706e+02 3.035882700000001932e+02
9.892597400000000789e+02 3.060126500000002352e+02
9.911867700000000241e+02 3.113892900000001873e+02
9.915171000000000276e+02 3.142076100000001588e+02
9.913825500000000375e+02 3.170200700000001461e+02
9.907450600000000804e+02 3.197626800000001595e+02
9.895745000000000573e+02 3.223654600000002119e+02
9.878349300000000994e+02 3.247644400000002634e+02
9.854942300000001296e+02 3.268897000000002890e+02
9.831205400000001191e+02 3.285621800000002395e+02
9.804972100000001092e+02 3.298003200000002835e+02
9.777020200000000614e+02 3.305776500000002898e+02
9.748128000000000384e+02 3.308618700000002946e+02
9.748125700000000506e+02 3.308621399999999539e+02
