7.985234600000000000e+02 3.958358299999999872e+02
7.951563899999999876e+02 3.957375299999999925e+02
7.921351499999999533e+02 3.949914499999999862e+02
7.894688499999999749e+02 3.936794600000000059e+02
7.871722899999999754e+02 3.918833900000000199e+02
7.852604599999999664e+02 3.896870299999999929e+02
7.837443399999999656e+02 3.871741799999999785e+02
7.826368599999999560e+02 3.844267199999999889e+02
7.819529199999999491e+02 3.815264300000000048e+02
7.817034699999999248e+02 3.785571600000000103e+02
7.819037799999998697e+02 3.756026600000000144e+02
7.825663299999998799e+02 3.727428800000000138e+02
7.837023099999998976e+02 3.700616100000000301e+02
7.853285299999998870e+02 3.676425600000000031e+02
7.874560599999998658e+02 3.655676700000000210e+02
7.900978399999999056e+02 3.639207100000000423e+02
7.932667799999999261e+02 3.627835200000000668e+02
7.964048499999998967e+02 3.619339200000000574e+02
7.994181499999998550e+02 3.617544000000000324e+02
8.022684799999998404e+02 3.621748700000000554e+02
8.049236399999998639e+02 3.631315000000000737e+02
8.073494199999998955e+02 3.645545000000000755e+02
8.095115699999998924e+02 3.663760000000000900e+02
8.113778999999998405e+02 3.685320300000000771e+02
8.129121599999998580e+02 3.709527800000000752e+02
8.148518199999998615e+02 3.763248500000000831e+02
8.151885699999999133e+02 3.791424200000000724e+02
8.150604499999999462e+02 3.819551800000000981e+02
8.144294199999999364e+02 3.846992700000000696e+02
8.132649799999999232e+02 3.873048000000000570e+02
8.115310499999999365e+02 3.897078600000000392e+02
8.091953699999999117e+02 3.918386000000000422e+02
8.068255699999998569e+02 3.935166800000000649e+02
8.042051499999998896e+02 3.947609300000000871e+02
8.014118199999999206e+02 3.955448500000001104e+02
7.985232699999999113e+02 3.958358700000001136e+02
7.985234600000000000e+02 3.958358299999999872e+02
