6.421839400000000069e+02 5.436811199999999644e+02
6.388169100000000071e+02 5.435828200000000834e+02
6.357956699999999728e+02 5.428367500000000518e+02
6.331293299999999817e+02 5.415247600000000148e+02
6.308327699999999822e+02 5.397286900000001424e+02
6.289209399999999732e+02 5.375323300000000017e+02
6.274048199999999724e+02 5.350195100000000821e+02
6.262973399999999629e+02 5.322720200000001114e+02
6.256134399999999687e+02 5.293717200000000958e+02
6.253639899999999443e+02 5.264024500000000444e+02
6.255642999999998892e+02 5.234480000000000928e+02
6.262268499999998994e+02 5.205881799999999657e+02
6.273627899999999045e+02 5.179069100000000390e+02
6.289890499999999065e+02 5.154878599999999551e+02
6.311165799999998853e+02 5.134129700000000867e+02
6.337583199999999124e+02 5.117660000000000196e+02
6.369272999999999456e+02 5.106288200000000188e+02
6.400653699999999162e+02 5.097792200000000093e+02
6.430786299999998619e+02 5.095996900000000096e+02
6.459289599999998472e+02 5.100201700000000073e+02
6.485841599999998834e+02 5.109768000000000256e+02
6.510099299999999403e+02 5.123997900000000527e+02
6.531720899999999119e+02 5.142213000000000420e+02
6.550383799999999610e+02 5.163773300000000290e+02
6.565726799999999912e+02 5.187980800000000272e+02
6.585122999999999820e+02 5.241701900000000478e+02
6.588494299999999839e+02 5.269877100000001064e+02
6.587212999999999283e+02 5.298005100000000311e+02
6.580902699999999186e+02 5.325446000000000595e+02
6.569258399999998801e+02 5.351501299999999901e+02
6.551919099999998934e+02 5.375531500000000733e+02
6.528562299999998686e+02 5.396838999999999942e+02
6.504864299999998138e+02 5.413619700000000421e+02
6.478660099999998465e+02 5.426062300000000960e+02
6.450726699999999028e+02 5.433901399999999740e+02
6.421841299999998682e+02 5.436811700000000656e+02
6.421839400000000069e+02 5.436811199999999644e+02
