6.718132699999999886e+02 5.139411400000000185e+02
6.684462099999999509e+02 5.138428400000000238e+02
6.654249699999999166e+02 5.130967600000000175e+02
6.627586599999999635e+02 5.117847700000000373e+02
6.604621099999999387e+02 5.099887000000000512e+02
6.585502699999999550e+02 5.077923500000000558e+02
6.570341499999999542e+02 5.052794900000000666e+02
6.559266699999999446e+02 5.025320400000000518e+02
6.552427299999999377e+02 4.996317400000000362e+02
6.549932799999999133e+02 4.966624700000000416e+02
6.551932199999998829e+02 4.937079700000000457e+02
6.558557699999998931e+02 4.908481900000000451e+02
6.569917399999999361e+02 4.881669200000000615e+02
6.586179599999999255e+02 4.857478700000000345e+02
6.607454899999999043e+02 4.836729900000000271e+02
6.633872699999999440e+02 4.820259700000000294e+02
6.665562199999999393e+02 4.808888300000000413e+02
6.696942799999999352e+02 4.800392500000000382e+02
6.727075899999999820e+02 4.798597200000000385e+02
6.755579199999999673e+02 4.802801900000000614e+02
6.782130700000000161e+02 4.812368100000000481e+02
6.806388500000000477e+02 4.826598100000000500e+02
6.828010000000000446e+02 4.844813200000000393e+02
6.846673299999999927e+02 4.866373500000000263e+02
6.862015999999999849e+02 4.890581000000000245e+02
6.881412500000000136e+02 4.944302000000000135e+02
6.884783800000000156e+02 4.972477299999999900e+02
6.883502600000000484e+02 5.000605299999999716e+02
6.877191900000000260e+02 5.028046199999999999e+02
6.865547599999999875e+02 5.054101499999999874e+02
6.848208200000000261e+02 5.078131700000000137e+02
6.824851499999999760e+02 5.099439199999999914e+02
6.801153499999999212e+02 5.116219899999999825e+02
6.774949299999999539e+02 5.128662500000000364e+02
6.747015900000000101e+02 5.136501599999999144e+02
6.718130499999999756e+02 5.139411800000000312e+02
6.718132699999999886e+02 5.139411400000000185e+02
