8.611314899999999852e+02 3.347083400000000211e+02
8.577644199999999728e+02 3.346100400000000263e+02
8.547431799999999384e+02 3.338639600000000200e+02
8.520768699999999853e+02 3.325520099999999957e+02
8.497803199999999606e+02 3.307559400000000096e+02
8.478684799999999768e+02 3.285595799999999826e+02
8.463523199999999633e+02 3.260467199999999366e+02
8.452448799999999665e+02 3.232992299999999659e+02
8.445609399999999596e+02 3.203989699999999630e+02
8.443114899999999352e+02 3.174296600000000126e+02
8.445118099999999686e+02 3.144752100000000610e+02
8.451743599999999788e+02 3.116154300000000603e+02
8.463103300000000218e+02 3.089341200000000072e+02
8.479365500000000111e+02 3.065150700000000370e+02
8.500640799999999899e+02 3.044401800000000549e+02
8.527058600000000297e+02 3.027932200000000194e+02
8.558748100000000250e+02 3.016560299999999870e+02
8.590129100000000335e+02 3.008064699999999903e+02
8.620261800000000676e+02 3.006269399999999905e+02
8.648765100000000530e+02 3.010473799999999756e+02
8.675317000000000007e+02 3.020040099999999939e+02
8.699574400000000196e+02 3.034270099999999957e+02
8.721195599999999786e+02 3.052485100000000102e+02
8.739859199999999646e+02 3.074045399999999972e+02
8.755201899999999569e+02 3.098253300000000081e+02
8.774598399999999856e+02 3.151974000000000160e+02
8.777966000000000122e+02 3.180149599999999737e+02
8.776684699999999566e+02 3.208277199999999993e+02
8.770373999999999342e+02 3.235718100000000277e+02
8.758729699999998957e+02 3.261773400000000720e+02
8.741390699999999470e+02 3.285803700000000163e+02
8.718033599999999979e+02 3.307111099999999624e+02
8.694335599999999431e+02 3.323892199999999093e+02
8.668131399999999758e+02 3.336334799999999632e+02
8.640198399999999310e+02 3.344173599999999169e+02
8.611312599999998838e+02 3.347083799999999201e+02
8.611314899999999852e+02 3.347083400000000211e+02
