7.275496799999999666e+02 4.142461799999999812e+02
7.241826099999999542e+02 4.141478799999999865e+02
7.211614099999999326e+02 4.134017999999999802e+02
7.184950699999999415e+02 4.120898099999999999e+02
7.161985099999999420e+02 4.102937400000000139e+02
7.142866799999999330e+02 4.080973900000000185e+02
7.127705599999999322e+02 4.055845300000000293e+02
7.116630799999999226e+02 4.028370400000000018e+02
7.109791699999999537e+02 3.999367799999999988e+02
7.107297199999999293e+02 3.969675100000000043e+02
7.109300399999999627e+02 3.940130100000000084e+02
7.115925899999999729e+02 3.911532300000000077e+02
7.127285299999999779e+02 3.884719600000000241e+02
7.143547800000000052e+02 3.860528800000000160e+02
7.164823199999999588e+02 3.839779900000000339e+02
7.191240599999999858e+02 3.823310200000000236e+02
7.222930400000000191e+02 3.811938400000000229e+02
7.254311000000000149e+02 3.803442800000000261e+02
7.284443700000000490e+02 3.801647500000000264e+02
7.312947000000000344e+02 3.805852200000000494e+02
7.339499000000000706e+02 3.815418200000000297e+02
7.363756700000001274e+02 3.829648500000000126e+02
7.385377900000000864e+02 3.847863199999999892e+02
7.404041200000000345e+02 3.869423499999999763e+02
7.419384200000000646e+02 3.893631399999999871e+02
7.438780300000000807e+02 3.947352099999999950e+02
7.442151700000000574e+02 3.975527700000000095e+02
7.440870400000000018e+02 4.003655300000000352e+02
7.434559699999999793e+02 4.031096200000000636e+02
7.422915399999999408e+02 4.057151500000000510e+02
7.405576399999999921e+02 4.081182100000000332e+02
7.382219300000000430e+02 4.102489600000000110e+02
7.358521299999999883e+02 4.119270300000000020e+02
7.332317100000000210e+02 4.131712899999999991e+02
7.304384099999999762e+02 4.139551999999999907e+02
7.275498299999999290e+02 4.142462199999999939e+02
7.275496799999999666e+02 4.142461799999999812e+02
