8.834685899999999492e+02 2.646122599999999920e+02
8.801015199999999368e+02 2.645139599999999973e+02
8.770802799999999024e+02 2.637678799999999910e+02
8.744139699999999493e+02 2.624559399999999414e+02
8.721174099999999498e+02 2.606598699999999553e+02
8.702055799999999408e+02 2.584635099999999284e+02
8.686894599999999400e+02 2.559506499999998823e+02
8.675819799999999304e+02 2.532031599999999116e+02
8.668980399999999236e+02 2.503028999999999087e+02
8.666485899999998992e+02 2.473335899999999583e+02
8.668488999999998441e+02 2.443791400000000067e+02
8.675114599999998291e+02 2.415193600000000060e+02
8.686474299999998721e+02 2.388380499999999529e+02
8.702736499999998614e+02 2.364190299999999070e+02
8.724011799999998402e+02 2.343441099999998869e+02
8.750429599999998800e+02 2.326971399999998766e+02
8.782119099999998753e+02 2.315599599999999327e+02
8.813500099999998838e+02 2.307103599999999233e+02
8.843632799999999179e+02 2.305308299999999235e+02
8.872136099999999033e+02 2.309513099999999213e+02
8.898687999999998510e+02 2.319079399999999396e+02
8.922945399999998699e+02 2.333309299999999666e+02
8.944566899999998668e+02 2.351524399999999559e+02
8.963230199999998149e+02 2.373084699999999430e+02
8.978572899999998072e+02 2.397292599999999538e+02
8.997969399999998359e+02 2.451013299999999617e+02
9.001336999999998625e+02 2.479188499999999067e+02
9.000055699999998069e+02 2.507316499999999451e+02
8.993744999999997844e+02 2.534757399999999734e+02
8.982100699999997460e+02 2.560812700000000177e+02
8.964761299999997846e+02 2.584842899999999872e+02
8.941404599999997345e+02 2.606150800000000345e+02
8.917706599999996797e+02 2.622931500000000824e+02
8.891502399999997124e+02 2.635374100000001363e+02
8.863568999999997686e+02 2.643212800000001153e+02
8.834683599999997341e+02 2.646123100000000932e+02
8.834685899999999492e+02 2.646122599999999920e+02
