9.124457599999999502e+02 3.916498300000000086e+02
9.090789099999999507e+02 3.915436200000000326e+02
9.060594499999999698e+02 3.907904400000000464e+02
9.033962099999999964e+02 3.894722200000000498e+02
9.011038800000000037e+02 3.876707800000000361e+02
8.991971899999999778e+02 3.854699200000000587e+02
8.976869699999999739e+02 3.829535100000000511e+02
8.965859899999999243e+02 3.802034500000000321e+02
8.959088499999999158e+02 3.773015700000000265e+02
8.956665799999999535e+02 3.743317300000000500e+02
8.958736999999999853e+02 3.713777300000000423e+02
8.965429399999999305e+02 3.685195000000000505e+02
8.976851899999999205e+02 3.658408700000000522e+02
8.993171099999999569e+02 3.634256800000000567e+02
9.014495200000000068e+02 3.613557800000000384e+02
9.040951199999999517e+02 3.597150100000000634e+02
9.072667399999999134e+02 3.585852700000000368e+02
9.104068099999999504e+02 3.577430400000000645e+02
9.134204999999999472e+02 3.575703200000000379e+02
9.162698399999999310e+02 3.579974800000000528e+02
9.189227699999999004e+02 3.589603500000000622e+02
9.213452199999999266e+02 3.603890200000000732e+02
9.235030699999999797e+02 3.622155900000000770e+02
9.253642899999999827e+02 3.643760000000000900e+02
9.268928899999999658e+02 3.668003800000000751e+02
9.288199199999999109e+02 3.721769800000000714e+02
9.291502499999999145e+02 3.749953000000000429e+02
9.290156999999999243e+02 3.778077600000000302e+02
9.283781999999998789e+02 3.805503800000000183e+02
9.272076799999998684e+02 3.831531899999999951e+02
9.254681199999998853e+02 3.855521699999999896e+02
9.231274199999999155e+02 3.876773900000000026e+02
9.207536899999998923e+02 3.893499100000000226e+02
9.181303499999999076e+02 3.905880099999999970e+02
9.153351999999998725e+02 3.913653400000000033e+02
9.124459799999998495e+02 3.916495600000000081e+02
9.124457599999999502e+02 3.916498300000000086e+02
