6.950703800000000001e+02 4.425189799999999991e+02
6.917033099999999877e+02 4.424206800000000044e+02
6.886820699999999533e+02 4.416745999999999981e+02
6.860157199999999875e+02 4.403626100000000179e+02
6.837191699999999628e+02 4.385665800000000445e+02
6.818073299999999790e+02 4.363701900000000364e+02
6.802912099999999782e+02 4.338573700000000599e+02
6.791837399999999434e+02 4.311098800000000324e+02
6.784998299999999745e+02 4.282096200000000294e+02
6.782503799999999501e+02 4.252403500000000349e+02
6.784503199999999197e+02 4.222858500000000390e+02
6.791128699999999299e+02 4.194260300000000257e+02
6.802488099999999349e+02 4.167447600000000421e+02
6.818750599999999622e+02 4.143257200000000466e+02
6.840025999999999158e+02 4.122508300000000645e+02
6.866443699999998671e+02 4.106038600000000542e+02
6.898133199999998624e+02 4.094666800000000535e+02
6.929513799999998582e+02 4.086170800000000440e+02
6.959646899999999050e+02 4.084375500000000443e+02
6.988150199999998904e+02 4.088580200000000673e+02
7.014701799999999139e+02 4.098146600000000603e+02
7.038959499999998570e+02 4.112376500000000874e+02
7.060581099999998287e+02 4.130591600000000767e+02
7.079244399999997768e+02 4.152151900000000637e+02
7.094586999999997943e+02 4.176359400000000619e+02
7.113983499999998230e+02 4.230080400000000509e+02
7.117351099999998496e+02 4.258256100000000401e+02
7.116069799999997940e+02 4.286383700000000658e+02
7.109759099999997716e+02 4.313824600000000373e+02
7.098115199999997458e+02 4.339879900000000248e+02
7.080775799999997844e+02 4.363910500000000070e+02
7.057418699999998353e+02 4.385217600000000289e+02
7.033721099999997932e+02 4.401998700000000326e+02
7.007516899999998259e+02 4.414441300000000297e+02
6.979583499999998821e+02 4.422280000000000086e+02
6.950698099999998476e+02 4.425190200000000118e+02
6.950703800000000001e+02 4.425189799999999991e+02
