9.158202499999999873e+02 2.340528299999999717e+02
9.124531799999999748e+02 2.339545299999999770e+02
9.094319399999999405e+02 2.332084499999999707e+02
9.067656399999999621e+02 2.318964599999999336e+02
9.044690799999999626e+02 2.301003899999999476e+02
9.025572499999999536e+02 2.279040699999999333e+02
9.010410899999999401e+02 2.253911799999999630e+02
8.999336499999999432e+02 2.226437199999999166e+02
8.992497399999999743e+02 2.197434299999998757e+02
8.990002899999999499e+02 2.167741499999998496e+02
8.992006099999999833e+02 2.138196999999998980e+02
8.998631599999999935e+02 2.109598799999998846e+02
9.009991400000000112e+02 2.082786099999998441e+02
9.026253500000000258e+02 2.058595599999998740e+02
9.047528899999999794e+02 2.037846699999998918e+02
9.073946599999999307e+02 2.021377099999998563e+02
9.105636099999999260e+02 2.010005199999998240e+02
9.137017099999999346e+02 2.001509199999998145e+02
9.167149799999999686e+02 1.999713999999997895e+02
9.195653099999999540e+02 2.003918699999998125e+02
9.222204600000000028e+02 2.013484999999998308e+02
9.246462400000000343e+02 2.027714999999998327e+02
9.268084000000000060e+02 2.045929999999998472e+02
9.286747299999999541e+02 2.067490299999998342e+02
9.302089899999999716e+02 2.091698199999998451e+02
9.321486400000000003e+02 2.145418899999998530e+02
9.324854000000000269e+02 2.173594099999997979e+02
9.323572699999999713e+02 2.201722099999998363e+02
9.317261999999999489e+02 2.229162999999998647e+02
9.305617699999999104e+02 2.255218299999999090e+02
9.288278699999999617e+02 2.279248599999998532e+02
9.264921600000000126e+02 2.300555999999997994e+02
9.241223599999999578e+02 2.317337099999997463e+02
9.215019399999999905e+02 2.329779699999998002e+02
9.187086399999999458e+02 2.337618499999997539e+02
9.158200599999998985e+02 2.340528699999997571e+02
9.158202499999999873e+02 2.340528299999999717e+02
