7.577537800000000061e+02 3.829278600000000097e+02
7.543867199999999684e+02 3.828295600000000150e+02
7.513655099999999720e+02 3.820834500000000276e+02
7.486991699999999810e+02 3.807715000000000032e+02
7.464026199999999562e+02 3.789754300000000171e+02
7.444907799999999725e+02 3.767790699999999902e+02
7.429746599999999717e+02 3.742662100000000009e+02
7.418671799999999621e+02 3.715187199999999734e+02
7.411832799999999679e+02 3.686184599999999705e+02
7.409338299999999435e+02 3.656491899999999760e+02
7.411341399999998885e+02 3.626946999999999548e+02
7.417966599999998607e+02 3.598348799999999414e+02
7.429326299999999037e+02 3.571536099999999578e+02
7.445588899999999057e+02 3.547345599999999308e+02
7.466864199999998846e+02 3.526596699999999487e+02
7.493281599999999116e+02 3.510126999999999953e+02
7.524970999999999322e+02 3.498755200000000514e+02
7.556352099999999155e+02 3.490259600000000546e+02
7.586484699999998611e+02 3.488464300000000549e+02
7.614988099999998212e+02 3.492668700000000399e+02
7.641539999999997690e+02 3.502235000000000582e+02
7.665797799999998006e+02 3.516465300000000980e+02
7.687418899999997848e+02 3.534680000000000746e+02
7.706082199999997329e+02 3.556240300000000616e+02
7.721424799999997504e+02 3.580448200000000725e+02
7.740821399999997539e+02 3.634168900000000804e+02
7.744188899999998057e+02 3.662344500000000949e+02
7.742907699999998385e+02 3.690472100000001205e+02
7.736596999999998161e+02 3.717913000000000920e+02
7.724952699999997776e+02 3.743968300000000795e+02
7.707613699999998289e+02 3.767998900000000617e+02
7.684256599999998798e+02 3.789306400000000394e+02
7.660558599999998250e+02 3.806087100000000305e+02
7.634354399999998577e+02 3.818529700000000275e+02
7.606421399999998130e+02 3.826368800000000192e+02
7.577535599999997658e+02 3.829279099999999971e+02
7.577537800000000061e+02 3.829278600000000097e+02
