6.319725700000000188e+02 5.017343299999999999e+02
6.286055099999999811e+02 5.016360300000000052e+02
6.255842699999999468e+02 5.008899499999999989e+02
6.229179599999999937e+02 4.995779600000000187e+02
6.206214099999999689e+02 4.977818900000000326e+02
6.187095299999999725e+02 4.955855300000000057e+02
6.171934099999999717e+02 4.930727100000000291e+02
6.160859699999999748e+02 4.903252200000000016e+02
6.154020299999999679e+02 4.874249300000000176e+02
6.151525799999999435e+02 4.844556499999999915e+02
6.153525199999999131e+02 4.815011900000000082e+02
6.160150699999999233e+02 4.786413800000000265e+02
6.171510099999999284e+02 4.759601000000000113e+02
6.187772599999999557e+02 4.735410499999999843e+02
6.209047899999999345e+02 4.714661699999999769e+02
6.235465699999999742e+02 4.698191999999999666e+02
6.267155199999999695e+02 4.686820199999999659e+02
6.298535799999999654e+02 4.678324199999999564e+02
6.328668900000000122e+02 4.676528899999999567e+02
6.357172199999999975e+02 4.680733599999999797e+02
6.383723700000000463e+02 4.690299999999999727e+02
6.407981500000000779e+02 4.704529899999999998e+02
6.429603000000000748e+02 4.722744999999999891e+02
6.448266300000000228e+02 4.744305299999999761e+02
6.463609000000000151e+02 4.768513199999999870e+02
6.483005500000000438e+02 4.822233799999999633e+02
6.486376800000000458e+02 4.850409099999999398e+02
6.485095600000000786e+02 4.878537099999999214e+02
6.478784900000000562e+02 4.905977999999998929e+02
6.467140600000000177e+02 4.932033299999998803e+02
6.449801600000000690e+02 4.956063599999998814e+02
6.426444500000001199e+02 4.977370999999998844e+02
6.402746500000000651e+02 4.994151799999999071e+02
6.376542300000000978e+02 5.006594299999999294e+02
6.348609300000000530e+02 5.014433499999999526e+02
6.319723500000000058e+02 5.017343699999999558e+02
6.319725700000000188e+02 5.017343299999999999e+02
