5.696829400000000305e+02 5.638196500000000242e+02
5.663158700000000181e+02 5.637213500000000295e+02
5.632946699999999964e+02 5.629752700000000232e+02
5.606283300000000054e+02 5.616632899999999609e+02
5.583317700000000059e+02 5.598672200000000885e+02
5.564199399999999969e+02 5.576708599999999478e+02
5.549038199999999961e+02 5.551580000000000155e+02
5.537963399999999865e+02 5.524105500000000575e+02
5.531124300000000176e+02 5.495102500000000418e+02
5.528629799999999932e+02 5.465409799999999905e+02
5.530629199999999628e+02 5.435864899999999125e+02
5.537254299999999603e+02 5.407267099999999118e+02
5.548614099999999780e+02 5.380454299999998966e+02
5.564876600000000053e+02 5.356263899999999012e+02
5.586151600000000599e+02 5.335515000000000327e+02
5.612569400000000996e+02 5.319044999999999845e+02
5.644258800000001202e+02 5.307673099999999522e+02
5.675639900000001035e+02 5.299177500000000691e+02
5.705772500000000491e+02 5.297382199999999557e+02
5.734275800000000345e+02 5.301586899999999787e+02
5.760827800000000707e+02 5.311153300000000854e+02
5.785085500000000138e+02 5.325383200000001125e+02
5.806706699999999728e+02 5.343598300000001018e+02
5.825369999999999209e+02 5.365158599999999751e+02
5.840712599999999384e+02 5.389366099999999733e+02
5.860109099999999671e+02 5.443087199999999939e+02
5.863480499999999438e+02 5.471262400000000525e+02
5.862199199999998882e+02 5.499390000000000782e+02
5.855888599999998405e+02 5.526831300000001193e+02
5.844244199999998273e+02 5.552886600000000499e+02
5.826905199999998786e+02 5.576916800000001331e+02
5.803548099999999295e+02 5.598224300000000540e+02
5.779850499999998874e+02 5.615005000000001019e+02
5.753645899999999074e+02 5.627447600000000421e+02
5.725712899999998626e+02 5.635286700000000337e+02
5.696827099999998154e+02 5.638197000000000116e+02
5.696829400000000305e+02 5.638196500000000242e+02
