9.057238899999999830e+02 1.908626699999999801e+02
9.023567899999999327e+02 1.907643699999999853e+02
8.993355899999999110e+02 1.900182599999999411e+02
8.966692799999999579e+02 1.887063099999999167e+02
8.943727299999999332e+02 1.869102399999999307e+02
8.924608499999999367e+02 1.847138799999999037e+02
8.909447299999999359e+02 1.822010199999998576e+02
8.898372899999999390e+02 1.794535699999998997e+02
8.891533499999999322e+02 1.765532699999998840e+02
8.889038999999999078e+02 1.735839999999998327e+02
8.891042199999999411e+02 1.706295099999998683e+02
8.897667699999999513e+02 1.677697299999998677e+02
8.909026999999999816e+02 1.650884199999998145e+02
8.925289599999999837e+02 1.626694099999998571e+02
8.946564899999999625e+02 1.605944799999998622e+02
8.972982700000000023e+02 1.589475199999998267e+02
9.004672100000000228e+02 1.578103299999997944e+02
9.036052799999999934e+02 1.569607699999997976e+02
9.066185500000000275e+02 1.567812399999997979e+02
9.094689200000000255e+02 1.572017099999998209e+02
9.121240700000000743e+02 1.581583099999998012e+02
9.145498500000001059e+02 1.595812999999998283e+02
9.167120000000001028e+02 1.614028499999998303e+02
9.185782900000001518e+02 1.635588799999998173e+02
9.201125900000001820e+02 1.659796299999998155e+02
9.220522500000001855e+02 1.713516999999998234e+02
9.223890000000002374e+02 1.741692599999997810e+02
9.222608800000002702e+02 1.769820199999998067e+02
9.216298500000002605e+02 1.797261099999998351e+02
9.204654100000002472e+02 1.823316399999998794e+02
9.187314800000002606e+02 1.847346999999998616e+02
9.163958100000002105e+02 1.868654499999998961e+02
9.140260000000001810e+02 1.885435199999999440e+02
9.114055800000002137e+02 1.897877799999999979e+02
9.086122500000002447e+02 1.905716899999999896e+02
9.057237100000002101e+02 1.908627199999999675e+02
9.057238899999999830e+02 1.908626699999999801e+02
