7.149945300000000543e+02 3.718904699999999934e+02
7.116274600000000419e+02 3.717921699999999987e+02
7.086062200000000075e+02 3.710460499999999797e+02
7.059399200000000292e+02 3.697340999999999553e+02
7.036433600000000297e+02 3.679380299999999693e+02
7.017315300000000207e+02 3.657416799999999739e+02
7.002154100000000199e+02 3.632288199999999847e+02
6.991079300000000103e+02 3.604813299999999572e+02
6.984240200000000414e+02 3.575810699999999542e+02
6.981745700000000170e+02 3.546117999999999597e+02
6.983748900000000503e+02 3.516572999999999638e+02
6.990374000000000478e+02 3.487974899999999252e+02
7.001733800000000656e+02 3.461162099999999100e+02
7.017995900000000802e+02 3.436971599999999398e+02
7.039271300000000338e+02 3.416222799999999324e+02
7.065688999999999851e+02 3.399753099999999222e+02
7.097378499999999804e+02 3.388381299999999783e+02
7.128759499999999889e+02 3.379885699999999815e+02
7.158892200000000230e+02 3.378086600000000317e+02
7.187395500000000084e+02 3.382291300000000547e+02
7.213947399999999561e+02 3.391857700000000477e+02
7.238205199999999877e+02 3.406087600000000748e+02
7.259826399999999467e+02 3.424302700000000641e+02
7.278489699999998948e+02 3.445863000000000511e+02
7.293832299999999123e+02 3.470070500000000493e+02
7.313228799999999410e+02 3.523791600000000699e+02
7.316600199999999177e+02 3.551967200000000844e+02
7.315318899999998621e+02 3.580094800000001101e+02
7.309008199999998396e+02 3.607535700000000816e+02
7.297363899999998011e+02 3.633591000000000690e+02
7.280024899999998524e+02 3.657621600000000512e+02
7.256667799999999033e+02 3.678928700000000731e+02
7.232969799999998486e+02 3.695709400000000642e+02
7.206765599999998813e+02 3.708152400000000739e+02
7.178832599999998365e+02 3.715991100000000529e+02
7.149946799999997893e+02 3.718901400000000308e+02
7.149945300000000543e+02 3.718904699999999934e+02
