8.025843099999999595e+02 2.387508800000000520e+02
7.992172399999999470e+02 2.386525800000000572e+02
7.961960399999999254e+02 2.379064700000000130e+02
7.935296899999999596e+02 2.365945199999999886e+02
7.912331399999999348e+02 2.347984500000000025e+02
7.893212999999999511e+02 2.326020899999999756e+02
7.878051799999999503e+02 2.300892299999999295e+02
7.866977099999999155e+02 2.273417399999999589e+02
7.860137999999999465e+02 2.244414799999999559e+02
7.857643499999999221e+02 2.214722099999999045e+02
7.859646699999999555e+02 2.185177199999999402e+02
7.866272199999999657e+02 2.156579399999999396e+02
7.877631499999999960e+02 2.129766299999998864e+02
7.893894099999999980e+02 2.105575799999999163e+02
7.915169399999999769e+02 2.084826899999999341e+02
7.941586800000000039e+02 2.068357299999998986e+02
7.973276700000000119e+02 2.056985399999998663e+02
8.004657300000000077e+02 2.048489799999998695e+02
8.034790000000000418e+02 2.046694499999998698e+02
8.063293300000000272e+02 2.050898899999998548e+02
8.089845199999999750e+02 2.060465199999998731e+02
8.114103000000000065e+02 2.074695199999998749e+02
8.135724099999999908e+02 2.092910199999998895e+02
8.154387500000000273e+02 2.114470499999998765e+02
8.169730400000000827e+02 2.138678399999998874e+02
8.189126600000000735e+02 2.192399099999998953e+02
8.192497900000000755e+02 2.220574699999998529e+02
8.191216700000001083e+02 2.248702299999998786e+02
8.184906000000000859e+02 2.276143199999999069e+02
8.173261700000000474e+02 2.302198499999999513e+02
8.155922700000000987e+02 2.326229099999999335e+02
8.132565600000001496e+02 2.347536199999999553e+02
8.108867600000000948e+02 2.364317299999999022e+02
8.082663400000001275e+02 2.376759899999999561e+02
8.054730400000000827e+02 2.384598699999999099e+02
8.025844600000000355e+02 2.387508899999999130e+02
8.025843099999999595e+02 2.387508800000000520e+02
