8.643957799999999452e+02 1.789495899999999438e+02
8.610287199999999075e+02 1.788512899999999490e+02
8.580074799999998731e+02 1.781052099999999427e+02
8.553411699999999200e+02 1.767932299999999941e+02
8.530446199999998953e+02 1.749971600000000080e+02
8.511327799999999115e+02 1.728007999999999811e+02
8.496166199999998980e+02 1.702879399999999350e+02
8.485091799999999012e+02 1.675404899999999770e+02
8.478252399999998943e+02 1.646401899999999614e+02
8.475757899999998699e+02 1.616709199999999100e+02
8.477757299999998395e+02 1.587164599999998700e+02
8.484382799999998497e+02 1.558566499999998314e+02
8.495742199999998547e+02 1.531753699999998162e+02
8.512004699999998820e+02 1.507563199999998460e+02
8.533280099999998356e+02 1.486814399999998386e+02
8.559697799999997869e+02 1.470344699999998284e+02
8.591387299999997822e+02 1.458972899999998845e+02
8.622768299999997907e+02 1.450476899999998750e+02
8.652900999999998248e+02 1.448681599999998753e+02
8.681404299999998102e+02 1.452886299999998982e+02
8.707955799999998590e+02 1.462452699999998913e+02
8.732213599999998905e+02 1.476682599999999184e+02
8.753835099999998874e+02 1.494897699999999077e+02
8.772498499999999240e+02 1.516457999999998947e+02
8.787841499999999542e+02 1.540665499999998929e+02
8.807237599999999702e+02 1.594386599999999135e+02
8.810608999999999469e+02 1.622561799999998584e+02
8.809327699999998913e+02 1.650689399999998841e+02
8.803017399999998815e+02 1.678130299999999124e+02
8.791372699999998304e+02 1.704185599999999567e+02
8.774033699999998817e+02 1.728216199999999390e+02
8.750676999999998316e+02 1.749523699999999735e+02
8.726978999999997768e+02 1.766304400000000214e+02
8.700774699999997210e+02 1.778747000000000753e+02
8.672841399999997520e+02 1.786586100000000670e+02
8.643955999999997175e+02 1.789496400000000449e+02
8.643957799999999452e+02 1.789495899999999438e+02
