8.925959800000000541e+02 1.538899199999999610e+02
8.892288700000000290e+02 1.537916199999999662e+02
8.862076700000000073e+02 1.530454999999999472e+02
8.835413600000000542e+02 1.517335099999999102e+02
8.812447700000000168e+02 1.499374799999999368e+02
8.793329700000000457e+02 1.477411199999999099e+02
8.778168500000000449e+02 1.452282599999998638e+02
8.767093800000000101e+02 1.424807699999998931e+02
8.760254700000000412e+02 1.395805199999998649e+02
8.757760200000000168e+02 1.366112399999998388e+02
8.759763400000000502e+02 1.336567499999998745e+02
8.766388500000000477e+02 1.307968899999998484e+02
8.777748600000001034e+02 1.281156199999998080e+02
8.794010400000000800e+02 1.256965699999998378e+02
8.815285400000001346e+02 1.236216899999998304e+02
8.841703500000000986e+02 1.219747199999998202e+02
8.873393300000001318e+02 1.208375399999998763e+02
8.904773600000000897e+02 1.199879699999999048e+02
8.934906300000001238e+02 1.198084499999998798e+02
8.963409600000001092e+02 1.202289199999999028e+02
8.989961500000000569e+02 1.211855199999998831e+02
9.014219300000000885e+02 1.226085099999999102e+02
9.035840500000000475e+02 1.244300199999998995e+02
9.054504500000000462e+02 1.265860499999998865e+02
9.069846400000000131e+02 1.290068299999999226e+02
9.089243300000000545e+02 1.343789399999999432e+02
9.092610900000000811e+02 1.371964999999999009e+02
9.091329600000000255e+02 1.400092699999999013e+02
9.085018499999999904e+02 1.427533499999999549e+02
9.073374599999999646e+02 1.453588899999999740e+02
9.056035600000000159e+02 1.477619499999999562e+02
9.032678500000000668e+02 1.498926899999999023e+02
9.008980500000000120e+02 1.515707699999999249e+02
8.982776300000000447e+02 1.528150199999998904e+02
8.954843299999999999e+02 1.535989399999998568e+02
8.925957499999999527e+02 1.538899599999998600e+02
8.925959800000000541e+02 1.538899199999999610e+02
