6.527186199999999872e+02 4.294093500000000176e+02
6.493515499999999747e+02 4.293110500000000229e+02
6.463303499999999531e+02 4.285649700000000166e+02
6.436639999999999873e+02 4.272529900000000112e+02
6.413674499999999625e+02 4.254569200000000251e+02
6.394556099999999788e+02 4.232605599999999981e+02
6.379394899999999780e+02 4.207477000000000089e+02
6.368320199999999431e+02 4.180002499999999941e+02
6.361481099999999742e+02 4.150999499999999784e+02
6.358986599999999498e+02 4.121306999999999903e+02
6.360989799999999832e+02 4.091762400000000071e+02
6.367615299999999934e+02 4.063164300000000253e+02
6.378974600000000237e+02 4.036351500000000101e+02
6.395237200000000257e+02 4.012160999999999831e+02
6.416512500000000045e+02 3.991412199999999757e+02
6.442929900000000316e+02 3.974942099999999527e+02
6.474619700000000648e+02 3.963570299999999520e+02
6.506000400000000354e+02 3.955074699999999552e+02
6.536133100000000695e+02 3.953279399999999555e+02
6.564636400000000549e+02 3.957484099999999785e+02
6.591188300000000027e+02 3.967050499999999715e+02
6.615446100000000342e+02 3.981280399999999986e+02
6.637067200000000184e+02 3.999495499999999879e+02
6.655730600000000550e+02 4.021055799999999749e+02
6.671073500000001104e+02 4.045263299999999731e+02
6.690469700000001012e+02 4.098984299999999621e+02
6.693837300000001278e+02 4.127159599999999386e+02
6.692556000000000722e+02 4.155287399999999138e+02
6.686245300000000498e+02 4.182728299999998853e+02
6.674601400000000240e+02 4.208783599999998728e+02
6.657262000000000626e+02 4.232813799999998992e+02
6.633904900000001135e+02 4.254121299999998769e+02
6.610207300000000714e+02 4.270901999999998679e+02
6.584003100000001041e+02 4.283344599999998650e+02
6.556069700000001603e+02 4.291183699999998566e+02
6.527184300000001258e+02 4.294093999999998346e+02
6.527186199999999872e+02 4.294093500000000176e+02
