5.892984300000000530e+02 4.899725900000000252e+02
5.859314000000000533e+02 4.898742900000000304e+02
5.829101500000000442e+02 4.891282100000000241e+02
5.802438500000000658e+02 4.878162200000000439e+02
5.779472600000000284e+02 4.860201600000000326e+02
5.760354200000000446e+02 4.838238000000000056e+02
5.745193000000000438e+02 4.813109699999999975e+02
5.734118600000000470e+02 4.785634999999999764e+02
5.727279200000000401e+02 4.756631999999999607e+02
5.724784700000000157e+02 4.726939299999999662e+02
5.726787799999999606e+02 4.697394699999999830e+02
5.733413399999999456e+02 4.668796499999999696e+02
5.744772699999999759e+02 4.641983799999999860e+02
5.761035299999999779e+02 4.617793299999999590e+02
5.782310599999999567e+02 4.597044499999999516e+02
5.808728399999999965e+02 4.580574799999999414e+02
5.840417800000000170e+02 4.569202999999999406e+02
5.871798499999999876e+02 4.560706999999999312e+02
5.901931200000000217e+02 4.558911699999999314e+02
5.930434800000000450e+02 4.563116399999999544e+02
5.956986400000000685e+02 4.572682799999999474e+02
5.981244200000001001e+02 4.586912699999999745e+02
6.002865700000000970e+02 4.605127699999999891e+02
6.021528600000001461e+02 4.626688100000000077e+02
6.036871600000001763e+02 4.650895600000000059e+02
6.056268200000001798e+02 4.704616599999999949e+02
6.059635700000002316e+02 4.732791899999999714e+02
6.058354500000002645e+02 4.760919899999999529e+02
6.052043800000002420e+02 4.788360699999999497e+02
6.040399400000002288e+02 4.814415899999999624e+02
6.023060100000002421e+02 4.838446199999999635e+02
5.999703400000001920e+02 4.859753699999999412e+02
5.976005400000001373e+02 4.876534399999999323e+02
5.949801100000000815e+02 4.888976999999999293e+02
5.921868200000001252e+02 4.896816099999999210e+02
5.892982400000000780e+02 4.899726299999999242e+02
5.892984300000000530e+02 4.899725900000000252e+02
