5.275128799999999956e+02 5.513835599999999886e+02
5.241458099999999831e+02 5.512852599999999939e+02
5.211245699999999488e+02 5.505391500000000633e+02
5.184582699999999704e+02 5.492272000000000389e+02
5.161617099999999709e+02 5.474311299999999392e+02
5.142498699999999872e+02 5.452347700000000259e+02
5.127337199999999484e+02 5.427219099999999798e+02
5.116262799999999515e+02 5.399744599999999082e+02
5.109423699999999258e+02 5.370741599999998925e+02
5.106929199999999014e+02 5.341048899999999549e+02
5.108932399999998779e+02 5.311503999999999905e+02
5.115557499999998754e+02 5.282906199999999899e+02
5.126917299999998932e+02 5.256093099999999367e+02
5.143179399999999077e+02 5.231902999999999793e+02
5.164454799999998613e+02 5.211154099999998834e+02
5.190872499999998126e+02 5.194684099999999489e+02
5.222561999999998079e+02 5.183312200000000303e+02
5.253942999999998165e+02 5.174816599999999198e+02
5.284075699999998506e+02 5.173021300000000338e+02
5.312578899999998612e+02 5.177226000000000568e+02
5.339130599999998594e+02 5.186792399999999361e+02
5.363388399999998910e+02 5.201022299999999632e+02
5.385009899999998879e+02 5.219237000000000535e+02
5.403673299999999244e+02 5.240797299999999268e+02
5.419015899999999419e+02 5.265005200000000514e+02
5.438412399999999707e+02 5.318725899999999456e+02
5.441779999999999973e+02 5.346901500000000169e+02
5.440498699999999417e+02 5.375029100000000426e+02
5.434187999999999192e+02 5.402470000000000709e+02
5.422543699999998807e+02 5.428525300000001153e+02
5.405204699999999320e+02 5.452555899999999838e+02
5.381847599999999829e+02 5.473863400000000183e+02
5.358149599999999282e+02 5.490644099999999526e+02
5.331945399999999609e+02 5.503086700000000064e+02
5.304012299999999414e+02 5.510925799999999981e+02
5.275126499999998941e+02 5.513836099999999760e+02
5.275128799999999956e+02 5.513835599999999886e+02
