6.851038300000000163e+02 3.988188400000000229e+02
6.817367600000000039e+02 3.987205400000000282e+02
6.787155199999999695e+02 3.979744600000000219e+02
6.760492100000000164e+02 3.966624700000000416e+02
6.737526599999999917e+02 3.948664000000000556e+02
6.718408200000000079e+02 3.926700400000000286e+02
6.703246599999999944e+02 3.901571900000000142e+02
6.692172199999999975e+02 3.874096999999999866e+02
6.685332799999999907e+02 3.845094399999999837e+02
6.682838299999999663e+02 3.815401699999999892e+02
6.684841499999999996e+02 3.785856699999999933e+02
6.691467000000000098e+02 3.757258899999999926e+02
6.702826400000000149e+02 3.730446200000000090e+02
6.719088900000000422e+02 3.706255699999999820e+02
6.740364200000000210e+02 3.685506499999999619e+02
6.766782000000000608e+02 3.669036799999999516e+02
6.798471500000000560e+02 3.657664999999999509e+02
6.829852100000000519e+02 3.649169399999999541e+02
6.859985200000000987e+02 3.647374099999999544e+02
6.888488500000000840e+02 3.651578799999999774e+02
6.915040400000000318e+02 3.661144799999999577e+02
6.939298200000000634e+02 3.675375099999999406e+02
6.960919300000000476e+02 3.693590099999999552e+02
6.979582599999999957e+02 3.715150099999999611e+02
6.994925299999999879e+02 3.739357999999999720e+02
7.014321800000000167e+02 3.793078599999999483e+02
7.017693100000000186e+02 3.821254299999999375e+02
7.016411900000000514e+02 3.849381899999999632e+02
7.010101200000000290e+02 3.876822799999999916e+02
6.998456899999999905e+02 3.902878099999999790e+02
6.981117500000000291e+02 3.926908699999999612e+02
6.957760799999999790e+02 3.948216199999999390e+02
6.934062799999999243e+02 3.964996899999999300e+02
6.907858599999999569e+02 3.977439499999999271e+02
6.879925200000000132e+02 3.985278599999999187e+02
6.851039799999999786e+02 3.988188799999999219e+02
6.851038300000000163e+02 3.988188400000000229e+02
