5.170847599999999602e+02 5.056432699999999727e+02
5.137176899999999478e+02 5.055449699999999780e+02
5.106964499999999703e+02 5.047988499999999590e+02
5.080301399999999603e+02 5.034868999999999346e+02
5.057335899999999356e+02 5.016908299999999485e+02
5.038217499999999518e+02 4.994944699999999216e+02
5.023055899999999383e+02 4.969816099999999324e+02
5.011981499999999414e+02 4.942341599999999175e+02
5.005142499999999472e+02 4.913338699999999335e+02
5.002647999999999229e+02 4.883645899999999074e+02
5.004651199999998994e+02 4.854100999999998862e+02
5.011276299999998969e+02 4.825503199999998856e+02
5.022635999999998830e+02 4.798689999999998577e+02
5.038898199999998724e+02 4.774499899999998433e+02
5.060173499999998512e+02 4.753751199999998676e+02
5.086591299999998341e+02 4.737281199999998762e+02
5.118280799999998294e+02 4.725909299999999007e+02
5.149661799999997811e+02 4.717413699999999039e+02
5.179794499999998152e+02 4.715618399999999042e+02
5.208297799999998006e+02 4.719823099999999272e+02
5.234849299999998493e+02 4.729389499999999202e+02
5.259107499999998936e+02 4.743619399999999473e+02
5.280728599999998778e+02 4.761834099999999239e+02
5.299391899999998259e+02 4.783394299999999362e+02
5.314734599999998181e+02 4.807602199999999470e+02
5.334130999999998721e+02 4.861322899999999549e+02
5.337498599999998987e+02 4.889498499999999694e+02
5.336217299999998431e+02 4.917626199999999699e+02
5.329906599999998207e+02 4.945066999999999666e+02
5.318262399999998706e+02 4.971122399999999857e+02
5.300923399999999219e+02 4.995152999999999679e+02
5.277566299999999728e+02 5.016460399999999709e+02
5.253868299999999181e+02 5.033241199999999935e+02
5.227664099999999507e+02 5.045683700000000158e+02
5.199731099999999060e+02 5.053522900000000391e+02
5.170845299999998588e+02 5.056433100000000422e+02
5.170847599999999602e+02 5.056432699999999727e+02
