7.050885700000000043e+02 3.296823900000000549e+02
7.017214999999999918e+02 3.295840900000000602e+02
6.987002599999999575e+02 3.288380100000000539e+02
6.960339500000000044e+02 3.275260600000000295e+02
6.937373999999999796e+02 3.257299900000000434e+02
6.918255599999999959e+02 3.235336300000000165e+02
6.903094399999999951e+02 3.210207699999999704e+02
6.892019699999999602e+02 3.182732799999999997e+02
6.885180199999999786e+02 3.153730299999999716e+02
6.882685699999999542e+02 3.124037499999999454e+02
6.884685099999999238e+02 3.094492599999999811e+02
6.891310599999999340e+02 3.065894399999999678e+02
6.902670399999999518e+02 3.039081699999999273e+02
6.918932499999999663e+02 3.014891599999999698e+02
6.940207899999999199e+02 2.994142299999999750e+02
6.966625599999998713e+02 2.977672699999999395e+02
6.998315099999998665e+02 2.966300799999999072e+02
7.029696099999998751e+02 2.957805199999999104e+02
7.059828799999999092e+02 2.956009899999999107e+02
7.088332099999998945e+02 2.960214299999998957e+02
7.114883999999998423e+02 2.969780599999999140e+02
7.139141799999998739e+02 2.984010599999999158e+02
7.160762999999998328e+02 3.002225599999999304e+02
7.179426299999997809e+02 3.023785899999999174e+02
7.194768899999997984e+02 3.047993799999999283e+02
7.214165399999998272e+02 3.101714499999999362e+02
7.217536799999998038e+02 3.129890099999998938e+02
7.216255499999997483e+02 3.158017699999999195e+02
7.209944799999997258e+02 3.185458599999999478e+02
7.198300499999996873e+02 3.211513899999999921e+02
7.180961499999997386e+02 3.235544599999999491e+02
7.157603699999997389e+02 3.256851599999999962e+02
7.133905599999997094e+02 3.273632400000000189e+02
7.107701399999997420e+02 3.286075299999999970e+02
7.079768499999997857e+02 3.293914099999999507e+02
7.050882699999997385e+02 3.296824299999999539e+02
7.050885700000000043e+02 3.296823900000000549e+02
