8.519892800000000079e+02 1.377419499999999744e+02
8.486222099999999955e+02 1.376436499999999796e+02
8.456009699999999611e+02 1.368975699999999733e+02
8.429346600000000080e+02 1.355855799999999363e+02
8.406381099999999833e+02 1.337895099999999502e+02
8.387262699999999995e+02 1.315931599999998980e+02
8.372101199999999608e+02 1.290802599999999529e+02
8.361026799999999639e+02 1.263328099999999949e+02
8.354187299999999823e+02 1.234325099999999793e+02
8.351692799999999579e+02 1.204632399999999279e+02
8.353695999999999913e+02 1.175087799999998879e+02
8.360321500000000015e+02 1.146489699999998493e+02
8.371680900000000065e+02 1.119676899999998341e+02
8.387943400000000338e+02 1.095486499999998387e+02
8.409218799999999874e+02 1.074737599999998565e+02
8.435636499999999387e+02 1.058267899999998463e+02
8.467325999999999340e+02 1.046896099999999024e+02
8.498706999999999425e+02 1.038400099999998929e+02
8.528839699999999766e+02 1.036604799999998932e+02
8.557342999999999620e+02 1.040809499999999161e+02
8.583894500000000107e+02 1.050375899999999092e+02
8.608152300000000423e+02 1.064605799999999363e+02
8.629773800000000392e+02 1.082820899999999256e+02
8.648437200000000757e+02 1.104381199999999126e+02
8.663779800000000932e+02 1.128589099999999235e+02
8.683175900000001093e+02 1.182309799999999314e+02
8.686543500000001359e+02 1.210485399999998890e+02
8.685262200000000803e+02 1.238612599999999020e+02
8.678951600000000326e+02 1.266053899999999430e+02
8.667307600000000321e+02 1.292109199999999873e+02
8.649968200000000706e+02 1.316139799999999696e+02
8.626611500000000206e+02 1.337447300000000041e+02
8.602913499999999658e+02 1.354228399999999510e+02
8.576709299999999985e+02 1.366671000000000049e+02
8.548776299999999537e+02 1.374509699999999839e+02
8.519890499999999065e+02 1.377419899999999870e+02
8.519892800000000079e+02 1.377419499999999744e+02
