5.499240600000000541e+02 4.758806200000000217e+02
5.465569500000000289e+02 4.757823200000000270e+02
5.435357500000000073e+02 4.750362400000000207e+02
5.408694100000000162e+02 4.737242500000000405e+02
5.385728500000000167e+02 4.719282200000000671e+02
5.366610200000000077e+02 4.697318600000000401e+02
5.351449000000000069e+02 4.672190100000000257e+02
5.340374199999999973e+02 4.644715199999999982e+02
5.333535000000000537e+02 4.615712199999999825e+02
5.331040500000000293e+02 4.586019499999999880e+02
5.333043599999999742e+02 4.556474900000000048e+02
5.339669299999999339e+02 4.527876699999999914e+02
5.351028699999999390e+02 4.501064000000000078e+02
5.367291199999999662e+02 4.476873499999999808e+02
5.388566599999999198e+02 4.456124699999999734e+02
5.414983999999999469e+02 4.439654999999999632e+02
5.446673799999999801e+02 4.428283199999999624e+02
5.478054399999999760e+02 4.419787199999999530e+02
5.508187500000000227e+02 4.417991899999999532e+02
5.536690399999999954e+02 4.422196599999999762e+02
5.563242400000000316e+02 4.431762999999999693e+02
5.587500099999999748e+02 4.445992899999999963e+02
5.609121699999999464e+02 4.464207900000000109e+02
5.627784999999998945e+02 4.485768300000000295e+02
5.643127599999999120e+02 4.509976100000000088e+02
5.662524099999999407e+02 4.563696800000000167e+02
5.665891699999999673e+02 4.591872400000000312e+02
5.664610399999999117e+02 4.620000100000000316e+02
5.658299699999998893e+02 4.647440900000000283e+02
5.646655399999998508e+02 4.673496300000000474e+02
5.629316399999999021e+02 4.697526500000000738e+02
5.605959299999999530e+02 4.718834000000000515e+02
5.582261299999998982e+02 4.735615100000000552e+02
5.556057099999999309e+02 4.748057600000000775e+02
5.528124099999998862e+02 4.755896400000000881e+02
5.499238299999998389e+02 4.758806600000000913e+02
5.499240600000000541e+02 4.758806200000000217e+02
