6.125622600000000375e+02 4.180384000000000242e+02
6.091951900000000251e+02 4.179401000000000295e+02
6.061739499999999907e+02 4.171940200000000232e+02
6.035076000000000249e+02 4.158820699999999988e+02
6.012110900000000129e+02 4.140860000000000127e+02
5.992992100000000164e+02 4.118896500000000174e+02
5.977830900000000156e+02 4.093768000000000029e+02
5.966756199999999808e+02 4.066293099999999754e+02
5.959917100000000119e+02 4.037290499999999724e+02
5.957422599999999875e+02 4.007597799999999779e+02
5.959421999999999571e+02 3.978052899999999568e+02
5.966047499999999673e+02 3.949455099999999561e+02
5.977406899999999723e+02 3.922641999999999598e+02
5.993669399999999996e+02 3.898451499999999328e+02
6.014944799999999532e+02 3.877702599999999507e+02
6.041362100000000055e+02 3.861232999999999720e+02
6.073052000000000135e+02 3.849861099999999965e+02
6.104432600000000093e+02 3.841365499999999997e+02
6.134565700000000561e+02 3.839570200000000000e+02
6.163069000000000415e+02 3.843774599999999850e+02
6.189620500000000902e+02 3.853340900000000033e+02
6.213878300000001218e+02 3.867571199999999862e+02
6.235499800000001187e+02 3.885785899999999629e+02
6.254163200000001552e+02 3.907346199999999499e+02
6.269505800000001727e+02 3.931554099999999607e+02
6.288902300000002015e+02 3.985274799999999686e+02
6.292273600000002034e+02 4.013450399999999831e+02
6.290992400000002363e+02 4.041578000000000088e+02
6.284681700000002138e+02 4.069018899999999803e+02
6.273037400000001753e+02 4.095074199999999678e+02
6.255698400000002266e+02 4.119104699999999752e+02
6.232341300000002775e+02 4.140412099999999782e+02
6.208643300000002228e+02 4.157192799999999693e+02
6.182439100000002554e+02 4.169635399999999663e+02
6.154506100000002107e+02 4.177474499999999580e+02
6.125620300000001635e+02 4.180384799999999359e+02
6.125622600000000375e+02 4.180384000000000242e+02
