8.160136199999999462e+02 4.808386399999999981e+02
8.126468099999999595e+02 4.807324300000000221e+02
8.096273499999999785e+02 4.799792500000000359e+02
8.069641100000000051e+02 4.786610200000000077e+02
8.046717499999999745e+02 4.768595900000000256e+02
8.027650899999999865e+02 4.746587300000000482e+02
8.012548600000000079e+02 4.721423200000000406e+02
8.001538500000000340e+02 4.693922600000000216e+02
7.994767500000000382e+02 4.664903800000000160e+02
7.992344800000000760e+02 4.635205400000000395e+02
7.994416000000001077e+02 4.605665400000000318e+02
8.001108400000000529e+02 4.577082700000000273e+02
8.012530900000000429e+02 4.550296800000000417e+02
8.028850100000000793e+02 4.526144900000000462e+02
8.050173800000001165e+02 4.505445500000000720e+02
8.076630200000000741e+02 4.489037800000000971e+02
8.108346400000000358e+02 4.477740800000000831e+02
8.139746800000000349e+02 4.469318500000001109e+02
8.169884000000000697e+02 4.467591300000000842e+02
8.198377400000000534e+02 4.471862500000000864e+02
8.224906700000000228e+02 4.481491200000000958e+02
8.249130800000000363e+02 4.495778200000000879e+02
8.270709300000000894e+02 4.514043900000000917e+02
8.289321900000001051e+02 4.535647700000000668e+02
8.304607900000000882e+02 4.559891500000000519e+02
8.323878200000000334e+02 4.613657900000000609e+02
8.327181500000000369e+02 4.641841100000000324e+02
8.325836000000000467e+02 4.669965700000000197e+02
8.319461000000000013e+02 4.697391800000000330e+02
8.307755399999999781e+02 4.723419600000000287e+02
8.290360200000000077e+02 4.747409400000000232e+02
8.266953200000000379e+02 4.768662000000000489e+02
8.243215900000000147e+02 4.785386800000000562e+02
8.216982500000000300e+02 4.797768200000000434e+02
8.189030999999999949e+02 4.805541500000000497e+02
8.160138399999999592e+02 4.808383700000000545e+02
8.160136199999999462e+02 4.808386399999999981e+02
