7.286127199999999675e+02 2.570094800000000532e+02
7.252456499999999551e+02 2.569111800000000585e+02
7.222244099999999207e+02 2.561651000000000522e+02
7.195581099999999424e+02 2.548531100000000151e+02
7.172615499999999429e+02 2.530570400000000291e+02
7.153497199999999339e+02 2.508606899999999769e+02
7.138335599999999204e+02 2.483478299999999308e+02
7.127261199999999235e+02 2.456003799999999728e+02
7.120421799999999166e+02 2.427000799999999572e+02
7.117927299999998922e+02 2.397308099999999058e+02
7.119926699999998618e+02 2.367763099999998531e+02
7.126552199999998720e+02 2.339165299999998524e+02
7.137911899999999150e+02 2.312352199999997993e+02
7.154174099999999044e+02 2.288162099999998418e+02
7.175449399999998832e+02 2.267413299999998344e+02
7.201867199999999229e+02 2.250943199999998114e+02
7.233556599999999435e+02 2.239571399999998675e+02
7.264937299999999141e+02 2.231075799999998708e+02
7.295070299999998724e+02 2.229280499999998710e+02
7.323573599999998578e+02 2.233484799999998813e+02
7.350125199999998813e+02 2.243051599999998871e+02
7.374382999999999129e+02 2.257281499999999141e+02
7.396004499999999098e+02 2.275496499999999287e+02
7.414667799999998579e+02 2.297056899999998905e+02
7.430010399999998754e+02 2.321264399999998886e+02
7.449406999999998789e+02 2.374985099999998965e+02
7.452778299999998808e+02 2.403160699999998542e+02
7.451496999999998252e+02 2.431288299999998799e+02
7.445186699999998154e+02 2.458729199999999082e+02
7.433542399999997770e+02 2.484784499999999525e+02
7.416203099999997903e+02 2.508815099999999347e+02
7.392846299999997655e+02 2.530122599999999693e+02
7.369148299999997107e+02 2.546903300000000172e+02
7.342944099999997434e+02 2.559345900000000711e+02
7.315010699999997996e+02 2.567185000000000628e+02
7.286125299999997651e+02 2.570095200000000659e+02
7.286127199999999675e+02 2.570094800000000532e+02
