5.395992700000000468e+02 4.366612400000000207e+02
5.362322000000000344e+02 4.365629400000000260e+02
5.332109500000000253e+02 4.358168600000000197e+02
5.305446500000000469e+02 4.345049099999999953e+02
5.282480900000000474e+02 4.327088400000000092e+02
5.263362600000000384e+02 4.305124799999999823e+02
5.248201000000000249e+02 4.279996299999999678e+02
5.237126600000000280e+02 4.252521399999999403e+02
5.230287200000000212e+02 4.223518799999999374e+02
5.227792699999999968e+02 4.193826099999999428e+02
5.229791999999999916e+02 4.164281299999999533e+02
5.236417599999999766e+02 4.135683699999999590e+02
5.247776900000000069e+02 4.108870599999999627e+02
5.264039500000000089e+02 4.084680099999999356e+02
5.285314799999999877e+02 4.063931199999999535e+02
5.311732600000000275e+02 4.047461499999999432e+02
5.343422100000000228e+02 4.036089699999999425e+02
5.374803200000000061e+02 4.027594099999999457e+02
5.404935799999999517e+02 4.025798799999999460e+02
5.433439099999999371e+02 4.030003199999999310e+02
5.459990699999999606e+02 4.039569499999999493e+02
5.484248499999999922e+02 4.053799399999999764e+02
5.505869999999999891e+02 4.072014499999999657e+02
5.524533299999999372e+02 4.093574799999999527e+02
5.539875899999999547e+02 4.117782699999999636e+02
5.559272499999999582e+02 4.171503199999999651e+02
5.562643799999999601e+02 4.199678699999999480e+02
5.561362599999999929e+02 4.227806299999999737e+02
5.555051899999999705e+02 4.255247200000000021e+02
5.543407499999999573e+02 4.281302499999999895e+02
5.526068599999999833e+02 4.305333099999999718e+02
5.502711500000000342e+02 4.326640499999999747e+02
5.479013400000000047e+02 4.343421299999999974e+02
5.452809200000000374e+02 4.355863899999999944e+02
5.424876300000000811e+02 4.363702599999999734e+02
5.395990500000000338e+02 4.366612799999999766e+02
5.395992700000000468e+02 4.366612400000000207e+02
