8.205416800000000421e+02 1.679608600000000251e+02
8.171746100000000297e+02 1.678625600000000304e+02
8.141533699999999953e+02 1.671164400000000114e+02
8.114870700000000170e+02 1.658044899999999870e+02
8.091905100000000175e+02 1.640084299999999757e+02
8.072786800000000085e+02 1.618120699999999488e+02
8.057625600000000077e+02 1.592992099999999027e+02
8.046550799999999981e+02 1.565517199999999320e+02
8.039711800000000039e+02 1.536514599999999291e+02
8.037217299999999796e+02 1.506821899999998777e+02
8.039220399999999245e+02 1.477276899999998250e+02
8.045845499999999220e+02 1.448679199999997991e+02
8.057205299999999397e+02 1.421865999999997712e+02
8.073467499999999291e+02 1.397675899999998137e+02
8.094742799999999079e+02 1.376926699999997936e+02
8.121160599999999476e+02 1.360456999999997834e+02
8.152849999999999682e+02 1.349085199999998395e+02
8.184231099999999515e+02 1.340589599999998427e+02
8.214363699999998971e+02 1.338794299999998429e+02
8.242866999999998825e+02 1.342998999999998659e+02
8.269418599999999060e+02 1.352564999999998463e+02
8.293676699999998618e+02 1.366794899999998734e+02
8.315297899999998208e+02 1.385009999999998627e+02
8.333961199999997689e+02 1.406570299999998497e+02
8.349303799999997864e+02 1.430778199999998606e+02
8.368700399999997899e+02 1.484498899999998685e+02
8.372067899999998417e+02 1.512674499999998261e+02
8.370786699999998746e+02 1.540802099999998518e+02
8.364475999999998521e+02 1.568242999999998801e+02
8.352831599999998389e+02 1.594298299999999244e+02
8.335492699999998649e+02 1.618328899999999066e+02
8.312135599999999158e+02 1.639636399999999412e+02
8.288437599999998611e+02 1.656417099999999891e+02
8.262233299999998053e+02 1.668859700000000430e+02
8.234300399999998490e+02 1.676698800000000347e+02
8.205414599999998018e+02 1.679609000000000378e+02
8.205416800000000421e+02 1.679608600000000251e+02
