6.953553200000000061e+02 2.858736999999999853e+02
6.919882499999999936e+02 2.857753999999999905e+02
6.889670099999999593e+02 2.850293199999999842e+02
6.863006699999999682e+02 2.837173699999999599e+02
6.840041099999999687e+02 2.819213099999999486e+02
6.820922799999999597e+02 2.797249499999999216e+02
6.805761599999999589e+02 2.772120899999998755e+02
6.794686799999999494e+02 2.744645999999999049e+02
6.787847799999999552e+02 2.715643399999999019e+02
6.785353299999999308e+02 2.685950699999998506e+02
6.787352599999999256e+02 2.656405699999997978e+02
6.793978099999999358e+02 2.627807999999997719e+02
6.805337499999999409e+02 2.600995199999997567e+02
6.821600099999999429e+02 2.576804699999997865e+02
6.842875399999999217e+02 2.556055499999997664e+02
6.869293199999999615e+02 2.539585799999997562e+02
6.900982599999999820e+02 2.528213999999998123e+02
6.932363299999999526e+02 2.519718399999998155e+02
6.962496299999999110e+02 2.517923099999998158e+02
6.990999599999998964e+02 2.522127799999998388e+02
7.017551199999999199e+02 2.531694199999998318e+02
7.041808999999999514e+02 2.545924099999998589e+02
7.063430499999999483e+02 2.564139199999998482e+02
7.082093799999998964e+02 2.585699499999998352e+02
7.097436399999999139e+02 2.609906999999998334e+02
7.116832999999999174e+02 2.663627699999998413e+02
7.120204299999999193e+02 2.691803299999997989e+02
7.118922999999998638e+02 2.719930899999998246e+02
7.112612699999998540e+02 2.747371799999998530e+02
7.100968399999998155e+02 2.773427099999998973e+02
7.083628999999998541e+02 2.797457699999998795e+02
7.060272299999998040e+02 2.818765199999999140e+02
7.036574299999997493e+02 2.835545899999999619e+02
7.010370099999997819e+02 2.847988500000000158e+02
6.982436699999998382e+02 2.855827199999999948e+02
6.953551299999998037e+02 2.858737499999999727e+02
6.953553200000000061e+02 2.858736999999999853e+02
