5.705217300000000478e+02 4.047451399999999921e+02
5.671546600000000353e+02 4.046468399999999974e+02
5.641334200000000010e+02 4.039007599999999911e+02
5.614671100000000479e+02 4.025887700000000109e+02
5.591705600000000231e+02 4.007927000000000248e+02
5.572587200000000394e+02 3.985963399999999979e+02
5.557425600000000259e+02 3.960834899999999834e+02
5.546351300000000037e+02 3.933360299999999938e+02
5.539511800000000221e+02 3.904357400000000098e+02
5.537017299999999977e+02 3.874664700000000153e+02
5.539020500000000311e+02 3.845119700000000194e+02
5.545646000000000413e+02 3.816521900000000187e+02
5.557005700000000843e+02 3.789709200000000351e+02
5.573267900000000736e+02 3.765518700000000081e+02
5.594543300000000272e+02 3.744769800000000259e+02
5.620960999999999785e+02 3.728299800000000346e+02
5.652650499999999738e+02 3.716928000000000338e+02
5.684031099999999697e+02 3.708432300000000055e+02
5.714164200000000164e+02 3.706637099999999805e+02
5.742667500000000018e+02 3.710841800000000035e+02
5.769219000000000506e+02 3.720408100000000218e+02
5.793476800000000821e+02 3.734638100000000236e+02
5.815098300000000791e+02 3.752853100000000381e+02
5.833761600000000271e+02 3.774413400000000252e+02
5.849104300000000194e+02 3.798620900000000233e+02
5.868500800000000481e+02 3.852342000000000439e+02
5.871872100000000501e+02 3.880517300000000205e+02
5.870590900000000829e+02 3.908645300000000020e+02
5.864280200000000605e+02 3.936086099999999988e+02
5.852635900000000220e+02 3.962141399999999862e+02
5.835296900000000733e+02 3.986171699999999873e+02
5.811939800000001242e+02 4.007479099999999903e+02
5.788241800000000694e+02 4.024259900000000130e+02
5.762037600000001021e+02 4.036702500000000100e+02
5.734104600000000573e+02 4.044541600000000017e+02
5.705218800000000101e+02 4.047451800000000048e+02
5.705217300000000478e+02 4.047451399999999921e+02
