8.099030000000000200e+02 1.262594000000000278e+02
8.065359700000000203e+02 1.261611000000000331e+02
8.035147299999999859e+02 1.254150200000000268e+02
8.008484300000000076e+02 1.241030299999999897e+02
7.985518299999999954e+02 1.223069600000000037e+02
7.966399999999999864e+02 1.201105999999999767e+02
7.951238799999999856e+02 1.175977399999999307e+02
7.940164399999999887e+02 1.148502499999999600e+02
7.933324900000000071e+02 1.119499999999999318e+02
7.930830499999999574e+02 1.089807199999999057e+02
7.932833599999999024e+02 1.060262299999999414e+02
7.939459099999999125e+02 1.031664499999999407e+02
7.950818499999999176e+02 1.004851799999999002e+02
7.967080999999999449e+02 9.806612999999993008e+01
7.988356399999998985e+02 9.599120999999991000e+01
8.014774099999998498e+02 9.434423999999989974e+01
8.046463599999998451e+02 9.320704999999986740e+01
8.077844299999998157e+02 9.235748999999987063e+01
8.107976899999997613e+02 9.217795999999987089e+01
8.136480599999997594e+02 9.259843999999986863e+01
8.163032199999997829e+02 9.355503999999984899e+01
8.187289899999998397e+02 9.497802999999987605e+01
8.208911499999998114e+02 9.679956999999990330e+01
8.227574399999998604e+02 9.895559999999989031e+01
8.242917399999998906e+02 1.013763499999998885e+02
8.262313899999999194e+02 1.067484199999998964e+02
8.265681499999999460e+02 1.095659799999998540e+02
8.264400199999998904e+02 1.123787499999998545e+02
8.258089499999998679e+02 1.151228299999999081e+02
8.246445599999998421e+02 1.177283599999999524e+02
8.229106199999998807e+02 1.201314299999999093e+02
8.205749099999999316e+02 1.222621699999998555e+02
8.182051499999998896e+02 1.239402499999998781e+02
8.155847299999999223e+02 1.251844999999998436e+02
8.127913899999999785e+02 1.259684199999998100e+02
8.099028099999999313e+02 1.262594399999998132e+02
8.099030000000000200e+02 1.262594000000000278e+02
