4.755091100000000210e+02 4.944711699999999723e+02
4.721420400000000086e+02 4.943728699999999776e+02
4.691208399999999870e+02 4.936267899999999713e+02
4.664544999999999959e+02 4.923147999999999911e+02
4.641579399999999964e+02 4.905187700000000177e+02
4.622461099999999874e+02 4.883223700000000349e+02
4.607299899999999866e+02 4.858095500000000584e+02
4.596225099999999770e+02 4.830620700000000625e+02
4.589385999999999513e+02 4.801617800000000784e+02
4.586891599999999585e+02 4.771925100000000839e+02
4.588890899999999533e+02 4.742380500000001007e+02
4.595516099999999255e+02 4.713782300000000873e+02
4.606875799999999117e+02 4.686969600000001037e+02
4.623138399999999137e+02 4.662779100000000767e+02
4.644413699999998926e+02 4.642030300000000693e+02
4.670831099999999196e+02 4.625560600000000591e+02
4.702520899999998960e+02 4.614188800000000583e+02
4.733901599999999235e+02 4.605692800000000489e+02
4.764034199999999259e+02 4.603897500000000491e+02
4.792537499999999113e+02 4.608102200000000721e+02
4.819089499999998907e+02 4.617668600000000652e+02
4.843347199999998907e+02 4.631898500000000922e+02
4.864968399999999065e+02 4.650113600000000815e+02
4.883631699999999114e+02 4.671673900000000685e+02
4.898974699999998847e+02 4.695881400000000667e+02
4.918370899999998755e+02 4.749602400000000557e+02
4.921742199999998775e+02 4.777778100000000450e+02
4.920460999999998535e+02 4.805905700000000706e+02
4.914150299999998310e+02 4.833346400000000926e+02
4.902505899999998178e+02 4.859401800000001117e+02
4.885166999999998438e+02 4.883432400000000939e+02
4.861809899999998379e+02 4.904739500000001158e+02
4.838112199999998211e+02 4.921520600000001195e+02
4.811907599999998411e+02 4.933963100000001418e+02
4.783974599999998532e+02 4.941801900000001524e+02
4.755088899999998375e+02 4.944712100000001556e+02
4.755091100000000210e+02 4.944711699999999723e+02
