6.227241199999999708e+02 3.046170700000000124e+02
6.193570599999999331e+02 3.045187700000000177e+02
6.163358499999999367e+02 3.037726900000000114e+02
6.136695499999999583e+02 3.024606999999999744e+02
6.113729599999999209e+02 3.006646399999999630e+02
6.094611199999999371e+02 2.984682799999999361e+02
6.079449999999999363e+02 2.959554599999999027e+02
6.068375599999999395e+02 2.932079699999999320e+02
6.061536199999999326e+02 2.903076699999999164e+02
6.059041699999999082e+02 2.873383999999998650e+02
6.061044799999998531e+02 2.843839399999998250e+02
6.067670299999998633e+02 2.815241199999998116e+02
6.079029699999998684e+02 2.788428499999997712e+02
6.095292299999998704e+02 2.764237999999998010e+02
6.116567599999998492e+02 2.743489199999997936e+02
6.142984999999998763e+02 2.727019499999997834e+02
6.174674799999999095e+02 2.715647699999998395e+02
6.206055499999998801e+02 2.707151699999998300e+02
6.236188099999998258e+02 2.705356399999998303e+02
6.264691399999998112e+02 2.709561099999998532e+02
6.291243399999998474e+02 2.719127499999998463e+02
6.315501099999999042e+02 2.733357399999998734e+02
6.337122699999998758e+02 2.751572499999998627e+02
6.355785599999999249e+02 2.773132799999998497e+02
6.371128599999999551e+02 2.797340299999998479e+02
6.390525099999999838e+02 2.851061299999998937e+02
6.393892700000000104e+02 2.879236599999999271e+02
6.392611399999999549e+02 2.907364599999999655e+02
6.386300799999999072e+02 2.934805499999999938e+02
6.374656399999998939e+02 2.960860800000000381e+02
6.357317099999999073e+02 2.984891000000000076e+02
6.333959999999999582e+02 3.006198500000000422e+02
6.310262299999999414e+02 3.022979200000000901e+02
6.284058099999999740e+02 3.035421800000001440e+02
6.256124800000000050e+02 3.043260900000001357e+02
6.227239299999999957e+02 3.046171100000001388e+02
6.227241199999999708e+02 3.046170700000000124e+02
