6.565013999999999896e+02 2.742227599999999939e+02
6.531343699999999899e+02 2.741244599999999991e+02
6.501131299999999555e+02 2.733783799999999928e+02
6.474467799999999897e+02 2.720664000000000442e+02
6.451502299999999650e+02 2.702703300000000581e+02
6.432383899999999812e+02 2.680739700000000312e+02
6.417222699999999804e+02 2.655611099999999851e+02
6.406147999999999456e+02 2.628136600000000271e+02
6.399308899999999767e+02 2.599133600000000115e+02
6.396814399999999523e+02 2.569440899999999601e+02
6.398817599999999857e+02 2.539895999999999958e+02
6.405443099999999959e+02 2.511298199999999952e+02
6.416802400000000262e+02 2.484485399999999800e+02
6.433065000000000282e+02 2.460294900000000098e+02
6.454340300000000070e+02 2.439546100000000024e+02
6.480757700000000341e+02 2.423075999999999794e+02
6.512447500000000673e+02 2.411704200000000355e+02
6.543828200000000379e+02 2.403208600000000388e+02
6.573961199999999963e+02 2.401413300000000390e+02
6.602464599999999564e+02 2.405618000000000620e+02
6.629016100000000051e+02 2.415184400000000551e+02
6.653273900000000367e+02 2.429414300000000821e+02
6.674895400000000336e+02 2.447629400000000714e+02
6.693558400000000574e+02 2.469189700000000585e+02
6.708901300000001129e+02 2.493397200000000566e+02
6.728297900000001164e+02 2.547118300000000772e+02
6.731665400000001682e+02 2.575293500000000222e+02
6.730384200000002011e+02 2.603421500000000606e+02
6.724073500000001786e+02 2.630862400000000889e+02
6.712429200000001401e+02 2.656917700000001332e+02
6.695090200000001914e+02 2.680947900000001027e+02
6.671733100000002423e+02 2.702255400000001373e+02
6.648035100000001876e+02 2.719036100000001852e+02
6.621830900000002202e+02 2.731478700000002391e+02
6.593897900000001755e+02 2.739317800000002308e+02
6.565012100000001283e+02 2.742228000000002339e+02
6.565013999999999896e+02 2.742227599999999939e+02
