5.080799099999999839e+02 4.649770300000000134e+02
5.047128399999999715e+02 4.648787300000000187e+02
5.016915999999999940e+02 4.641326500000000124e+02
4.990253000000000156e+02 4.628206700000000069e+02
4.967287400000000162e+02 4.610246000000000208e+02
4.948169000000000324e+02 4.588282399999999939e+02
4.933007500000000505e+02 4.563153800000000047e+02
4.921933100000000536e+02 4.535678899999999771e+02
4.915093600000000720e+02 4.506676299999999742e+02
4.912599200000000792e+02 4.476983599999999797e+02
4.914602300000000810e+02 4.447438599999999838e+02
4.921227800000000911e+02 4.418840899999999579e+02
4.932587200000000962e+02 4.392028099999999426e+02
4.948849700000001235e+02 4.367837599999999156e+02
4.970125100000001339e+02 4.347088399999998956e+02
4.996542500000001610e+02 4.330618699999998853e+02
5.028232300000001374e+02 4.319246899999998845e+02
5.059613000000001648e+02 4.310751299999998878e+02
5.089746000000001800e+02 4.308955999999998880e+02
5.118249300000001654e+02 4.313160699999999110e+02
5.144800900000001320e+02 4.322726699999998914e+02
5.169058600000000752e+02 4.336956999999998743e+02
5.190680200000000468e+02 4.355171699999998509e+02
5.209343499999999949e+02 4.376731999999998379e+02
5.224686100000000124e+02 4.400939899999998488e+02
5.244082600000000411e+02 4.454660599999998567e+02
5.247450200000000677e+02 4.482836199999998712e+02
5.246168900000000122e+02 4.510963799999998969e+02
5.239858199999999897e+02 4.538404699999998684e+02
5.228213899999999512e+02 4.564459999999998558e+02
5.210874900000000025e+02 4.588490599999998381e+02
5.187517800000000534e+02 4.609798099999998158e+02
5.163819799999999987e+02 4.626578799999998068e+02
5.137615600000000313e+02 4.639021399999998039e+02
5.109682600000000434e+02 4.646860499999997955e+02
5.080796800000000530e+02 4.649770699999997987e+02
5.080799099999999839e+02 4.649770300000000134e+02
