5.065663599999999747e+02 3.110292100000000346e+02
5.031992899999999622e+02 3.109309100000000399e+02
5.001780899999999406e+02 3.101847900000000209e+02
4.975117499999999495e+02 3.088728399999999965e+02
4.952151899999999500e+02 3.070767700000000104e+02
4.933033599999999410e+02 3.048804099999999835e+02
4.917872399999999402e+02 3.023675600000000259e+02
4.906797599999999306e+02 2.996200700000000552e+02
4.899958099999999490e+02 2.967198100000000522e+02
4.897463699999999562e+02 2.937505400000000009e+02
4.899466799999999580e+02 2.907960399999999481e+02
4.906092299999999682e+02 2.879362599999999475e+02
4.917452099999999859e+02 2.852549499999998943e+02
4.933714200000000005e+02 2.828359399999999368e+02
4.954989600000000110e+02 2.807610199999999168e+02
4.981407300000000191e+02 2.791140499999999065e+02
5.013096800000000144e+02 2.779768699999999626e+02
5.044477800000000229e+02 2.771273099999999658e+02
5.074610500000000002e+02 2.769477799999999661e+02
5.103113799999999856e+02 2.773682099999999764e+02
5.129665699999999333e+02 2.783248499999999694e+02
5.153923099999999522e+02 2.797478800000000092e+02
5.175544699999999239e+02 2.815693499999999858e+02
5.194207999999998719e+02 2.837253799999999728e+02
5.209550599999998894e+02 2.861461699999999837e+02
5.228947099999999182e+02 2.915182300000000168e+02
5.232314699999999448e+02 2.943358000000000629e+02
5.231033399999998892e+02 2.971485600000000886e+02
5.224722799999998415e+02 2.998926500000001170e+02
5.213078799999998409e+02 3.024981800000001613e+02
5.195739399999998795e+02 3.049012400000001435e+02
5.172382299999999304e+02 3.070319900000001780e+02
5.148684699999998884e+02 3.087100600000002260e+02
5.122480499999999211e+02 3.099543200000002798e+02
5.094547099999999205e+02 3.107382300000002715e+02
5.065661699999999428e+02 3.110292500000002747e+02
5.065663599999999747e+02 3.110292100000000346e+02
