4.232524599999999850e+02 4.422591199999999958e+02
4.198853499999999599e+02 4.421608200000000011e+02
4.168641499999999382e+02 4.414147100000000137e+02
4.141978399999999283e+02 4.401027599999999893e+02
4.119012499999999477e+02 4.383066900000000032e+02
4.099894099999999639e+02 4.361103299999999763e+02
4.084732899999999631e+02 4.335974699999999871e+02
4.073658499999999663e+02 4.308499799999999595e+02
4.066819099999999594e+02 4.279497199999999566e+02
4.064324599999999350e+02 4.249804499999999621e+02
4.066327799999999115e+02 4.220259599999999409e+02
4.072953299999999217e+02 4.191661399999999276e+02
4.084312699999999268e+02 4.164848699999999440e+02
4.100575199999999541e+02 4.140658399999999233e+02
4.121850499999999329e+02 4.119909499999999412e+02
4.148268299999999158e+02 4.103439799999999309e+02
4.179957799999999111e+02 4.092067999999999302e+02
4.211338399999999069e+02 4.083572399999999334e+02
4.241471099999998842e+02 4.081777099999999336e+02
4.269974399999998695e+02 4.085981399999999439e+02
4.296526299999998741e+02 4.095547799999999370e+02
4.320784099999998489e+02 4.109778099999999199e+02
4.342405599999998458e+02 4.127992799999998965e+02
4.361068599999998696e+02 4.149553099999998835e+02
4.376411599999998430e+02 4.173760799999998881e+02
4.395808099999998149e+02 4.227481499999998960e+02
4.399175699999998415e+02 4.255657099999999105e+02
4.397894399999998427e+02 4.283784699999999361e+02
4.391583699999998203e+02 4.311225599999999076e+02
4.379939399999998386e+02 4.337280899999998951e+02
4.362600399999998331e+02 4.361311499999998773e+02
4.339243299999998271e+02 4.382618999999998550e+02
4.315545299999998292e+02 4.399399699999998461e+02
4.289341099999998050e+02 4.411842299999998431e+02
4.261408099999998171e+02 4.419681399999998348e+02
4.232522299999998268e+02 4.422591699999998127e+02
4.232524599999999850e+02 4.422591199999999958e+02
