5.715025500000000420e+02 2.480916300000000092e+02
5.681354900000000043e+02 2.479933300000000145e+02
5.651142800000000079e+02 2.472472500000000082e+02
5.624479400000000169e+02 2.459352599999999711e+02
5.601513899999999921e+02 2.441391899999999850e+02
5.582395500000000084e+02 2.419428299999999581e+02
5.567234300000000076e+02 2.394299800000000005e+02
5.556159499999999980e+02 2.366825199999999541e+02
5.549320500000000038e+02 2.337822299999999132e+02
5.546825999999999794e+02 2.308129599999998618e+02
5.548829099999999244e+02 2.278584599999998090e+02
5.555454599999999346e+02 2.249986799999998084e+02
5.566813999999999396e+02 2.223174099999997679e+02
5.583076599999999416e+02 2.198983599999997978e+02
5.604351899999999205e+02 2.178234799999997904e+02
5.630769299999999475e+02 2.161764699999997674e+02
5.662459099999999808e+02 2.150392899999998235e+02
5.693839799999999514e+02 2.141897199999998520e+02
5.723972399999998970e+02 2.140101999999998270e+02
5.752475699999998824e+02 2.144306699999998500e+02
5.779027699999999186e+02 2.153873099999998431e+02
5.803285399999999754e+02 2.168102999999998701e+02
5.824906599999999344e+02 2.186317999999998847e+02
5.843569899999998825e+02 2.207878299999998717e+02
5.858912899999999127e+02 2.232085799999998699e+02
5.878309099999999034e+02 2.285806499999998778e+02
5.881680399999999054e+02 2.313982199999999239e+02
5.880399099999998498e+02 2.342109799999999495e+02
5.874088799999998400e+02 2.369550699999999779e+02
5.862444499999998015e+02 2.395606000000000222e+02
5.845105199999998149e+02 2.419636600000000044e+02
5.821748099999998658e+02 2.440943999999999505e+02
5.798050399999998490e+02 2.457724799999999732e+02
5.771846199999998817e+02 2.470167400000000271e+02
5.743912799999999379e+02 2.478006500000000187e+02
5.715027399999999034e+02 2.480916700000000219e+02
5.715025500000000420e+02 2.480916300000000092e+02
