9.625060099999999466e+02 2.891654800000000023e+02
9.591389399999999341e+02 2.890671800000000076e+02
9.561176999999998998e+02 2.883211000000000013e+02
9.534513899999999467e+02 2.870091499999999769e+02
9.511548399999999219e+02 2.852130899999999656e+02
9.492429999999999382e+02 2.830167299999999386e+02
9.477268399999999247e+02 2.805038699999998926e+02
9.466193999999999278e+02 2.777563799999999219e+02
9.459354599999999209e+02 2.748561199999999189e+02
9.456860099999998965e+02 2.718868099999999686e+02
9.458863299999999299e+02 2.689323499999999285e+02
9.465488799999999401e+02 2.660725699999999279e+02
9.476848099999999704e+02 2.633912599999998747e+02
9.493110699999999724e+02 2.609722499999999172e+02
9.514385999999999513e+02 2.588973299999998972e+02
9.540803799999999910e+02 2.572503599999998869e+02
9.572493299999999863e+02 2.561131799999999430e+02
9.603873899999999821e+02 2.552635799999999335e+02
9.634007000000000289e+02 2.550840499999999338e+02
9.662510300000000143e+02 2.555045199999999568e+02
9.689061800000000630e+02 2.564611599999999498e+02
9.713319600000000946e+02 2.578841499999999769e+02
9.734941100000000915e+02 2.597056599999999662e+02
9.753604400000000396e+02 2.618616899999999532e+02
9.768947000000000571e+02 2.642824799999999641e+02
9.788343600000000606e+02 2.696545499999999720e+02
9.791711100000001124e+02 2.724721099999999296e+02
9.790429900000001453e+02 2.752848699999999553e+02
9.784119600000001356e+02 2.780289599999999837e+02
9.772475200000001223e+02 2.806344900000000280e+02
9.755135900000001357e+02 2.830375099999999975e+02
9.731779200000000856e+02 2.851683000000000447e+02
9.708081200000000308e+02 2.868463700000000927e+02
9.681876899999999750e+02 2.880906300000001465e+02
9.653943600000000060e+02 2.888745000000001255e+02
9.625058199999999715e+02 2.891655300000001034e+02
9.625060099999999466e+02 2.891654800000000023e+02
