4.868646299999999769e+02 3.811297099999999887e+02
4.834975599999999645e+02 3.810314099999999939e+02
4.804763599999999428e+02 3.802853400000000192e+02
4.778100099999999202e+02 3.789733500000000390e+02
4.755134599999998954e+02 3.771772800000000530e+02
4.736016199999999117e+02 3.749809200000000260e+02
4.720854999999999109e+02 3.724680600000000368e+02
4.709780299999999329e+02 3.697206100000000220e+02
4.702941199999999071e+02 3.668203100000000063e+02
4.700446699999998827e+02 3.638510400000000118e+02
4.702449899999998593e+02 3.608965499999999906e+02
4.709074999999998568e+02 3.580367699999999900e+02
4.720434699999998429e+02 3.553554599999999937e+02
4.736697299999998449e+02 3.529364499999999794e+02
4.757972599999998238e+02 3.508615599999999404e+02
4.784389999999998508e+02 3.492145599999998922e+02
4.816079799999998272e+02 3.480773699999998598e+02
4.847460499999998547e+02 3.472278099999998631e+02
4.877593199999998319e+02 3.470482799999998633e+02
4.906096499999998173e+02 3.474687599999998611e+02
4.932648399999998219e+02 3.484253899999998794e+02
4.956906199999997966e+02 3.498483799999999064e+02
4.978527299999997808e+02 3.516698899999998957e+02
4.997190699999997605e+02 3.538259199999998827e+02
5.012533599999997591e+02 3.562466699999998809e+02
5.031929799999997499e+02 3.616187399999998888e+02
5.035297399999997765e+02 3.644362999999999033e+02
5.034016099999997778e+02 3.672490599999999290e+02
5.027705399999997553e+02 3.699931499999999005e+02
5.016061099999997737e+02 3.725986799999998880e+02
4.998722099999997681e+02 3.750017399999998702e+02
4.975364999999997622e+02 3.771324899999998479e+02
4.951667399999997770e+02 3.788105599999998390e+02
4.925463199999997528e+02 3.800548199999998360e+02
4.897529799999997522e+02 3.808387299999998277e+02
4.868643999999997618e+02 3.811297599999998056e+02
4.868646299999999769e+02 3.811297099999999887e+02
