4.653484199999999760e+02 4.527697600000000193e+02
4.619813499999999635e+02 4.526714600000000246e+02
4.589601099999999860e+02 4.519253800000000183e+02
4.562937999999999761e+02 4.506134000000000128e+02
4.539972499999999513e+02 4.488173600000000079e+02
4.520854099999999676e+02 4.466209699999999998e+02
4.505692599999999857e+02 4.441081500000000233e+02
4.494618199999999888e+02 4.413606599999999958e+02
4.487778700000000072e+02 4.384603999999999928e+02
4.485284300000000144e+02 4.354910899999999856e+02
4.487283600000000092e+02 4.325366300000000024e+02
4.493909100000000194e+02 4.296768200000000206e+02
4.505268500000000245e+02 4.269955400000000054e+02
4.521531100000000265e+02 4.245764899999999784e+02
4.542806400000000053e+02 4.225016099999999710e+02
4.569224199999999882e+02 4.208546399999999608e+02
4.600913600000000088e+02 4.197174599999999600e+02
4.632294300000000362e+02 4.188678599999999506e+02
4.662427300000000514e+02 4.186883299999999508e+02
4.690930600000000368e+02 4.191087999999999738e+02
4.717482200000000603e+02 4.200654399999999669e+02
4.741739900000000603e+02 4.214884299999999939e+02
4.763361500000000888e+02 4.233099399999999832e+02
4.782024800000000937e+02 4.254659699999999702e+02
4.797367400000001112e+02 4.278867199999999684e+02
4.816763900000000831e+02 4.332588299999999890e+02
4.820135300000000598e+02 4.360763900000000035e+02
4.818854000000000610e+02 4.388891500000000292e+02
4.812543300000000386e+02 4.416332400000000007e+02
4.800899000000000569e+02 4.442387699999999882e+02
4.783560000000000514e+02 4.466418299999999704e+02
4.760202900000000454e+02 4.487725399999999922e+02
4.736504900000000475e+02 4.504506499999999960e+02
4.710300700000000234e+02 4.516949099999999930e+02
4.682367700000000355e+02 4.524787799999999720e+02
4.653481900000000451e+02 4.527698099999999499e+02
4.653484199999999760e+02 4.527697600000000193e+02
