6.283190499999999474e+02 6.578909999999999627e+02
6.249522099999999227e+02 6.577848000000000184e+02
6.219327499999999418e+02 6.570316199999999753e+02
6.192694999999999936e+02 6.557133499999999913e+02
6.169771799999999757e+02 6.539119200000000092e+02
6.150704899999999498e+02 6.517110599999999749e+02
6.135602599999999711e+02 6.491946900000000369e+02
6.124592499999999973e+02 6.464446299999999610e+02
6.117821500000000015e+02 6.435427499999999554e+02
6.115398800000000392e+02 6.405728699999999662e+02
6.117470000000000709e+02 6.376188999999999396e+02
6.124162700000000541e+02 6.347606399999999667e+02
6.135585200000000441e+02 6.320820499999999811e+02
6.151904500000000553e+02 6.296668099999999413e+02
6.173228200000000925e+02 6.275969199999999546e+02
6.199684500000000753e+02 6.259561499999999796e+02
6.231400800000001254e+02 6.248264100000000099e+02
6.262801100000001497e+02 6.239841799999999239e+02
6.292937900000001719e+02 6.238114600000000110e+02
6.321431400000001304e+02 6.242386199999999690e+02
6.347960700000000998e+02 6.252014899999999216e+02
6.372185200000001259e+02 6.266301499999999578e+02
6.393763600000000906e+02 6.284567600000000311e+02
6.412376300000000811e+02 6.306171399999999494e+02
6.427662200000000894e+02 6.330415199999999913e+02
6.446932500000000346e+02 6.384181200000000445e+02
6.450235800000000381e+02 6.412364800000000287e+02
6.448890300000000479e+02 6.440489400000000160e+02
6.442515400000000909e+02 6.467915100000000166e+02
6.430809800000000678e+02 6.493943199999999933e+02
6.413414200000000847e+02 6.517933000000000447e+02
6.390007200000001149e+02 6.539185299999999188e+02
6.366270200000001296e+02 6.555910499999999956e+02
6.340036900000001197e+02 6.568291799999999512e+02
6.312085400000000845e+02 6.576065200000000459e+02
6.283192800000000489e+02 6.578907400000000507e+02
6.283190499999999474e+02 6.578909999999999627e+02
