5.806150999999999840e+02 2.941063900000000331e+02
5.772480399999999463e+02 2.940080900000000383e+02
5.742268299999999499e+02 2.932620100000000321e+02
5.715604899999999589e+02 2.919500300000000834e+02
5.692639399999999341e+02 2.901540000000001100e+02
5.673520999999999503e+02 2.879576000000000704e+02
5.658359799999999495e+02 2.854447800000000370e+02
5.647284999999999400e+02 2.826972900000000664e+02
5.640445999999999458e+02 2.797969900000000507e+02
5.637951499999999214e+02 2.768277199999999993e+02
5.639950899999998910e+02 2.738732599999999593e+02
5.646576399999999012e+02 2.710134499999999207e+02
5.657935699999999315e+02 2.683321699999999055e+02
5.674198299999999335e+02 2.659131299999999101e+02
5.695473599999999124e+02 2.638382399999999279e+02
5.721890999999999394e+02 2.621912699999999177e+02
5.753580799999999726e+02 2.610540899999999738e+02
5.784961499999999432e+02 2.602044899999999643e+02
5.815094199999999773e+02 2.600249599999999646e+02
5.843597499999999627e+02 2.604454299999999876e+02
5.870149399999999105e+02 2.614020699999999806e+02
5.894407199999999420e+02 2.628250600000000077e+02
5.916028699999999390e+02 2.646465699999999970e+02
5.934691599999999880e+02 2.668025999999999840e+02
5.950034600000000182e+02 2.692233899999999949e+02
5.969430800000000090e+02 2.745954600000000028e+02
5.972802100000000110e+02 2.774129799999999477e+02
5.971520900000000438e+02 2.802257799999999861e+02
5.965210600000000341e+02 2.829698700000000144e+02
5.953566200000000208e+02 2.855754000000000588e+02
5.936226900000000342e+02 2.879784200000000283e+02
5.912869800000000851e+02 2.901091700000000628e+02
5.889172200000000430e+02 2.917872400000001107e+02
5.862967899999999872e+02 2.930315000000001646e+02
5.835034600000000182e+02 2.938154100000001563e+02
5.806149199999999837e+02 2.941064400000001342e+02
5.806150999999999840e+02 2.941063900000000331e+02
