1.005106599999999958e+03 3.011011200000000372e+02
1.001739799999999946e+03 3.009949100000000044e+02
9.987203499999999394e+02 3.002417599999999993e+02
9.960571099999999660e+02 2.989234999999999900e+02
9.937647899999999481e+02 2.971220700000000079e+02
9.918580899999999474e+02 2.949212099999999737e+02
9.903478699999999435e+02 2.924048000000000229e+02
9.892468599999999697e+02 2.896547400000000607e+02
9.885697499999999991e+02 2.867528900000000931e+02
9.883274800000000369e+02 2.837830200000000787e+02
9.885346000000000686e+02 2.808290100000000393e+02
9.892038400000000138e+02 2.779707799999999907e+02
9.903460900000000038e+02 2.752921599999999671e+02
9.919780200000000150e+02 2.728769599999999400e+02
9.941103900000000522e+02 2.708070699999999533e+02
9.967560200000000350e+02 2.691662999999999784e+02
9.999276500000000851e+02 2.680365600000000086e+02
1.003067700000000059e+03 2.671943300000000363e+02
1.006081400000000031e+03 2.670216100000000097e+02
1.008930700000000002e+03 2.674487699999999677e+02
1.011583600000000047e+03 2.684116399999999203e+02
1.014006100000000060e+03 2.698403399999999692e+02
1.016163900000000012e+03 2.716669099999999162e+02
1.018025200000000041e+03 2.738272899999999481e+02
1.019553800000000024e+03 2.762516699999999901e+02
1.021480800000000045e+03 2.816283099999999422e+02
1.021811100000000010e+03 2.844466299999999137e+02
1.021676600000000008e+03 2.872590899999999010e+02
1.021039099999999962e+03 2.900016999999999143e+02
1.019868499999999926e+03 2.926044699999998784e+02
1.018128999999999905e+03 2.950034499999999298e+02
1.015788299999999936e+03 2.971287199999999302e+02
1.013414599999999950e+03 2.988011999999998807e+02
1.010791299999999978e+03 3.000393299999998362e+02
1.007996099999999956e+03 3.008166699999998173e+02
1.005106799999999907e+03 3.011008899999998221e+02
1.005106599999999958e+03 3.011011200000000372e+02
