9.318418500000000222e+02 3.196267299999999523e+02
9.284747800000000097e+02 3.195284299999999575e+02
9.254535399999999754e+02 3.187823499999999513e+02
9.227872300000000223e+02 3.174703599999999142e+02
9.204906799999999976e+02 3.156742899999999281e+02
9.185788400000000138e+02 3.134779299999999012e+02
9.170626800000000003e+02 3.109650799999999435e+02
9.159552400000000034e+02 3.082175899999999729e+02
9.152712999999999965e+02 3.053173299999999699e+02
9.150218499999999722e+02 3.023480599999999185e+02
9.152217899999999418e+02 2.993935599999998658e+02
9.158843399999999519e+02 2.965337799999998651e+02
9.170203099999999949e+02 2.938525099999998247e+02
9.186465299999999843e+02 2.914334599999998545e+02
9.207740699999999379e+02 2.893585399999998344e+02
9.234158399999998892e+02 2.877115699999998242e+02
9.265847899999998845e+02 2.865743899999998803e+02
9.297228499999998803e+02 2.857248199999999088e+02
9.327361599999999271e+02 2.855452999999998838e+02
9.355864899999999125e+02 2.859657699999999068e+02
9.382416399999999612e+02 2.869223999999999251e+02
9.406674199999999928e+02 2.883453599999999142e+02
9.428295699999999897e+02 2.901668999999999414e+02
9.446958999999999378e+02 2.923229299999999284e+02
9.462301699999999300e+02 2.947436799999999266e+02
9.481698199999999588e+02 3.001157499999999345e+02
9.485069499999999607e+02 3.029333099999998922e+02
9.483788299999999936e+02 3.057460799999998926e+02
9.477477199999999584e+02 3.084901699999999209e+02
9.465833199999999579e+02 3.110956999999999653e+02
9.448493899999999712e+02 3.134987599999999475e+02
9.425137199999999211e+02 3.156294999999998936e+02
9.401439199999998664e+02 3.173075799999999163e+02
9.375234999999998990e+02 3.185518299999998817e+02
9.347301599999999553e+02 3.193357499999998481e+02
9.318416199999999208e+02 3.196267699999998513e+02
9.318418500000000222e+02 3.196267299999999523e+02
