7.237711100000000215e+02 5.694928700000000390e+02
7.204042699999999968e+02 5.693866600000000062e+02
7.173848500000000286e+02 5.686334799999999632e+02
7.147215600000000677e+02 5.673152099999999791e+02
7.124292400000000498e+02 5.655137799999999970e+02
7.105225800000000618e+02 5.633129200000000765e+02
7.090123600000000579e+02 5.607965500000000247e+02
7.079113500000000840e+02 5.580464900000000625e+02
7.072342100000000755e+02 5.551446100000000570e+02
7.069919400000001133e+02 5.521747300000000678e+02
7.071990600000001450e+02 5.492207300000000032e+02
7.078683300000001282e+02 5.463625000000000682e+02
7.090105800000001182e+02 5.436839100000000826e+02
7.106424700000001167e+02 5.412686800000001313e+02
7.127748800000001665e+02 5.391987800000000561e+02
7.154205100000001494e+02 5.375580100000000812e+02
7.185921400000001995e+02 5.364282700000001114e+02
7.217322100000002365e+02 5.355860400000001391e+02
7.247458500000002459e+02 5.354133200000001125e+02
7.275952000000002045e+02 5.358404800000000705e+02
7.302481300000001738e+02 5.368033500000001368e+02
7.326705800000002000e+02 5.382320500000000720e+02
7.348284200000001647e+02 5.400586200000000190e+02
7.366896900000001551e+02 5.422190000000000509e+02
7.382182800000001635e+02 5.446433799999999792e+02
7.401453100000001086e+02 5.500199800000000323e+02
7.404756400000001122e+02 5.528383400000000165e+02
7.403410900000001220e+02 5.556508000000000038e+02
7.397035600000001523e+02 5.583933799999999792e+02
7.385330400000001418e+02 5.609961799999999812e+02
7.367934800000001587e+02 5.633951600000000326e+02
7.344527800000001889e+02 5.655203899999999066e+02
7.320790800000002037e+02 5.671929099999999835e+02
7.294557100000001810e+02 5.684310399999999390e+02
7.266605600000001459e+02 5.692083800000000338e+02
7.237713400000001229e+02 5.694926000000000386e+02
7.237711100000000215e+02 5.694928700000000390e+02
