4.453619899999999916e+02 3.679154899999999770e+02
4.419949300000000108e+02 3.678171899999999823e+02
4.389736900000000333e+02 3.670711099999999760e+02
4.363073800000000233e+02 3.657591599999999517e+02
4.340108299999999986e+02 3.639630999999999403e+02
4.320989900000000148e+02 3.617667399999999134e+02
4.305828700000000140e+02 3.592538799999999242e+02
4.294753900000000044e+02 3.565063899999998966e+02
4.287914499999999975e+02 3.536061299999998937e+02
4.285419999999999732e+02 3.506368599999998423e+02
4.287423099999999749e+02 3.476823599999997896e+02
4.294048699999999599e+02 3.448225799999997889e+02
4.305408399999999460e+02 3.421412699999997358e+02
4.321670599999999354e+02 3.397222599999997783e+02
4.342945899999999142e+02 3.376473399999997582e+02
4.369363699999998971e+02 3.360003699999997480e+02
4.401053099999999176e+02 3.348631899999998041e+02
4.432433799999999451e+02 3.340136299999998073e+02
4.462566799999999603e+02 3.338337199999998575e+02
4.491070099999999456e+02 3.342541899999998805e+02
4.517621699999999691e+02 3.352108299999998735e+02
4.541879499999999439e+02 3.366338199999999006e+02
4.563500999999999408e+02 3.384553299999998899e+02
4.582164299999999457e+02 3.406113599999998769e+02
4.597506899999999632e+02 3.430321499999998878e+02
4.616903499999999667e+02 3.484042199999998957e+02
4.620270999999999617e+02 3.512217799999998533e+02
4.618989799999999377e+02 3.540345399999998790e+02
4.612679099999999153e+02 3.567786299999999073e+02
4.601035099999999147e+02 3.593841599999998948e+02
4.583695799999999281e+02 3.617871799999999212e+02
4.560338699999999221e+02 3.639179299999998989e+02
4.536640999999999053e+02 3.655960399999999026e+02
4.510436799999998811e+02 3.668402999999998997e+02
4.482503499999998553e+02 3.676241699999998787e+02
4.453617999999998460e+02 3.679151999999998566e+02
4.453619899999999916e+02 3.679154899999999770e+02
