6.773840099999999893e+02 2.035599399999999832e+02
6.740169399999999769e+02 2.034616399999999885e+02
6.709956999999999425e+02 2.027155599999999822e+02
6.683293899999999894e+02 2.014035699999999451e+02
6.660328399999999647e+02 1.996074999999999591e+02
6.641209999999999809e+02 1.974111399999999321e+02
6.626048399999999674e+02 1.948983299999999872e+02
6.614973999999999705e+02 1.921508400000000165e+02
6.608134599999999637e+02 1.892505400000000009e+02
6.605640099999999393e+02 1.862812699999999495e+02
6.607643299999999726e+02 1.833268099999999095e+02
6.614268799999999828e+02 1.804669899999998961e+02
6.625628500000000258e+02 1.777857199999998556e+02
6.641890700000000152e+02 1.753666699999998855e+02
6.663165999999999940e+02 1.732917899999998781e+02
6.689583800000000338e+02 1.716448199999998678e+02
6.721273300000000290e+02 1.705076399999999239e+02
6.752653900000000249e+02 1.696580299999999397e+02
6.782787000000000717e+02 1.694785099999999147e+02
6.811290300000000570e+02 1.698989799999999377e+02
6.837841800000001058e+02 1.708556199999999308e+02
6.862099600000001374e+02 1.722786099999999578e+02
6.883721100000001343e+02 1.741001099999999724e+02
6.902384400000000824e+02 1.762561499999999342e+02
6.917727400000001126e+02 1.786768899999999576e+02
6.937123600000001034e+02 1.840489999999999782e+02
6.940494900000001053e+02 1.868665300000000116e+02
6.939213700000001381e+02 1.896793300000000499e+02
6.932903000000001157e+02 1.924234100000001035e+02
6.921258600000001024e+02 1.950289500000001226e+02
6.903919700000001285e+02 1.974319700000000921e+02
6.880562600000001794e+02 1.995627200000001267e+02
6.856864600000001246e+02 2.012407900000001746e+02
6.830660300000000689e+02 2.024850500000002285e+02
6.802727000000000999e+02 2.032689600000002201e+02
6.773841600000000653e+02 2.035599800000002233e+02
6.773840099999999893e+02 2.035599399999999832e+02
