4.743934100000000171e+02 3.389384499999999889e+02
4.710263500000000363e+02 3.388401499999999942e+02
4.680051100000000588e+02 3.380940699999999879e+02
4.653388000000000488e+02 3.367820799999999508e+02
4.630422500000000241e+02 3.349860499999999774e+02
4.611304100000000403e+02 3.327896899999999505e+02
4.596142900000000395e+02 3.302768399999999929e+02
4.585068100000000300e+02 3.275293500000000222e+02
4.578229100000000358e+02 3.246290500000000065e+02
4.575734600000000114e+02 3.216598199999999679e+02
4.577734000000000378e+02 3.187053199999999151e+02
4.584359100000000353e+02 3.158454999999999018e+02
4.595718800000000215e+02 3.131642299999998613e+02
4.611981400000000235e+02 3.107451799999998912e+02
4.633256300000000465e+02 3.086702999999998838e+02
4.659674100000000294e+02 3.070233299999998735e+02
4.691363600000000247e+02 3.058861499999999296e+02
4.722744600000000332e+02 3.050365499999999201e+02
4.752877300000000105e+02 3.048570199999999204e+02
4.781380599999999959e+02 3.052774899999999434e+02
4.807932500000000005e+02 3.062341299999999364e+02
4.832190299999999752e+02 3.076571199999999635e+02
4.853811399999999594e+02 3.094786299999999528e+02
4.872474699999999643e+02 3.116346599999999398e+02
4.887817399999999566e+02 3.140554399999999760e+02
4.907213899999999285e+02 3.194275099999999838e+02
4.910585199999999304e+02 3.222450800000000299e+02
4.909303999999999064e+02 3.250578400000000556e+02
4.902993699999998967e+02 3.278019300000000840e+02
4.891349299999998834e+02 3.304074600000001283e+02
4.874010399999999095e+02 3.328104800000000978e+02
4.850653299999999035e+02 3.349412300000001323e+02
4.826955199999999309e+02 3.366193000000001803e+02
4.800750999999999067e+02 3.378635600000002341e+02
4.772817999999999188e+02 3.386474700000002258e+02
4.743932299999999032e+02 3.389384900000002290e+02
4.743934100000000171e+02 3.389384499999999889e+02
