8.305196899999999687e+02 3.661711500000000115e+02
8.271526199999999562e+02 3.660728500000000167e+02
8.241314199999999346e+02 3.653267700000000104e+02
8.214650699999999688e+02 3.640147800000000302e+02
8.191685199999999440e+02 3.622187500000000568e+02
8.172566799999999603e+02 3.600223500000000740e+02
8.157405599999999595e+02 3.575095300000000975e+02
8.146330799999999499e+02 3.547620400000000700e+02
8.139491799999999557e+02 3.518617500000000291e+02
8.136997299999999314e+02 3.488924700000000030e+02
8.139000499999999647e+02 3.459380200000000514e+02
8.145625599999999622e+02 3.430782000000000380e+02
8.156985300000000052e+02 3.403969299999999976e+02
8.173247900000000072e+02 3.379778800000000274e+02
8.194522799999999734e+02 3.359029900000000453e+02
8.220940600000000131e+02 3.342560300000000097e+02
8.252630100000000084e+02 3.331188399999999774e+02
8.284011100000000170e+02 3.322692399999999679e+02
8.314143800000000510e+02 3.320897199999999430e+02
8.342647100000000364e+02 3.325101899999999659e+02
8.369198999999999842e+02 3.334668199999999842e+02
8.393456800000000158e+02 3.348898199999999861e+02
8.415077900000000000e+02 3.367113200000000006e+02
8.433741199999999480e+02 3.388673499999999876e+02
8.449084199999999782e+02 3.412880999999999858e+02
8.468480399999999690e+02 3.466602100000000064e+02
8.471851699999999710e+02 3.494777299999999514e+02
8.470570500000000038e+02 3.522904999999999518e+02
8.464259799999999814e+02 3.550345799999999485e+02
8.452615499999999429e+02 3.576401199999999676e+02
8.435276499999999942e+02 3.600431799999999498e+02
8.411919400000000451e+02 3.621739199999999528e+02
8.388221399999999903e+02 3.638519999999999754e+02
8.362017200000000230e+02 3.650962499999999977e+02
8.334084199999999782e+02 3.658801700000000210e+02
8.305198399999999310e+02 3.661711900000000242e+02
8.305196899999999687e+02 3.661711500000000115e+02
