7.029255200000000059e+02 4.838127099999999814e+02
6.995584599999999682e+02 4.837144099999999867e+02
6.965372099999999591e+02 4.829683299999999804e+02
6.938709099999999808e+02 4.816563400000000001e+02
6.915743599999999560e+02 4.798602599999999825e+02
6.896625199999999722e+02 4.776638899999999808e+02
6.881463999999999714e+02 4.751510399999999663e+02
6.870389199999999619e+02 4.724035899999999515e+02
6.863549799999999550e+02 4.695032899999999358e+02
6.861055299999999306e+02 4.665340199999999413e+02
6.863054699999999002e+02 4.635795599999999581e+02
6.869680199999999104e+02 4.607197399999999448e+02
6.881039899999999534e+02 4.580384699999999611e+02
6.897302099999999427e+02 4.556194199999999341e+02
6.918577399999999216e+02 4.535445399999999267e+02
6.944995199999999613e+02 4.518975699999999165e+02
6.976684699999999566e+02 4.507603899999999157e+02
7.008065299999999525e+02 4.499107899999999063e+02
7.038198399999999992e+02 4.497312599999999065e+02
7.066701699999999846e+02 4.501517299999999295e+02
7.093253200000000334e+02 4.511083699999999226e+02
7.117511000000000649e+02 4.525313599999999497e+02
7.139132500000000618e+02 4.543528599999999642e+02
7.157795800000000099e+02 4.565088999999999828e+02
7.173138500000000022e+02 4.589296499999999810e+02
7.192535000000000309e+02 4.643017499999999700e+02
7.195906300000000329e+02 4.671192799999999465e+02
7.194625100000000657e+02 4.699320799999999281e+02
7.188314400000000433e+02 4.726761599999999248e+02
7.176670000000000300e+02 4.752816999999999439e+02
7.159330700000000434e+02 4.776847199999999702e+02
7.135973999999999933e+02 4.798154699999999480e+02
7.112275999999999385e+02 4.814935599999999454e+02
7.086071699999998827e+02 4.827378199999999424e+02
7.058138399999999137e+02 4.835217299999999341e+02
7.029252999999998792e+02 4.838127499999999372e+02
7.029255200000000059e+02 4.838127099999999814e+02
