7.670501600000000053e+02 4.259001099999999838e+02
7.636830899999999929e+02 4.258018099999999890e+02
7.606618899999999712e+02 4.250557299999999827e+02
7.579955400000000054e+02 4.237437499999999773e+02
7.556989899999999807e+02 4.219476799999999912e+02
7.537871499999999969e+02 4.197513199999999642e+02
7.522710299999999961e+02 4.172384799999999814e+02
7.511635599999999613e+02 4.144910099999999602e+02
7.504796499999999924e+02 4.115907199999999762e+02
7.502301999999999680e+02 4.086214499999999816e+02
7.504301399999999376e+02 4.056669499999999857e+02
7.510926899999999478e+02 4.028071699999999851e+02
7.522286299999999528e+02 4.001259000000000015e+02
7.538548799999999801e+02 3.977068499999999744e+02
7.559824199999999337e+02 3.956319699999999671e+02
7.586241599999999607e+02 3.939849599999999441e+02
7.617931399999999940e+02 3.928477799999999434e+02
7.649311999999999898e+02 3.919982099999999150e+02
7.679444700000000239e+02 3.918186899999998900e+02
7.707948000000000093e+02 3.922391599999999130e+02
7.734499899999999570e+02 3.931957599999998934e+02
7.758757699999999886e+02 3.946187899999998763e+02
7.780379299999999603e+02 3.964402499999998781e+02
7.799042200000000093e+02 3.985962899999998967e+02
7.814385200000000395e+02 4.010170699999998760e+02
7.833781300000000556e+02 4.063891799999998966e+02
7.837152700000000323e+02 4.092067099999998732e+02
7.835871399999999767e+02 4.120194699999998988e+02
7.829560699999999542e+02 4.147635599999998703e+02
7.817916399999999157e+02 4.173690999999998894e+02
7.800577399999999670e+02 4.197721399999998653e+02
7.777220300000000179e+02 4.219028899999998430e+02
7.753522699999999759e+02 4.235809599999998341e+02
7.727318500000000085e+02 4.248252199999998311e+02
7.699385100000000648e+02 4.256091299999998228e+02
7.670499300000000176e+02 4.259001599999998007e+02
7.670501600000000053e+02 4.259001099999999838e+02
