6.079851200000000517e+02 5.751960799999999381e+02
6.046180500000000393e+02 5.750977800000000570e+02
6.015968100000000049e+02 5.743516999999999371e+02
5.989305100000000266e+02 5.730397100000000137e+02
5.966339500000000271e+02 5.712436400000000276e+02
5.947221200000000181e+02 5.690472899999999754e+02
5.932060000000000173e+02 5.665344300000000430e+02
5.920985200000000077e+02 5.637869800000000851e+02
5.914145800000000008e+02 5.608866800000000694e+02
5.911651299999999765e+02 5.579174100000000180e+02
5.913650699999999460e+02 5.549629500000000917e+02
5.920276199999999562e+02 5.521031299999999646e+02
5.931635899999999992e+02 5.494218600000000379e+02
5.947898099999999886e+02 5.470028099999999540e+02
5.969173399999999674e+02 5.449279300000000603e+02
5.995591200000000072e+02 5.432809600000000501e+02
6.027280600000000277e+02 5.421437399999999798e+02
6.058661299999999983e+02 5.412941799999999830e+02
6.088794299999999566e+02 5.411146499999999833e+02
6.117297599999999420e+02 5.415351200000000063e+02
6.143849199999999655e+02 5.424917599999999993e+02
6.168106999999999971e+02 5.439147500000000264e+02
6.189728499999999940e+02 5.457362600000000157e+02
6.208391799999999421e+02 5.478922900000000027e+02
6.223734399999999596e+02 5.503130400000000009e+02
6.243130999999999631e+02 5.556851400000000467e+02
6.246502299999999650e+02 5.585026699999999664e+02
6.245221099999999979e+02 5.613154299999999921e+02
6.238910399999999754e+02 5.640595200000000204e+02
6.227265999999999622e+02 5.666650500000000648e+02
6.209927099999999882e+02 5.690681099999999333e+02
6.186570000000000391e+02 5.711988599999999678e+02
6.162871900000000096e+02 5.728769299999999021e+02
6.136667700000000423e+02 5.741211899999999559e+02
6.108734800000000860e+02 5.749050999999999476e+02
6.079849000000000387e+02 5.751961199999999508e+02
6.079851200000000517e+02 5.751960799999999381e+02
