7.350521300000000338e+02 4.541281299999999987e+02
7.316850699999999961e+02 4.540298300000000040e+02
7.286638299999999617e+02 4.532837499999999977e+02
7.259975200000000086e+02 4.519717600000000175e+02
7.237009699999999839e+02 4.501757300000000441e+02
7.217891300000000001e+02 4.479793700000000172e+02
7.202729699999999866e+02 4.454665100000000280e+02
7.191655299999999897e+02 4.427190200000000004e+02
7.184815899999999829e+02 4.398187300000000164e+02
7.182321399999999585e+02 4.368494900000000030e+02
7.184320799999999281e+02 4.338949999999999818e+02
7.190946299999999383e+02 4.310351799999999685e+02
7.202305699999999433e+02 4.283539099999999848e+02
7.218568199999999706e+02 4.259348599999999578e+02
7.239843499999999494e+02 4.238599699999999757e+02
7.266261299999999892e+02 4.222130099999999970e+02
7.297950799999999845e+02 4.210758200000000215e+02
7.329331799999999930e+02 4.202262200000000121e+02
7.359464500000000271e+02 4.200466900000000123e+02
7.387967800000000125e+02 4.204671700000000101e+02
7.414519300000000612e+02 4.214238000000000284e+02
7.438777100000000928e+02 4.228468000000000302e+02
7.460398600000000897e+02 4.246683000000000447e+02
7.479061900000000378e+02 4.268243300000000318e+02
7.494404600000000300e+02 4.292451200000000426e+02
7.513801100000000588e+02 4.346171900000000505e+02
7.517172400000000607e+02 4.374347500000000650e+02
7.515891200000000936e+02 4.402475100000000907e+02
7.509580900000000838e+02 4.429916000000000622e+02
7.497936500000000706e+02 4.455971300000000497e+02
7.480597200000000839e+02 4.480001900000000319e+02
7.457240100000001348e+02 4.501309000000000538e+02
7.433542400000001180e+02 4.518090100000000575e+02
7.407338200000001507e+02 4.530532700000000546e+02
7.379404900000001817e+02 4.538371500000000651e+02
7.350519400000001724e+02 4.541281700000000683e+02
7.350521300000000338e+02 4.541281299999999987e+02
