9.465558600000000524e+02 2.035745299999999816e+02
9.431887900000000400e+02 2.034762299999999868e+02
9.401675500000000056e+02 2.027301099999999678e+02
9.375012400000000525e+02 2.014181599999999435e+02
9.352046900000000278e+02 1.996220899999999574e+02
9.332928500000000440e+02 1.974257299999999304e+02
9.317767000000000053e+02 1.949128799999999728e+02
9.306692600000000084e+02 1.921653900000000021e+02
9.299853100000000268e+02 1.892651299999999992e+02
9.297358699999999772e+02 1.862958599999999478e+02
9.299361799999999221e+02 1.833413599999998951e+02
9.305987299999999323e+02 1.804815799999998944e+02
9.317346699999999373e+02 1.778002699999998413e+02
9.333609199999999646e+02 1.753812599999998838e+02
9.354884599999999182e+02 1.733063399999998637e+02
9.381302299999998695e+02 1.716593699999998535e+02
9.412991799999998648e+02 1.705221899999999096e+02
9.444372499999998354e+02 1.696726199999999380e+02
9.474505499999997937e+02 1.694930999999999131e+02
9.503008799999997791e+02 1.699135699999999360e+02
9.529560299999998279e+02 1.708701699999999164e+02
9.553818099999998594e+02 1.722931599999999435e+02
9.575439599999998563e+02 1.741146999999999707e+02
9.594102899999998044e+02 1.762707299999999577e+02
9.609445599999997967e+02 1.786914799999999559e+02
9.628842099999998254e+02 1.840635499999999638e+02
9.632209699999998520e+02 1.868811200000000099e+02
9.630928399999997964e+02 1.896938800000000356e+02
9.624618099999997867e+02 1.924379700000000639e+02
9.612973799999997482e+02 1.950435000000001082e+02
9.595634399999997868e+02 1.974465600000000904e+02
9.572277699999997367e+02 1.995773000000000366e+02
9.548579699999996819e+02 2.012553800000000592e+02
9.522375499999997146e+02 2.024996400000001131e+02
9.494442099999997708e+02 2.032835500000001048e+02
9.465556699999997363e+02 2.035745700000001079e+02
9.465558600000000524e+02 2.035745299999999816e+02
