6.638509199999999737e+02 4.720245800000000145e+02
6.604838499999999613e+02 4.719262800000000198e+02
6.574626099999999269e+02 4.711801700000000324e+02
6.547963099999999486e+02 4.698682200000000080e+02
6.524997499999999491e+02 4.680721500000000219e+02
6.505879099999999653e+02 4.658757899999999950e+02
6.490717599999999265e+02 4.633629300000000057e+02
6.479643199999999297e+02 4.606154399999999782e+02
6.472803699999999480e+02 4.577151799999999753e+02
6.470309299999998984e+02 4.547459099999999808e+02
6.472312399999998433e+02 4.517914199999999596e+02
6.478937899999998535e+02 4.489316399999999589e+02
6.490297299999998586e+02 4.462503299999999626e+02
6.506559799999998859e+02 4.438313199999999483e+02
6.527835199999998395e+02 4.417563899999999535e+02
6.554252599999998665e+02 4.401094299999999748e+02
6.585942399999998997e+02 4.389722399999999993e+02
6.617323099999998703e+02 4.381226800000000026e+02
6.647456099999998287e+02 4.379431500000000028e+02
6.675959399999998141e+02 4.383635899999999879e+02
6.702510999999998376e+02 4.393202200000000062e+02
6.726768699999997807e+02 4.407432499999999891e+02
6.748390299999997524e+02 4.425647199999999657e+02
6.767053599999997004e+02 4.447207499999999527e+02
6.782396199999997179e+02 4.471415399999999636e+02
6.801792699999997467e+02 4.525136099999999715e+02
6.805160299999997733e+02 4.553311699999999860e+02
6.803878999999997177e+02 4.581439300000000117e+02
6.797568299999996952e+02 4.608880199999999832e+02
6.785923999999996568e+02 4.634935499999999706e+02
6.768584999999997081e+02 4.658966099999999528e+02
6.745227899999997589e+02 4.680273599999999306e+02
6.721529899999997042e+02 4.697054299999999216e+02
6.695325699999997369e+02 4.709496899999999187e+02
6.667392699999996921e+02 4.717335999999999103e+02
6.638506899999996449e+02 4.720246299999998882e+02
6.638509199999999737e+02 4.720245800000000145e+02
