7.894595199999999977e+02 3.547703399999999760e+02
7.860924499999999853e+02 3.546720399999999813e+02
7.830712099999999509e+02 3.539259700000000066e+02
7.804048999999999978e+02 3.526139800000000264e+02
7.781083499999999731e+02 3.508179499999999962e+02
7.761965099999999893e+02 3.486215899999999692e+02
7.746803599999999506e+02 3.461087299999999232e+02
7.735729199999999537e+02 3.433612399999999525e+02
7.728889699999999721e+02 3.404609399999999368e+02
7.726395199999999477e+02 3.374916699999998855e+02
7.728394599999999173e+02 3.345372199999999339e+02
7.735020099999999275e+02 3.316773999999999205e+02
7.746379499999999325e+02 3.289961299999998801e+02
7.762641999999999598e+02 3.265771099999998341e+02
7.783917399999999134e+02 3.245021899999998141e+02
7.810335199999999531e+02 3.228552199999998038e+02
7.842024599999999737e+02 3.217180399999998599e+02
7.873405299999999443e+02 3.208684399999998504e+02
7.903538299999999026e+02 3.206889099999998507e+02
7.932041599999998880e+02 3.211093899999998484e+02
7.958593199999999115e+02 3.220660199999998667e+02
7.982850899999998546e+02 3.234890099999998938e+02
8.004472499999998263e+02 3.253105199999998831e+02
8.023135799999997744e+02 3.274665499999998701e+02
8.038478399999997919e+02 3.298873399999998810e+02
8.057874899999998206e+02 3.352594099999998889e+02
8.061246299999997973e+02 3.380769299999998339e+02
8.059964999999997417e+02 3.408896899999998595e+02
8.053654299999997193e+02 3.436337799999998879e+02
8.042010399999996935e+02 3.462393499999998312e+02
8.024670999999997321e+02 3.486423699999998007e+02
8.001313899999997830e+02 3.507731199999998353e+02
7.977616299999997409e+02 3.524511899999998263e+02
7.951412099999997736e+02 3.536954499999998234e+02
7.923478699999998298e+02 3.544793599999998150e+02
7.894593299999997953e+02 3.547703899999997930e+02
7.894595199999999977e+02 3.547703399999999760e+02
