8.200326000000000022e+02 3.237757800000000543e+02
8.166655299999999897e+02 3.236774800000000596e+02
8.136442899999999554e+02 3.229314000000000533e+02
8.109779800000000023e+02 3.216194500000000289e+02
8.086814299999999776e+02 3.198233800000000429e+02
8.067695899999999938e+02 3.176269800000000032e+02
8.052534399999999550e+02 3.151141700000000583e+02
8.041459999999999582e+02 3.123666800000000876e+02
8.034620499999999765e+02 3.094664200000000847e+02
8.032126099999999269e+02 3.064971500000000333e+02
8.034129199999998718e+02 3.035426499999999805e+02
8.040754699999998820e+02 3.006828699999999799e+02
8.052114099999998871e+02 2.980015599999999267e+02
8.068376599999999144e+02 2.955825099999999566e+02
8.089651999999998679e+02 2.935076299999999492e+02
8.116069699999998193e+02 2.918606599999999389e+02
8.147759199999998145e+02 2.907234799999999950e+02
8.179139799999998104e+02 2.898739100000000235e+02
8.209272899999998572e+02 2.896943899999999985e+02
8.237776199999998425e+02 2.901148200000000088e+02
8.264327799999998660e+02 2.910714600000000019e+02
8.288585499999999229e+02 2.924944900000000416e+02
8.310207099999998945e+02 2.943159500000000435e+02
8.328870399999998426e+02 2.964719900000000052e+02
8.344212999999998601e+02 2.988927700000000414e+02
8.363609499999998889e+02 3.042648400000000493e+02
8.366977099999999155e+02 3.070824100000000954e+02
8.365695799999998599e+02 3.098951700000001210e+02
8.359385099999998374e+02 3.126392600000001494e+02
8.347741199999998116e+02 3.152447900000001937e+02
8.330401799999998502e+02 3.176478500000001759e+02
8.307044699999999011e+02 3.197785600000001978e+02
8.283347099999998591e+02 3.214566700000001447e+02
8.257142899999998917e+02 3.227009200000001101e+02
8.229209499999999480e+02 3.234848000000000638e+02
8.200324099999999135e+02 3.237758200000000670e+02
8.200326000000000022e+02 3.237757800000000543e+02
