7.461216600000000199e+02 3.405076400000000376e+02
7.427545999999999822e+02 3.404093400000000429e+02
7.397333499999999731e+02 3.396632700000000114e+02
7.370670099999999820e+02 3.383512799999999743e+02
7.347704899999999952e+02 3.365552099999999882e+02
7.328586599999999862e+02 3.343588499999999613e+02
7.313424999999999727e+02 3.318460299999999279e+02
7.302350199999999631e+02 3.290985399999999572e+02
7.295511199999999690e+02 3.261982399999999416e+02
7.293016699999999446e+02 3.232289699999998902e+02
7.295019799999998895e+02 3.202745199999999386e+02
7.301645399999998745e+02 3.174146999999999252e+02
7.313004699999999048e+02 3.147334299999998848e+02
7.329267299999999068e+02 3.123144099999998389e+02
7.350542599999998856e+02 3.102394899999998188e+02
7.376960399999999254e+02 3.085925199999998085e+02
7.408649799999999459e+02 3.074553399999998646e+02
7.440030499999999165e+02 3.066057399999998552e+02
7.470163499999998749e+02 3.064262099999998554e+02
7.498666799999998602e+02 3.068466899999998532e+02
7.525218399999998837e+02 3.078033199999998715e+02
7.549476199999999153e+02 3.092263099999998985e+02
7.571097699999999122e+02 3.110478199999998878e+02
7.589760999999998603e+02 3.132038499999998749e+02
7.605103599999998778e+02 3.156246399999998857e+02
7.624500199999998813e+02 3.209967099999998936e+02
7.627867699999999331e+02 3.238142299999998386e+02
7.626586499999999660e+02 3.266270299999998770e+02
7.620275799999999435e+02 3.293711199999999053e+02
7.608631799999999430e+02 3.319766499999999496e+02
7.591292499999999563e+02 3.343796699999999191e+02
7.567935400000000072e+02 3.365104199999999537e+02
7.544237699999999904e+02 3.381884900000000016e+02
7.518033500000000231e+02 3.394327500000000555e+02
7.490100200000000541e+02 3.402166600000000471e+02
7.461214700000000448e+02 3.405076900000000251e+02
7.461216600000000199e+02 3.405076400000000376e+02
