7.802997699999999668e+02 3.092503500000000258e+02
7.769326999999999543e+02 3.091520500000000311e+02
7.739114599999999200e+02 3.084059700000000248e+02
7.712451199999999290e+02 3.070940200000000004e+02
7.689485999999999422e+02 3.052979500000000144e+02
7.670367299999999204e+02 3.031015499999999747e+02
7.655206099999999196e+02 3.005887299999999414e+02
7.644131299999999101e+02 2.978412399999999707e+02
7.637292199999999411e+02 2.949409799999999677e+02
7.634797799999998915e+02 2.919717099999999164e+02
7.636797099999998863e+02 2.890172199999999521e+02
7.643422599999998965e+02 2.861574399999999514e+02
7.654781999999999016e+02 2.834761299999998982e+02
7.671044599999999036e+02 2.810570799999999281e+02
7.692319899999998825e+02 2.789821899999999459e+02
7.718737299999999095e+02 2.773352299999999104e+02
7.750427099999999427e+02 2.761980399999998781e+02
7.781807799999999133e+02 2.753484399999998686e+02
7.811940799999998717e+02 2.751689099999998689e+02
7.840443699999998444e+02 2.755893899999998666e+02
7.866995699999998806e+02 2.765460199999998849e+02
7.891253399999998237e+02 2.779690199999998867e+02
7.912874999999997954e+02 2.797905199999999013e+02
7.931538299999997434e+02 2.819465499999998883e+02
7.946880899999997609e+02 2.843673399999998992e+02
7.966277399999997897e+02 2.897394099999999071e+02
7.969644999999998163e+02 2.925569699999998647e+02
7.968363699999997607e+02 2.953697299999998904e+02
7.962053099999997130e+02 2.981138199999999188e+02
7.950409099999997125e+02 3.007193499999999631e+02
7.933069799999997258e+02 3.031224099999999453e+02
7.909712699999997767e+02 3.052531199999999671e+02
7.886014999999997599e+02 3.069312299999999141e+02
7.859810799999997926e+02 3.081754899999999679e+02
7.831877399999998488e+02 3.089593699999999217e+02
7.802991999999998143e+02 3.092503899999999248e+02
7.802997699999999668e+02 3.092503500000000258e+02
