8.828247999999999820e+02 4.207866000000000213e+02
8.794579599999999573e+02 4.206804000000000201e+02
8.764384999999999764e+02 4.199272100000000023e+02
8.737752899999999272e+02 4.186089900000000057e+02
8.714829699999999093e+02 4.168075499999999920e+02
8.695762699999999086e+02 4.146067199999999957e+02
8.680660499999999047e+02 4.120903099999999881e+02
8.669650399999999308e+02 4.093402499999999691e+02
8.662879299999999603e+02 4.064383599999999888e+02
8.660456699999999728e+02 4.034685200000000123e+02
8.662527799999999161e+02 4.005145200000000045e+02
8.669220199999998613e+02 3.976562900000000127e+02
8.680642699999998513e+02 3.949776600000000144e+02
8.696961999999998625e+02 3.925624700000000189e+02
8.718286099999999124e+02 3.904925700000000006e+02
8.744741999999998825e+02 3.888518100000000004e+02
8.776457899999999199e+02 3.877220300000000179e+02
8.807858599999999569e+02 3.868798400000000015e+02
8.837995399999999790e+02 3.867071100000000001e+02
8.866488899999999376e+02 3.871342799999999897e+02
8.893018199999999069e+02 3.880971099999999865e+02
8.917242299999999204e+02 3.895258099999999786e+02
8.938820799999999736e+02 3.913523799999999824e+02
8.957433399999999892e+02 3.935127999999999702e+02
8.972719399999999723e+02 3.959371399999999426e+02
8.991989699999999175e+02 4.013137799999999515e+02
8.995292999999999211e+02 4.041320999999999231e+02
8.993947399999999561e+02 4.069445599999999104e+02
8.987572499999999991e+02 4.096871699999999237e+02
8.975866899999999760e+02 4.122899399999999446e+02
8.958471700000000055e+02 4.146889199999999391e+02
8.935064700000000357e+02 4.168141699999999332e+02
8.911327400000000125e+02 4.184866899999999532e+02
8.885094000000000278e+02 4.197247799999999529e+02
8.857142499999999927e+02 4.205021199999999340e+02
8.828250299999999697e+02 4.207863399999999388e+02
8.828247999999999820e+02 4.207866000000000213e+02
