8.407829799999999523e+02 2.532900499999999511e+02
8.374159099999999398e+02 2.531917499999999563e+02
8.343946699999999055e+02 2.524456699999999501e+02
8.317283699999999271e+02 2.511336799999999130e+02
8.294318099999999276e+02 2.493376099999999269e+02
8.275199799999999186e+02 2.471412899999999127e+02
8.260038199999999051e+02 2.446284299999998666e+02
8.248963799999999083e+02 2.418809399999998959e+02
8.242124399999999014e+02 2.389806499999998550e+02
8.239629899999998770e+02 2.360113699999998289e+02
8.241632999999998219e+02 2.330569199999998773e+02
8.248258499999998321e+02 2.301970999999998639e+02
8.259618299999998499e+02 2.275158299999998235e+02
8.275880499999998392e+02 2.250967799999998533e+02
8.297155799999998180e+02 2.230218899999998712e+02
8.323573599999998578e+02 2.213749299999998357e+02
8.355262999999998783e+02 2.202377399999998033e+02
8.386643699999998489e+02 2.193881399999997939e+02
8.416776699999998073e+02 2.192086099999997941e+02
8.445279999999997926e+02 2.196290899999997919e+02
8.471831599999998161e+02 2.205857199999998102e+02
8.496089299999998730e+02 2.220087199999998120e+02
8.517710899999998446e+02 2.238302199999998265e+02
8.536374199999997927e+02 2.259862499999998136e+02
8.551716799999998102e+02 2.284070399999998244e+02
8.571113299999998389e+02 2.337791099999998323e+02
8.574480899999998655e+02 2.365966299999997773e+02
8.573199599999998100e+02 2.394094299999998157e+02
8.566888999999997623e+02 2.421535199999998440e+02
8.555244599999997490e+02 2.447590499999998883e+02
8.537905299999997624e+02 2.471620799999998326e+02
8.514548599999997123e+02 2.492928199999997787e+02
8.490850499999996828e+02 2.509709299999997256e+02
8.464646299999997154e+02 2.522151899999997795e+02
8.436712999999997464e+02 2.529990699999997332e+02
8.407827599999997119e+02 2.532900899999997364e+02
8.407829799999999523e+02 2.532900499999999511e+02
