8.723048400000000129e+02 2.206036000000000286e+02
8.689377700000000004e+02 2.205053000000000338e+02
8.659165299999999661e+02 2.197592200000000275e+02
8.632502200000000130e+02 2.184472299999999905e+02
8.609536699999999882e+02 2.166511600000000044e+02
8.590418300000000045e+02 2.144547999999999774e+02
8.575256799999999657e+02 2.119419399999999314e+02
8.564182399999999689e+02 2.091944899999999734e+02
8.557342899999999872e+02 2.062941999999999325e+02
8.554848399999999629e+02 2.033249199999999064e+02
8.556847799999999324e+02 2.003704699999999548e+02
8.563473299999999426e+02 1.975106499999999414e+02
8.574832699999999477e+02 1.948293799999999010e+02
8.591095199999999750e+02 1.924103299999999308e+02
8.612370599999999286e+02 1.903354399999999487e+02
8.638788299999998799e+02 1.886884399999999005e+02
8.670477799999998751e+02 1.875512899999998808e+02
8.701858499999998457e+02 1.867016899999998714e+02
8.731991499999998041e+02 1.865221599999998716e+02
8.760494399999997768e+02 1.869426399999998694e+02
8.787045999999998003e+02 1.878992699999998877e+02
8.811303799999998319e+02 1.893222599999999147e+02
8.832925299999998288e+02 1.911437699999999040e+02
8.851588599999997768e+02 1.932997999999998910e+02
8.866931199999997943e+02 1.957205499999998892e+02
8.886327799999997978e+02 2.010926599999999098e+02
8.889699099999997998e+02 2.039101799999998548e+02
8.888417799999997442e+02 2.067229499999998552e+02
8.882107499999997344e+02 2.094670299999999088e+02
8.870463199999996959e+02 2.120725599999999531e+02
8.853123799999997345e+02 2.144756299999999101e+02
8.829767099999996844e+02 2.166063699999998562e+02
8.806069099999996297e+02 2.182844399999999041e+02
8.779864899999996624e+02 2.195286999999999580e+02
8.751931499999997186e+02 2.203126099999999497e+02
8.723046499999996968e+02 2.206036399999999276e+02
8.723048400000000129e+02 2.206036000000000286e+02
