8.109491699999999810e+02 2.793196199999999862e+02
8.075820999999999685e+02 2.792213199999999915e+02
8.045608999999999469e+02 2.784752099999999473e+02
8.018945599999999558e+02 2.771632599999999229e+02
7.995979999999999563e+02 2.753671899999999368e+02
7.976861699999999473e+02 2.731708299999999099e+02
7.961700499999999465e+02 2.706579699999998638e+02
7.950625699999999370e+02 2.679104799999998932e+02
7.943786599999999680e+02 2.650102299999998650e+02
7.941292199999999184e+02 2.620409499999998388e+02
7.943295299999998633e+02 2.590864599999998745e+02
7.949920399999998608e+02 2.562266799999998739e+02
7.961280199999998786e+02 2.535453699999998207e+02
7.977542699999999058e+02 2.511263599999998632e+02
7.998818099999998594e+02 2.490514299999998684e+02
8.025235499999998865e+02 2.474044699999998329e+02
8.056925299999999197e+02 2.462672799999998006e+02
8.088305899999999156e+02 2.454177199999998038e+02
8.118438599999999497e+02 2.452381899999998041e+02
8.146941899999999350e+02 2.456586299999997891e+02
8.173493899999999712e+02 2.466152599999998074e+02
8.197751599999999144e+02 2.480382599999998092e+02
8.219372799999998733e+02 2.498597599999998238e+02
8.238036099999998214e+02 2.520157899999998108e+02
8.253379099999998516e+02 2.544365799999998217e+02
8.272775199999998677e+02 2.598086499999998296e+02
8.276146599999998443e+02 2.626262099999997872e+02
8.274865299999997887e+02 2.654389699999998129e+02
8.268554599999997663e+02 2.681830599999998412e+02
8.256910299999997278e+02 2.707885899999998855e+02
8.239571299999997791e+02 2.731916599999998425e+02
8.216214199999998300e+02 2.753223599999998896e+02
8.192516199999997752e+02 2.770004699999998365e+02
8.166311999999998079e+02 2.782447299999998904e+02
8.138378999999997632e+02 2.790286099999998441e+02
8.109493199999997159e+02 2.793196299999998473e+02
8.109491699999999810e+02 2.793196199999999862e+02
