5.608301199999999653e+02 5.201870699999999488e+02
5.574630199999999149e+02 5.200887700000000677e+02
5.544418099999999185e+02 5.193426899999999478e+02
5.517754699999999275e+02 5.180307000000000244e+02
5.494789199999999028e+02 5.162346700000000510e+02
5.475670799999999190e+02 5.140383100000000240e+02
5.460509599999999182e+02 5.115254600000000096e+02
5.449434799999999086e+02 5.087779699999999821e+02
5.442595799999999144e+02 5.058776699999999664e+02
5.440101299999998901e+02 5.029083999999999719e+02
5.442104399999998350e+02 4.999539399999999887e+02
5.448729899999998452e+02 4.970941199999999753e+02
5.460089299999998502e+02 4.944128499999999917e+02
5.476351899999998523e+02 4.919937999999999647e+02
5.497627199999998311e+02 4.899189199999999573e+02
5.524044599999998582e+02 4.882719499999999471e+02
5.555734399999998914e+02 4.871347699999999463e+02
5.587115099999998620e+02 4.862851699999999369e+02
5.617247699999998076e+02 4.861056399999999371e+02
5.645750999999997930e+02 4.865261099999999601e+02
5.672302999999998292e+02 4.874827499999999532e+02
5.696560699999997723e+02 4.889057399999999802e+02
5.718182299999997440e+02 4.907272399999999948e+02
5.736845599999996921e+02 4.928832800000000134e+02
5.752188199999997096e+02 4.953040599999999927e+02
5.771584699999997383e+02 5.006761300000000006e+02
5.774952299999997649e+02 5.034936900000000151e+02
5.773670999999997093e+02 5.063064600000000155e+02
5.767360399999996616e+02 5.090505400000000122e+02
5.755715999999996484e+02 5.116560800000000313e+02
5.738377099999996744e+02 5.140591000000000577e+02
5.715019999999997253e+02 5.161898499999999785e+02
5.691321899999996958e+02 5.178679200000000264e+02
5.665117699999997285e+02 5.191122100000000046e+02
5.637184699999996838e+02 5.198960899999999583e+02
5.608298999999997250e+02 5.201871100000000752e+02
5.608301199999999653e+02 5.201870699999999488e+02
