8.486566199999999753e+02 4.513063799999999901e+02
8.452897799999999506e+02 4.512001700000000142e+02
8.422703099999999949e+02 4.504470300000000407e+02
8.396070700000000215e+02 4.491287700000000314e+02
8.373147500000000036e+02 4.473273300000000177e+02
8.354080500000000029e+02 4.451264700000000403e+02
8.338978299999999990e+02 4.426101000000000454e+02
8.327968100000000504e+02 4.398600400000000263e+02
8.321197100000000546e+02 4.369581600000000208e+02
8.318774400000000924e+02 4.339882800000000316e+02
8.320845600000001241e+02 4.310342800000000238e+02
8.327538000000000693e+02 4.281760500000000320e+02
8.338960500000000593e+02 4.254974600000000464e+02
8.355279800000000705e+02 4.230822300000000382e+02
8.376603900000001204e+02 4.210123300000000199e+02
8.403059800000000905e+02 4.193715600000000450e+02
8.434776100000001406e+02 4.182418200000000184e+02
8.466176800000001776e+02 4.173995900000000461e+02
8.496313600000001998e+02 4.172268700000000194e+02
8.524807100000001583e+02 4.176540300000000343e+02
8.551336300000001529e+02 4.186169100000000185e+02
8.575560500000001412e+02 4.200455699999999979e+02
8.597138900000001058e+02 4.218721400000000017e+02
8.615751600000000963e+02 4.240325500000000147e+02
8.631037500000001046e+02 4.264569299999999998e+02
8.650307800000000498e+02 4.318335400000000277e+02
8.653611100000000533e+02 4.346518900000000372e+02
8.652265600000000632e+02 4.374643500000000245e+02
8.645890700000001061e+02 4.402069299999999998e+02
8.634185100000000830e+02 4.428097399999999766e+02
8.616789800000001378e+02 4.452087199999999712e+02
8.593382800000001680e+02 4.473339399999999841e+02
8.569645500000001448e+02 4.490064600000000041e+02
8.543412200000001349e+02 4.502445599999999786e+02
8.515460700000000998e+02 4.510218899999999849e+02
8.486568500000000768e+02 4.513061099999999897e+02
8.486566199999999753e+02 4.513063799999999901e+02
