8.322977899999999636e+02 2.097054500000000417e+02
8.289307299999999259e+02 2.096071500000000469e+02
8.259094799999999168e+02 2.088610700000000406e+02
8.232431799999999384e+02 2.075490800000000036e+02
8.209466199999999390e+02 2.057530100000000175e+02
8.190347899999999299e+02 2.035566900000000032e+02
8.175186299999999164e+02 2.010438400000000456e+02
8.164111899999999196e+02 1.982963500000000749e+02
8.157272499999999127e+02 1.953960900000000720e+02
8.154777999999998883e+02 1.924267800000001216e+02
8.156781099999998332e+02 1.894723200000000816e+02
8.163406699999998182e+02 1.866125000000000682e+02
8.174766399999998612e+02 1.839312300000000278e+02
8.191028599999998505e+02 1.815121800000000576e+02
8.212303899999998293e+02 1.794373000000000502e+02
8.238721699999998691e+02 1.777903300000000399e+02
8.270411099999998896e+02 1.766531500000000960e+02
8.301791799999998602e+02 1.758035500000000866e+02
8.331924799999998186e+02 1.756240200000000868e+02
8.360428099999998039e+02 1.760444900000001098e+02
8.386979699999998275e+02 1.770011300000001029e+02
8.411237499999998590e+02 1.784241200000001299e+02
8.432858999999998559e+02 1.802456300000001193e+02
8.451522299999998040e+02 1.824016600000001063e+02
8.466864899999998215e+02 1.848224400000001424e+02
8.486261499999998250e+02 1.901945100000001503e+02
8.489628999999998769e+02 1.930120400000001837e+02
8.488347799999999097e+02 1.958248400000002221e+02
8.482037099999998873e+02 1.985689300000002504e+02
8.470392699999998740e+02 2.011744600000002947e+02
8.453053399999998874e+02 2.035774800000002642e+02
8.429696699999998373e+02 2.057082300000002988e+02
8.405998699999997825e+02 2.073863400000002457e+02
8.379794399999997268e+02 2.086306000000002996e+02
8.351861099999997577e+02 2.094144700000002786e+02
8.322975699999997232e+02 2.097054900000002817e+02
8.322977899999999636e+02 2.097054500000000417e+02
