7.695009700000000521e+02 2.696284200000000055e+02
7.661339000000000397e+02 2.695301200000000108e+02
7.631126600000000053e+02 2.687840499999999793e+02
7.604463200000000143e+02 2.674720599999999422e+02
7.581498000000000275e+02 2.656760299999999688e+02
7.562379600000000437e+02 2.634796299999999292e+02
7.547218100000000049e+02 2.609668099999998958e+02
7.536143299999999954e+02 2.582193199999999251e+02
7.529304200000000264e+02 2.553190599999999222e+02
7.526809700000000021e+02 2.523497899999998708e+02
7.528812900000000354e+02 2.493952999999999065e+02
7.535438400000000456e+02 2.465354799999998932e+02
7.546797800000000507e+02 2.438542099999998527e+02
7.563060300000000780e+02 2.414351599999998825e+02
7.584335700000000315e+02 2.393602699999999004e+02
7.610753100000000586e+02 2.377133099999998649e+02
7.642442900000000918e+02 2.365761199999998325e+02
7.673823500000000877e+02 2.357265199999998231e+02
7.703956600000001345e+02 2.355469899999998233e+02
7.732459900000001198e+02 2.359674699999998211e+02
7.759011500000001433e+02 2.369240999999998394e+02
7.783269200000002002e+02 2.383470899999998664e+02
7.804890800000001718e+02 2.401685999999998558e+02
7.823554100000001199e+02 2.423246299999998428e+02
7.838896700000001374e+02 2.447453799999998409e+02
7.858293200000001661e+02 2.501174899999998615e+02
7.861660800000001927e+02 2.529350499999998192e+02
7.860379500000001372e+02 2.557478099999998449e+02
7.854068800000001147e+02 2.584918999999998732e+02
7.842424900000000889e+02 2.610974299999999175e+02
7.825085500000001275e+02 2.635004899999998997e+02
7.801728400000001784e+02 2.656311999999999216e+02
7.778030800000001364e+02 2.673093099999998685e+02
7.751826600000001690e+02 2.685535699999999224e+02
7.723893200000002253e+02 2.693374399999999014e+02
7.695007800000001907e+02 2.696284699999998793e+02
7.695009700000000521e+02 2.696284200000000055e+02
