6.751087300000000369e+02 3.594023300000000063e+02
6.717416600000000244e+02 3.593040300000000116e+02
6.687204199999999901e+02 3.585579600000000369e+02
6.660541200000000117e+02 3.572460100000000125e+02
6.637575600000000122e+02 3.554499400000000264e+02
6.618457300000000032e+02 3.532535799999999995e+02
6.603295699999999897e+02 3.507407200000000103e+02
6.592221299999999928e+02 3.479932300000000396e+02
6.585381899999999860e+02 3.450929700000000366e+02
6.582887399999999616e+02 3.421236999999999853e+02
6.584890499999999065e+02 3.391692100000000210e+02
6.591515999999999167e+02 3.363094300000000203e+02
6.602875399999999217e+02 3.336281199999999671e+02
6.619137999999999238e+02 3.312090699999999970e+02
6.640413299999999026e+02 3.291341800000000148e+02
6.666831099999999424e+02 3.274872100000000046e+02
6.698520499999999629e+02 3.263500300000000607e+02
6.729901199999999335e+02 3.255004700000000639e+02
6.760034199999998918e+02 3.253205600000001141e+02
6.788537499999998772e+02 3.257410400000001118e+02
6.815089099999999007e+02 3.266976700000001301e+02
6.839346799999998439e+02 3.281206600000001572e+02
6.860968399999998155e+02 3.299421700000001465e+02
6.879631699999997636e+02 3.320982000000001335e+02
6.894974299999997811e+02 3.345189900000001444e+02
6.914370799999998098e+02 3.398910600000001523e+02
6.917742199999997865e+02 3.427086200000001099e+02
6.916460899999997309e+02 3.455213800000001356e+02
6.910150199999997085e+02 3.482654700000001640e+02
6.898505099999997583e+02 3.508710000000002083e+02
6.881165799999997716e+02 3.532740600000001905e+02
6.857808699999998225e+02 3.554047700000002123e+02
6.834111099999997805e+02 3.570828800000002161e+02
6.807906799999997247e+02 3.583271400000002131e+02
6.779973499999997557e+02 3.591110100000001921e+02
6.751088099999997212e+02 3.594020400000001700e+02
6.751087300000000369e+02 3.594023300000000063e+02
