6.433642899999999827e+02 3.883274200000000178e+02
6.399972299999999450e+02 3.882291200000000231e+02
6.369760199999999486e+02 3.874830400000000168e+02
6.343096799999999575e+02 3.861710500000000366e+02
6.320131299999999328e+02 3.843750200000000632e+02
6.301012899999999490e+02 3.821786200000000804e+02
6.285851699999999482e+02 3.796658000000001039e+02
6.274776899999999387e+02 3.769183100000000763e+02
6.267937899999999445e+02 3.740180600000000481e+02
6.265443399999999201e+02 3.710487800000000220e+02
6.267446499999998650e+02 3.680942900000000009e+02
6.274071999999998752e+02 3.652344699999999875e+02
6.285431399999998803e+02 3.625532000000000039e+02
6.301693999999998823e+02 3.601341499999999769e+02
6.322969299999998611e+02 3.580592699999999695e+02
6.349387099999999009e+02 3.564122999999999593e+02
6.381076499999999214e+02 3.552751099999999838e+02
6.412457199999998920e+02 3.544255099999999743e+02
6.442589799999998377e+02 3.542459899999999493e+02
6.471093099999998230e+02 3.546664599999999723e+02
6.497645099999998592e+02 3.556230999999999653e+02
6.521902799999998024e+02 3.570460899999999924e+02
6.543523999999997613e+02 3.588675900000000070e+02
6.562187299999997094e+02 3.610236199999999940e+02
6.577530299999997396e+02 3.634443699999999922e+02
6.596926799999997684e+02 3.688164800000000128e+02
6.600294399999997950e+02 3.716340400000000272e+02
6.599013099999997394e+02 3.744468100000000277e+02
6.592702099999997927e+02 3.771908900000000244e+02
6.581058099999997921e+02 3.797964200000000119e+02
6.563718799999998055e+02 3.821994900000000257e+02
6.540361699999998564e+02 3.843301900000000160e+02
6.516663999999998396e+02 3.860083099999999945e+02
6.490459799999998722e+02 3.872525600000000168e+02
6.462526499999999032e+02 3.880364400000000273e+02
6.433640999999998940e+02 3.883274600000000305e+02
6.433642899999999827e+02 3.883274200000000178e+02
