7.839939500000000407e+02 5.100736999999999739e+02
7.806271100000000160e+02 5.099674899999999980e+02
7.776076800000000731e+02 5.092143100000000118e+02
7.749444400000000996e+02 5.078960900000000152e+02
7.726520800000000690e+02 5.060946500000000015e+02
7.707454200000000810e+02 5.038937900000000241e+02
7.692351900000001024e+02 5.013773800000000165e+02
7.681341800000001285e+02 4.986273199999999974e+02
7.674570400000001200e+02 4.957254399999999919e+02
7.672147700000001578e+02 4.927556000000000154e+02
7.674218900000001895e+02 4.898016000000000076e+02
7.680911700000001474e+02 4.869433700000000158e+02
7.692334200000001374e+02 4.842647400000000175e+02
7.708653000000001612e+02 4.818495500000000220e+02
7.729977100000002110e+02 4.797796500000000037e+02
7.756433500000001686e+02 4.781388800000000288e+02
7.788149400000002061e+02 4.770091400000000021e+02
7.819550100000002431e+02 4.761669100000000299e+02
7.849687200000001894e+02 4.759941900000000032e+02
7.878180400000002237e+02 4.764213500000000181e+02
7.904709600000002183e+02 4.773842200000000275e+02
7.928934100000002445e+02 4.788128800000000069e+02
7.950512600000002976e+02 4.806394799999999918e+02
7.969125200000003133e+02 4.827998699999999985e+02
7.984411200000002964e+02 4.852242499999999836e+02
8.003681500000002416e+02 4.906008499999999799e+02
8.006984800000002451e+02 4.934192099999999641e+02
8.005639300000002549e+02 4.962316699999999514e+02
7.999263900000003105e+02 4.989742499999999268e+02
7.987558700000003000e+02 5.015770599999999035e+02
7.970163100000003169e+02 5.039760399999998981e+02
7.946756100000003471e+02 5.061012599999999111e+02
7.923019200000003366e+02 5.077737799999999311e+02
7.896785500000003140e+02 5.090119199999999182e+02
7.868834000000002789e+02 5.097892499999999245e+02
7.839941700000002811e+02 5.100734699999999293e+02
7.839939500000000407e+02 5.100736999999999739e+02
