7.904536600000000135e+02 1.976626199999999471e+02
7.870865900000000011e+02 1.975643199999999524e+02
7.840653899999999794e+02 1.968182399999999461e+02
7.813990400000000136e+02 1.955062499999999091e+02
7.791024899999999889e+02 1.937101799999999230e+02
7.771906500000000051e+02 1.915138199999998960e+02
7.756745300000000043e+02 1.890009699999999384e+02
7.745670499999999947e+02 1.862534799999999677e+02
7.738831099999999878e+02 1.833532199999999648e+02
7.736336599999999635e+02 1.803839499999999134e+02
7.738335999999999331e+02 1.774294499999998607e+02
7.744961499999999432e+02 1.745696699999998600e+02
7.756321299999999610e+02 1.718883999999998196e+02
7.772583399999999756e+02 1.694693499999998494e+02
7.793858799999999292e+02 1.673944699999998420e+02
7.820276499999998805e+02 1.657474599999998190e+02
7.851965999999998758e+02 1.646102799999998751e+02
7.883346999999998843e+02 1.637607199999998784e+02
7.913479699999999184e+02 1.635811899999998786e+02
7.941982999999999038e+02 1.640016599999999016e+02
7.968534899999998515e+02 1.649582999999998947e+02
7.992792299999998704e+02 1.663812899999999217e+02
8.014413899999998421e+02 1.682027899999999363e+02
8.033077199999997902e+02 1.703588299999998981e+02
8.048420199999998204e+02 1.727795799999998962e+02
8.067816299999998364e+02 1.781516799999999421e+02
8.071187699999998131e+02 1.809692099999999755e+02
8.069906399999997575e+02 1.837819700000000012e+02
8.063595699999997350e+02 1.865260600000000295e+02
8.051951399999996966e+02 1.891315900000000738e+02
8.034612399999997479e+02 1.915346500000000560e+02
8.011255299999997987e+02 1.936654000000000906e+02
7.987557299999997440e+02 1.953434700000001385e+02
7.961353099999997767e+02 1.965877300000001924e+02
7.933420099999997319e+02 1.973716400000001840e+02
7.904534299999996847e+02 1.976626600000001872e+02
7.904536600000000135e+02 1.976626199999999471e+02
