7.594176099999999678e+02 2.266228899999999840e+02
7.560505799999999681e+02 2.265245899999999892e+02
7.530293399999999338e+02 2.257785099999999829e+02
7.503629899999999679e+02 2.244665199999999459e+02
7.480664399999999432e+02 2.226704899999999725e+02
7.461545999999999594e+02 2.204741000000000213e+02
7.446384799999999586e+02 2.179612399999999752e+02
7.435310099999999238e+02 2.152137900000000172e+02
7.428470999999999549e+02 2.123134900000000016e+02
7.425976499999999305e+02 2.093442199999999502e+02
7.427975899999999001e+02 2.063897599999999102e+02
7.434601399999999103e+02 2.035299399999998968e+02
7.445960799999999153e+02 2.008486699999998564e+02
7.462223299999999426e+02 1.984296199999998862e+02
7.483498599999999215e+02 1.963547399999998788e+02
7.509915999999999485e+02 1.947077299999998559e+02
7.541605899999999565e+02 1.935705899999998110e+02
7.572986499999999523e+02 1.927209899999998015e+02
7.603119599999999991e+02 1.925414599999998018e+02
7.631622899999999845e+02 1.929619299999998248e+02
7.658174400000000333e+02 1.939185699999998178e+02
7.682432200000000648e+02 1.953415599999998449e+02
7.704053700000000617e+02 1.971630699999998342e+02
7.722716700000000856e+02 1.993190999999998212e+02
7.738059700000001158e+02 2.017398499999998194e+02
7.757455800000001318e+02 2.071119499999998652e+02
7.760827200000001085e+02 2.099294799999998986e+02
7.759545900000000529e+02 2.127422799999999370e+02
7.753235200000000304e+02 2.154863699999999653e+02
7.741590899999999920e+02 2.180919000000000096e+02
7.724251900000000433e+02 2.204949199999999792e+02
7.700894800000000942e+02 2.226256700000000137e+02
7.677197200000000521e+02 2.243037400000000616e+02
7.650993000000000848e+02 2.255480000000001155e+02
7.623059600000001410e+02 2.263319100000001072e+02
7.594173800000000938e+02 2.266229300000001103e+02
7.594176099999999678e+02 2.266228899999999840e+02
