8.405911099999999578e+02 9.805047999999999320e+01
8.372240399999999454e+02 9.795217999999999847e+01
8.342028399999999237e+02 9.720609999999999218e+01
8.315364999999999327e+02 9.589410999999995511e+01
8.292399399999999332e+02 9.409803999999996904e+01
8.273281099999999242e+02 9.190167999999994208e+01
8.258119899999999234e+02 8.938885999999990872e+01
8.247045099999999138e+02 8.664136999999993805e+01
8.240205999999999449e+02 8.374107999999989715e+01
8.237711599999998953e+02 8.077183999999988373e+01
8.239710899999998901e+02 7.781733999999983098e+01
8.246336399999999003e+02 7.495753999999988082e+01
8.257695799999999053e+02 7.227633999999989101e+01
8.273958399999999074e+02 6.985723999999993339e+01
8.295233699999998862e+02 6.778233999999997650e+01
8.321651099999999133e+02 6.613544000000001688e+01
8.353340899999999465e+02 6.499824000000000979e+01
8.384721599999999171e+02 6.414864000000000033e+01
8.414854199999998627e+02 6.396903999999994994e+01
8.443357499999998481e+02 6.438953999999989719e+01
8.469909499999998843e+02 6.534623999999985244e+01
8.494167199999999411e+02 6.676913999999987936e+01
8.515788799999999128e+02 6.859073999999986881e+01
8.534451699999999619e+02 7.074673999999981788e+01
8.549794699999999921e+02 7.316753999999980351e+01
8.569190899999999829e+02 7.853953999999976077e+01
8.572558400000000347e+02 8.135713999999973112e+01
8.571277200000000676e+02 8.416985999999974410e+01
8.564966500000000451e+02 8.691394999999977244e+01
8.553322100000000319e+02 8.951947999999981676e+01
8.535983200000000579e+02 9.192253999999979897e+01
8.512626100000001088e+02 9.405324999999982083e+01
8.488928400000000920e+02 9.573135999999976775e+01
8.462724200000001247e+02 9.697561999999982163e+01
8.434790900000001557e+02 9.775949999999977535e+01
8.405905100000001084e+02 9.805051999999977852e+01
8.405911099999999578e+02 9.805047999999999320e+01
