7.541452100000000200e+02 5.408655400000000100e+02
7.507784100000000080e+02 5.407593400000000656e+02
7.477589100000000144e+02 5.400061499999999342e+02
7.450956999999999653e+02 5.386879300000000512e+02
7.428033399999999347e+02 5.368864499999999680e+02
7.408966799999999466e+02 5.346856299999999464e+02
7.393864599999999427e+02 5.321692299999999705e+02
7.382854399999999941e+02 5.294191699999998946e+02
7.376082999999999856e+02 5.265172800000000279e+02
7.373660399999999981e+02 5.235474400000000514e+02
7.375731499999999414e+02 5.205933999999999742e+02
7.382424299999998993e+02 5.177351699999999255e+02
7.393846399999998766e+02 5.150565799999999399e+02
7.410165699999998878e+02 5.126413499999999885e+02
7.431489799999999377e+02 5.105714899999999830e+02
7.457946099999999205e+02 5.089306899999999700e+02
7.489661999999999580e+02 5.078009499999999434e+02
7.521062699999999950e+02 5.069587599999999270e+02
7.551199900000000298e+02 5.067860299999999256e+02
7.579692999999999756e+02 5.072131899999999405e+02
7.606222299999999450e+02 5.081760299999999688e+02
7.630446799999999712e+02 5.096047299999999609e+02
7.652025199999999359e+02 5.114312999999999647e+02
7.670637899999999263e+02 5.135917099999999209e+02
7.685923799999999346e+02 5.160160499999999502e+02
7.705194099999998798e+02 5.213926999999998770e+02
7.708497399999998834e+02 5.242110099999999875e+02
7.707151899999998932e+02 5.270234699999998611e+02
7.700776999999999362e+02 5.297660899999998492e+02
7.689071799999999257e+02 5.323688599999999269e+02
7.671676099999999678e+02 5.347678399999999783e+02
7.648269099999999980e+02 5.368931099999999788e+02
7.624532199999999875e+02 5.385656199999998535e+02
7.598298499999999649e+02 5.398037199999998847e+02
7.570346999999999298e+02 5.405810599999998658e+02
7.541454799999999068e+02 5.408652799999998706e+02
7.541452100000000200e+02 5.408655400000000100e+02
