7.167235600000000204e+02 2.157859999999999445e+02
7.133564900000000080e+02 2.156876999999999498e+02
7.103352899999999863e+02 2.149416199999999435e+02
7.076689499999999953e+02 2.136296399999999949e+02
7.053723899999999958e+02 2.118335700000000088e+02
7.034605599999999868e+02 2.096372099999999818e+02
7.019444399999999860e+02 2.071243499999999358e+02
7.008369599999999764e+02 2.043768999999999778e+02
7.001530500000000075e+02 2.014765999999999622e+02
6.999035999999999831e+02 1.985073299999999108e+02
7.001039200000000164e+02 1.955528699999998707e+02
7.007664300000000139e+02 1.926930599999998321e+02
7.019024100000000317e+02 1.900117799999998169e+02
7.035286600000000590e+02 1.875927299999998468e+02
7.056562000000000126e+02 1.855178499999998394e+02
7.082979300000000649e+02 1.838708799999998291e+02
7.114669200000000728e+02 1.827336599999998725e+02
7.146049800000000687e+02 1.818840999999998758e+02
7.176182500000001028e+02 1.817045699999998760e+02
7.204685800000000881e+02 1.821250399999998990e+02
7.231237700000000359e+02 1.830816799999998921e+02
7.255495500000000675e+02 1.845046699999999191e+02
7.277116700000000264e+02 1.863261799999999084e+02
7.295779999999999745e+02 1.884822099999998954e+02
7.311123000000000047e+02 1.909029599999998936e+02
7.330519100000000208e+02 1.962750699999999142e+02
7.333890499999999975e+02 1.990925899999998592e+02
7.332609199999999419e+02 2.019053499999998849e+02
7.326298499999999194e+02 2.046494399999999132e+02
7.314654199999998809e+02 2.072549699999999575e+02
7.297315199999999322e+02 2.096580299999999397e+02
7.273958099999999831e+02 2.117887799999999743e+02
7.250260099999999284e+02 2.134668500000000222e+02
7.224055899999999610e+02 2.147111100000000761e+02
7.196122899999999163e+02 2.154950200000000677e+02
7.167237099999998691e+02 2.157860500000000457e+02
7.167235600000000204e+02 2.157859999999999445e+02
