7.502979400000000396e+02 1.844435300000000097e+02
7.469308800000000019e+02 1.843452300000000150e+02
7.439096299999999928e+02 1.835991500000000087e+02
7.412433300000000145e+02 1.822871700000000601e+02
7.389467700000000150e+02 1.804911300000001120e+02
7.370349400000000060e+02 1.782947400000001608e+02
7.355188200000000052e+02 1.757819200000001274e+02
7.344113399999999956e+02 1.730344300000001567e+02
7.337274400000000014e+02 1.701341700000001538e+02
7.334779899999999770e+02 1.671648600000002034e+02
7.336782999999999220e+02 1.642104000000001633e+02
7.343408199999998942e+02 1.613505900000001247e+02
7.354767899999999372e+02 1.586693100000001095e+02
7.371030099999999265e+02 1.562502700000001141e+02
7.392305399999999054e+02 1.541753800000001320e+02
7.418723199999999451e+02 1.525283800000000838e+02
7.450412599999999657e+02 1.513912300000000641e+02
7.481793699999999490e+02 1.505416300000000547e+02
7.511926299999998946e+02 1.503621000000000549e+02
7.540429599999998800e+02 1.507825700000000779e+02
7.566981599999999162e+02 1.517392100000000710e+02
7.591239299999999730e+02 1.531622000000000980e+02
7.612860499999999320e+02 1.549837100000000873e+02
7.631523799999998801e+02 1.571397400000000744e+02
7.646866399999998976e+02 1.595604900000000725e+02
7.666262999999999010e+02 1.649326000000000931e+02
7.669634299999999030e+02 1.677501200000000381e+02
7.668352999999998474e+02 1.705629200000000765e+02
7.662042399999997997e+02 1.733070100000001048e+02
7.650397999999997865e+02 1.759125400000001491e+02
7.633059099999998125e+02 1.783155600000001186e+02
7.609701999999998634e+02 1.804463100000001532e+02
7.586003899999998339e+02 1.821243800000002011e+02
7.559799699999998666e+02 1.833686400000002550e+02
7.531866699999998218e+02 1.841525500000002467e+02
7.502980899999997746e+02 1.844435800000002246e+02
7.502979400000000396e+02 1.844435300000000097e+02
