-251.853376 1118.849800 23.024678 
-251.175666 1118.984606 23.099886 
-250.474445 1119.124086 23.270100 
-249.937978 1119.230795 23.372264 
-249.180825 1119.381404 23.456496 
-248.664004 1119.484202 23.657654 
-247.899028 1119.636364 23.817888 
-247.069320 1119.801402 23.981142 
-246.286698 1119.957073 24.170381 
-245.591401 1120.095369 24.471594 
-244.662656 1120.280104 24.712878 
-243.805527 1120.450591 25.014140 
-242.772824 1120.656006 25.276456 
-241.864738 1120.836623 25.727734 
-239.735533 1121.260148 26.102385 
-251.326586 1118.954733 19.421839 
-250.582239 1119.102788 19.688067 
-249.768186 1119.264717 19.726316 
-249.076793 1119.402239 19.961527 
-248.349073 1119.546992 20.073750 
-247.418320 1119.732133 20.162035 
-246.723017 1119.870431 20.442247 
-245.709881 1120.071959 20.544557 
-245.030293 1120.207128 20.900765 
-244.033872 1120.405326 21.139070 
-242.989379 1120.613087 21.334389 
-242.109718 1120.788053 21.724658 
-240.952462 1121.018242 22.017012 
-239.757979 1121.255830 22.455378 
-238.475213 1121.510981 22.858770 
-236.870788 1121.830110 23.404261 
-235.262448 1122.150016 23.979753 
-233.378558 1122.524728 24.735329 
-230.420704 1123.113070 25.533234 
-225.747598 1124.042586 26.886664 
-250.920934 1119.035504 17.481963 
-250.192266 1119.180441 17.702186 
-249.351730 1119.347638 17.737443 
-248.527888 1119.511512 17.835695 
-247.716868 1119.672826 18.174943 
-246.785103 1119.858173 18.160228 
-245.873025 1120.039594 18.377507 
-244.980607 1120.217098 18.744780 
-244.052843 1120.401638 18.989064 
-243.097628 1120.591638 19.268356 
-242.103216 1120.789429 19.668660 
-240.877252 1121.033293 19.788035 
-239.751408 1121.257229 20.168380 
-238.436286 1121.518815 20.605782 
-237.115308 1121.781561 21.140186 
-235.545223 1122.093858 21.725666 
-233.877072 1122.425660 22.358177 
-231.709712 1122.856761 23.052840 
-229.062804 1123.383246 23.956649 
-225.746110 1124.042950 25.196664 
-221.798947 1124.828042 27.054871 
-214.681164 1126.243790 29.933049 
-250.683097 1119.082879 15.872036 
-249.806296 1119.257287 15.986304 
-248.941268 1119.429353 16.110568 
-248.048806 1119.606872 16.332841 
-247.223055 1119.771119 16.605094 
-246.273703 1119.959954 16.816384 
-245.292944 1120.155041 16.950684 
-244.321062 1120.348355 17.254982 
-243.349153 1120.541678 17.466279 
-242.221325 1120.766012 17.774624 
-241.150375 1120.979033 18.053952 
-239.975489 1121.212725 18.430311 
-238.786886 1121.449144 18.850675 
-237.547324 1121.695694 19.415054 
-236.095890 1121.984392 19.916498 
-234.333544 1122.334937 20.421037 
-232.569307 1122.685847 21.163577 
-230.418634 1123.113628 21.901234 
-227.697179 1123.654942 22.786067 
-224.445229 1124.301766 24.064062 
-220.276416 1125.130947 25.957337 
-213.224325 1126.533630 28.765494 
-250.496347 1119.120081 14.544093 
-249.576408 1119.303067 14.716374 
-248.606423 1119.496013 14.802671 
-247.677680 1119.680747 15.051955 
-246.728318 1119.869587 15.226245 
-245.691651 1120.075795 15.356562 
-244.776686 1120.257782 15.761842 
-243.772402 1120.457546 15.947149 
-242.680845 1120.674668 16.191483 
-241.597163 1120.890220 16.529815 
-240.507604 1121.106939 16.896148 
-239.266046 1121.353891 17.347528 
-238.007793 1121.604166 17.725913 
-236.695659 1121.865151 18.314314 
-235.095140 1122.183506 18.802804 
-233.407357 1122.519215 19.384320 
-231.446942 1122.909152 20.063920 
-229.367911 1123.322675 20.949556 
-226.540552 1123.885053 21.905421 
-223.282748 1124.533037 23.287417 
-218.856938 1125.413343 25.088771 
-211.752881 1126.826362 27.951944 
-250.192926 1119.180484 13.366185 
-249.237636 1119.370509 13.397477 
-248.306961 1119.555624 13.744762 
-247.339912 1119.747986 13.810058 
-246.362150 1119.942469 14.127357 
-245.329402 1120.147898 14.243673 
-244.287863 1120.355070 14.478992 
-243.250298 1120.561446 14.883309 
-242.120509 1120.786170 15.193655 
-241.129066 1120.983367 15.679958 
-239.911981 1121.225457 15.974330 
-238.636077 1121.479243 16.363720 
-237.281729 1121.748631 16.820135 
-235.880310 1122.027381 17.298563 
-234.380877 1122.325619 18.000022 
-232.630313 1122.673817 18.549558 
-230.705226 1123.056724 19.293147 
-228.565415 1123.482334 20.274801 
-225.639948 1124.064231 21.141696 
-222.274271 1124.733671 22.572726 
-217.678788 1125.647728 24.391132 
-210.498250 1127.075957 27.325328 
-250.097622 1119.199465 12.810214 
-249.235596 1119.370925 13.134478 
-248.260704 1119.564847 13.211776 
-247.229916 1119.769886 13.322092 
-246.189384 1119.976855 13.645410 
-245.140937 1120.185407 13.740731 
-244.048388 1120.402728 13.947065 
-242.959787 1120.619260 14.238398 
-241.996809 1120.810792 14.796692 
-240.830766 1121.042724 15.223049 
-239.522431 1121.302969 15.399449 
-238.188670 1121.568263 15.821857 
-236.976567 1121.809351 16.376228 
-235.370120 1122.128891 16.720719 
-233.941310 1122.413080 17.438157 
-232.388959 1122.721838 18.291631 
-230.412860 1123.114893 19.002236 
-228.084691 1123.577978 19.834948 
-225.192619 1124.153225 20.861833 
-221.724917 1124.842963 22.219894 
-217.268744 1125.729303 24.159257 
-209.547746 1127.265045 26.964619 
-249.961010 1119.226677 11.873256 
-248.970448 1119.423713 12.029559 
-247.924000 1119.631863 12.246879 
-246.990399 1119.817558 12.648165 
-245.805569 1120.053247 12.569527 
-244.826808 1120.247930 12.830827 
-243.659735 1120.480073 13.093184 
-242.555457 1120.699721 13.437521 
-241.417837 1120.926001 13.796869 
-240.258651 1121.156570 14.196224 
-239.016093 1121.403723 14.579604 
-237.763770 1121.652813 15.108987 
-236.507520 1121.902684 15.627371 
-234.873647 1122.227674 16.091871 
-233.335942 1122.533528 16.725342 
-231.552087 1122.888341 17.459887 
-229.507354 1123.295047 18.242513 
-227.204729 1123.753043 19.223217 
-224.129208 1124.364788 20.114158 
-220.646820 1125.057444 21.560223 
-216.194602 1125.942993 23.607585 
-209.071954 1127.359703 26.618764 
-249.815601 1119.255636 11.038300 
-248.807376 1119.456186 11.165609 
-247.711912 1119.674083 11.461944 
-246.610498 1119.893172 11.545281 
-245.600332 1120.094106 11.738590 
-244.573543 1120.298339 12.099904 
-243.371134 1120.537515 12.272272 
-242.300247 1120.750515 12.761599 
-241.036077 1121.001972 13.033986 
-239.774867 1121.252837 13.362372 
-238.483270 1121.509745 13.751767 
-237.183846 1121.768207 14.205164 
-235.804046 1122.042651 14.824587 
-234.281030 1122.345586 15.381052 
-232.647207 1122.670559 16.014552 
-230.879068 1123.022243 16.826093 
-228.921648 1123.411577 17.681692 
-226.489539 1123.895334 18.599436 
-223.588660 1124.472331 19.690323 
-219.898317 1125.206356 21.051452 
-215.144011 1126.151996 23.093907 
-207.752624 1127.622164 26.105168 
-249.606435 1119.297277 10.188364 
-248.681646 1119.481221 10.539647 
-247.530224 1119.710256 10.662000 
-246.368004 1119.941440 10.758355 
-245.239131 1120.165991 10.848700 
-244.177023 1120.377252 11.179025 
-243.007086 1120.609954 11.702383 
-241.943010 1120.821606 12.009709 
-240.669030 1121.075015 12.274098 
-239.256742 1121.355938 12.487530 
-238.031906 1121.599556 13.099905 
-236.683424 1121.867780 13.493317 
-235.164349 1122.169928 14.106782 
-233.616795 1122.477746 14.604256 
-231.974181 1122.804464 15.356758 
-230.292381 1123.138969 16.263273 
-228.115225 1123.572018 16.996939 
-225.667430 1124.058894 17.936687 
-222.791110 1124.631000 19.160567 
-218.892841 1125.406385 20.529760 
-214.114997 1126.356708 22.578221 
-206.594180 1127.852617 25.706522 
-249.459127 1119.326605 9.562409 
-248.464660 1119.524415 9.773714 
-247.379940 1119.740180 9.926045 
-246.237355 1119.967456 10.080395 
-245.033988 1120.206819 10.329763 
-243.919857 1120.428433 10.525104 
-242.734136 1120.664287 10.743466 
-241.492579 1120.911238 11.197846 
-240.187189 1121.170898 11.381246 
-238.956469 1121.415687 11.995622 
-237.653153 1121.674920 12.553021 
-236.235032 1121.956996 12.937455 
-234.650187 1122.272235 13.365939 
-233.044809 1122.591549 14.005430 
-231.483617 1122.902068 14.809908 
-229.410403 1123.314444 15.467542 
-227.471659 1123.700057 16.462135 
-225.183775 1124.155118 17.536835 
-221.994542 1124.789474 18.633811 
-218.551441 1125.474307 20.259864 
-213.563699 1126.466384 22.282390 
-205.964409 1127.977904 25.384715 
-249.423587 1119.333705 8.790420 
-248.209363 1119.575237 8.810792 
-247.139471 1119.788037 9.348119 
-245.949715 1120.024709 9.195483 
-244.846425 1120.244160 9.562820 
-243.670540 1120.478053 9.876180 
-242.439718 1120.722876 10.152556 
-241.253083 1120.958903 10.593920 
-239.954607 1121.217181 10.939317 
-238.700303 1121.466668 11.403700 
-237.309666 1121.743274 11.861126 
-235.784638 1122.046615 12.250592 
-234.348966 1122.332169 12.981031 
-232.865205 1122.627292 13.613485 
-230.951854 1123.007869 14.245071 
-229.011071 1123.393898 14.981664 
-226.982107 1123.797457 16.017285 
-224.327371 1124.325496 16.983097 
-221.380434 1124.911649 18.207999 
-217.953045 1125.593354 19.901047 
-212.688691 1126.640458 21.836658 
-204.969767 1128.175772 25.014019 
-249.311624 1119.355998 8.282454 
-248.105237 1119.595971 8.273823 
-247.025404 1119.810767 8.368154 
-245.828005 1120.048932 8.893520 
-244.569660 1120.299238 8.964905 
-243.447739 1120.522394 9.346248 
-242.236590 1120.763297 9.808619 
-240.954762 1121.018266 10.069011 
-239.621929 1121.283382 10.318418 
-238.306836 1121.544958 10.849821 
-236.837674 1121.837192 11.106270 
-235.352903 1122.132520 11.640724 
-233.802437 1122.440914 12.236199 
-232.350114 1122.729777 13.041643 
-230.415196 1123.114642 13.712235 
-228.352786 1123.524867 14.418866 
-226.409179 1123.911442 15.549460 
-223.980046 1124.394602 16.578203 
-220.904635 1125.006309 17.839144 
-217.090780 1125.764895 19.427311 
-212.145247 1126.748570 21.567824 
-204.385138 1128.292076 24.773198 
-249.183914 1119.381429 7.596493 
-248.029559 1119.611046 7.752846 
-246.821290 1119.851384 8.009216 
-245.649279 1120.084514 8.157575 
-244.501879 1120.312735 8.612926 
-243.232755 1120.565184 8.718314 
-241.918553 1120.826595 8.951716 
-240.701530 1121.068664 9.449088 
-239.308908 1121.345668 9.829514 
-238.021271 1121.601783 10.343908 
-236.491330 1121.906103 10.701376 
-235.051697 1122.192450 11.305816 
-233.409983 1122.518999 11.790319 
-231.981193 1122.803181 12.575756 
-229.755868 1123.245826 12.944436 
-228.149689 1123.565276 14.180928 
-225.648867 1124.062708 14.910693 
-223.029464 1124.583716 15.957494 
-220.122793 1125.161852 17.357383 
-216.501222 1125.882182 19.103491 
-211.645947 1126.847900 21.323977 
-203.764215 1128.415600 24.518388 
-249.087597 1119.400615 6.936523 
-247.956838 1119.625531 7.278869 
-246.616061 1119.892240 7.203279 
-245.504958 1120.113241 7.679619 
-244.220157 1120.368806 7.838012 
-242.947163 1120.622018 8.119401 
-241.531921 1120.903530 8.295834 
-240.502262 1121.108324 8.900149 
-239.037993 1121.399587 9.116597 
-237.691552 1121.667394 9.774009 
-236.286207 1121.946925 10.246439 
-234.734723 1122.255525 10.719913 
-233.246099 1122.551610 11.489369 
-231.206168 1122.957374 11.933993 
-229.588113 1123.279201 12.814488 
-227.441361 1123.706202 13.547144 
-225.262316 1124.139616 14.524811 
-222.566418 1124.675839 15.594636 
-219.756879 1125.234650 17.106495 
-215.924399 1125.996938 18.729668 
-210.732693 1127.029581 20.892256 
-202.857857 1128.595905 24.189665 
-249.072746 1119.403588 6.473527 
-247.669217 1119.682777 6.457957 
-246.569868 1119.901442 6.886293 
-245.371414 1120.139826 7.163659 
-244.107228 1120.391288 7.382046 
-242.673331 1120.676514 7.490485 
-241.448453 1120.920146 7.962859 
-240.072436 1121.193857 8.112280 
-238.643539 1121.478074 8.543717 
-237.400103 1121.725389 9.270098 
-235.876059 1122.028534 9.669564 
-234.400127 1122.322102 10.243016 
-232.745707 1122.651173 10.873522 
-231.025599 1122.993307 11.592048 
-229.059296 1123.384415 12.263649 
-227.092101 1123.775689 13.231251 
-224.872845 1124.217102 14.210930 
-222.281916 1124.732442 15.360723 
-219.070196 1125.371261 16.694705 
-215.130800 1126.154818 18.290910 
-209.945013 1127.186279 20.567497 
-202.250682 1128.716692 23.989850 
