2.605366900000000214e+02 6.452528700000000299e+02
2.571696200000000090e+02 6.451545700000000352e+02
2.541484200000000158e+02 6.444084900000000289e+02
2.514820700000000215e+02 6.430964999999999918e+02
2.491855200000000252e+02 6.413004300000000057e+02
2.472736800000000130e+02 6.391040699999999788e+02
2.457575600000000122e+02 6.365912200000000212e+02
2.446500900000000058e+02 6.338437599999999748e+02
2.439661800000000085e+02 6.309434700000000475e+02
2.437167300000000125e+02 6.279741999999999962e+02
2.439166700000000105e+02 6.250197000000000571e+02
2.445792200000000207e+02 6.221599200000000565e+02
2.457151600000000258e+02 6.194786500000000160e+02
2.473414100000000246e+02 6.170596000000000458e+02
2.494689500000000351e+02 6.149847200000000385e+02
2.521106900000000337e+02 6.133377100000000155e+02
2.552796700000000385e+02 6.122005599999999959e+02
2.584177300000000628e+02 6.113509599999999864e+02
2.614310000000000400e+02 6.111714400000000751e+02
2.642813300000000254e+02 6.115919099999999844e+02
2.669365300000000047e+02 6.125485499999999774e+02
2.693623000000000047e+02 6.139715400000000045e+02
2.715244599999999764e+02 6.157930400000000191e+02
2.733907499999999686e+02 6.179490700000000061e+02
2.749250499999999420e+02 6.203698200000000043e+02
2.768646999999999139e+02 6.257419299999999112e+02
2.772018399999998906e+02 6.285594599999999446e+02
2.770737099999998918e+02 6.313722599999999829e+02
2.764426399999998694e+02 6.341163400000000365e+02
2.752782099999998877e+02 6.367218699999999671e+02
2.735443099999998822e+02 6.391249000000000251e+02
2.712085999999998762e+02 6.412556399999999712e+02
2.688387999999998783e+02 6.429337199999999939e+02
2.662183799999998541e+02 6.441779799999999341e+02
2.634250799999998662e+02 6.449618899999999257e+02
2.605364999999998759e+02 6.452529099999999289e+02
2.605366900000000214e+02 6.452528700000000299e+02
