6.379466099999999642e+02 2.890997399999999971e+02
6.345795399999999518e+02 2.890017400000000407e+02
6.315583399999999301e+02 2.882557400000000598e+02
6.288919999999999391e+02 2.869437400000000480e+02
6.265954399999999396e+02 2.851476400000000240e+02
6.246836099999999306e+02 2.829512399999999843e+02
6.231674899999999298e+02 2.804384400000000142e+02
6.220600099999999202e+02 2.776909400000000687e+02
6.213760999999999513e+02 2.747906400000000531e+02
6.211266599999999016e+02 2.718214400000000524e+02
6.213269699999998466e+02 2.688669399999999996e+02
6.219894799999998440e+02 2.660071400000000494e+02
6.231254599999998618e+02 2.633258400000000847e+02
6.247517099999998891e+02 2.609068400000001020e+02
6.268792099999999436e+02 2.588318400000000565e+02
6.295209899999999834e+02 2.571849400000000969e+02
6.326899300000000039e+02 2.560477400000000898e+02
6.358280399999999872e+02 2.551981400000000804e+02
6.388412999999999329e+02 2.550186400000001186e+02
6.416916299999999183e+02 2.554391400000000658e+02
6.443468299999999545e+02 2.563957400000000462e+02
6.467726000000000113e+02 2.578187400000000480e+02
6.489347199999999702e+02 2.596402400000000625e+02
6.508010499999999183e+02 2.617962400000000116e+02
6.523353099999999358e+02 2.642170399999999972e+02
6.542749699999999393e+02 2.695891400000000431e+02
6.546120999999999412e+02 2.724066400000000385e+02
6.544839699999998857e+02 2.752194400000000769e+02
6.538529099999998380e+02 2.779635400000000800e+02
6.526884699999998247e+02 2.805690400000000864e+02
6.509545699999998760e+02 2.829721400000000813e+02
6.486188599999999269e+02 2.851028400000001284e+02
6.462490599999998722e+02 2.867809400000001006e+02
6.436286399999999048e+02 2.880251400000000785e+02
6.408353399999998601e+02 2.888091400000000704e+02
6.379467599999998129e+02 2.891001400000001240e+02
6.379466099999999642e+02 2.890997399999999971e+02
