3.740086999999999762e+02 6.399615499999999884e+02
3.706416299999999637e+02 6.398632499999999936e+02
3.676204299999999421e+02 6.391171299999999746e+02
3.649540899999999510e+02 6.378051800000000640e+02
3.626575299999999515e+02 6.360091099999999642e+02
3.607456899999999678e+02 6.338127500000000509e+02
3.592295699999999670e+02 6.312998999999999796e+02
3.581220999999999890e+02 6.285524100000000089e+02
3.574381899999999632e+02 6.256521500000000060e+02
3.571887399999999388e+02 6.226828800000000683e+02
3.573886799999999653e+02 6.197283800000000156e+02
3.580512299999999755e+02 6.168686000000000149e+02
3.591871699999999805e+02 6.141872900000000755e+02
3.608134200000000078e+02 6.117682400000001053e+02
3.629409600000000182e+02 6.096933599999999842e+02
3.655827000000000453e+02 6.080463899999999740e+02
3.687516800000000217e+02 6.069092100000000300e+02
3.718897400000000175e+02 6.060596500000000333e+02
3.749030099999999948e+02 6.058801200000000335e+02
3.777533700000000181e+02 6.063005900000000565e+02
3.804085600000000227e+02 6.072571900000000369e+02
3.828343399999999974e+02 6.086802200000000767e+02
3.849964600000000132e+02 6.105016900000000533e+02
3.868627900000000182e+02 6.126577200000000403e+02
3.883970800000000168e+02 6.150785000000000764e+02
3.903367000000000075e+02 6.204505700000000843e+02
3.906738300000000095e+02 6.232681400000000167e+02
3.905457099999999855e+02 6.260809000000000424e+02
3.899146799999999757e+02 6.288249900000000707e+02
3.887502399999999625e+02 6.314305200000000013e+02
3.870163099999999758e+02 6.338335799999999836e+02
3.846806399999999826e+02 6.359643300000000181e+02
3.823108399999999847e+02 6.376424000000000660e+02
3.796904099999999858e+02 6.388866600000000062e+02
3.768970899999999915e+02 6.396705699999999979e+02
3.740085100000000011e+02 6.399615900000000011e+02
3.740086999999999762e+02 6.399615499999999884e+02
