5.738248899999999821e+02 3.478746499999999742e+02
5.704578199999999697e+02 3.477763499999999794e+02
5.674366199999999480e+02 3.470302699999999732e+02
5.647702799999999570e+02 3.457182799999999361e+02
5.624737199999999575e+02 3.439222099999999500e+02
5.605618799999999737e+02 3.417258499999999231e+02
5.590457599999999729e+02 3.392129999999999654e+02
5.579382899999999381e+02 3.364655099999999948e+02
5.572543799999999692e+02 3.335652499999999918e+02
5.570049299999999448e+02 3.305959799999999404e+02
5.572052499999999782e+02 3.276414799999998877e+02
5.578677599999999757e+02 3.247817599999998492e+02
5.590037399999999934e+02 3.221004599999998845e+02
5.606299900000000207e+02 3.196814599999999018e+02
5.627575299999999743e+02 3.176064599999998563e+02
5.653992600000000266e+02 3.159595599999998967e+02
5.685682100000000219e+02 3.148223599999998896e+02
5.717063100000000304e+02 3.139727599999998802e+02
5.747195800000000645e+02 3.137932599999999184e+02
5.775699100000000499e+02 3.142137599999998656e+02
5.802250999999999976e+02 3.151703599999998460e+02
5.826508800000000292e+02 3.165932599999998729e+02
5.848129999999999882e+02 3.184148599999998623e+02
5.866793299999999363e+02 3.205708599999998114e+02
5.882136299999999665e+02 3.229916599999997970e+02
5.901532399999999825e+02 3.283636699999998427e+02
5.904900000000000091e+02 3.311812399999998888e+02
5.903618699999999535e+02 3.339939999999999145e+02
5.897307999999999311e+02 3.367380899999999428e+02
5.885663699999998926e+02 3.393436199999999872e+02
5.868324699999999439e+02 3.417466799999999694e+02
5.844967599999999948e+02 3.438774199999999155e+02
5.821269599999999400e+02 3.455554999999999382e+02
5.795065399999999727e+02 3.467997599999999920e+02
5.767132399999999279e+02 3.475836699999999837e+02
5.738246599999998807e+02 3.478746899999999869e+02
5.738248899999999821e+02 3.478746499999999742e+02
