3.036277499999999918e+02 6.557696799999999939e+02
3.002606900000000110e+02 6.556713799999999992e+02
2.972394800000000146e+02 6.549252999999999929e+02
2.945731400000000235e+02 6.536133099999999558e+02
2.922765800000000240e+02 6.518172399999999698e+02
2.903647500000000150e+02 6.496208799999999428e+02
2.888486300000000142e+02 6.471080600000000231e+02
2.877411500000000046e+02 6.443605700000000525e+02
2.870572500000000105e+02 6.414602800000000116e+02
2.868077999999999861e+02 6.384909999999999854e+02
2.870077299999999809e+02 6.355365500000000338e+02
2.876702499999999532e+02 6.326767299999999068e+02
2.888062199999999393e+02 6.299954599999999800e+02
2.904324399999999287e+02 6.275764099999998962e+02
2.925599699999999075e+02 6.255015199999999140e+02
2.952017499999998904e+02 6.238545599999999922e+02
2.983706999999998857e+02 6.227173699999999599e+02
3.015087999999998942e+02 6.218677699999999504e+02
3.045220699999998715e+02 6.216882499999999254e+02
3.073723999999998568e+02 6.221087199999999484e+02
3.100275899999998614e+02 6.230653499999998530e+02
3.124533299999998803e+02 6.244883499999998548e+02
3.146154799999998772e+02 6.263098499999998694e+02
3.164818099999998822e+02 6.284658799999998564e+02
3.180161099999998555e+02 6.308866299999998546e+02
3.199557299999998463e+02 6.362587399999998752e+02
3.202928599999998482e+02 6.390762599999998201e+02
3.201647399999998242e+02 6.418890599999998585e+02
3.195336699999998018e+02 6.446331499999998869e+02
3.183692699999998013e+02 6.472386799999999312e+02
3.166353399999998146e+02 6.496417099999998754e+02
3.142996299999998087e+02 6.517724499999999352e+02
3.119298599999997919e+02 6.534505299999998442e+02
3.093094399999997677e+02 6.546947799999998097e+02
3.065161099999997418e+02 6.554786999999998898e+02
3.036275599999997326e+02 6.557697199999998929e+02
3.036277499999999918e+02 6.557696799999999939e+02
