6.856152200000000221e+02 6.543715099999999438e+02
6.822481500000000096e+02 6.542732100000000628e+02
6.792269099999999753e+02 6.535271299999999428e+02
6.765605600000000095e+02 6.522151800000000321e+02
6.742640499999999975e+02 6.504191100000000461e+02
6.723521700000000010e+02 6.482227500000000191e+02
6.708360500000000002e+02 6.457098900000000867e+02
6.697285799999999654e+02 6.429624000000000024e+02
6.690446699999999964e+02 6.400621499999999742e+02
6.687952199999999721e+02 6.370928700000000617e+02
6.689951599999999416e+02 6.341383800000000974e+02
6.696577099999999518e+02 6.312786000000000968e+02
6.707936499999999569e+02 6.285973300000000563e+02
6.724198999999999842e+02 6.261782800000000861e+02
6.745474399999999378e+02 6.241033500000000913e+02
6.771892099999998891e+02 6.224563900000000558e+02
6.803581599999998843e+02 6.213192000000000235e+02
6.834962199999998802e+02 6.204696400000000267e+02
6.865094899999999143e+02 6.202901100000000270e+02
6.893598199999998997e+02 6.207105900000000247e+02
6.920150099999998474e+02 6.216672200000000430e+02
6.944407899999998790e+02 6.230902100000000701e+02
6.966029499999998507e+02 6.249117200000000594e+02
6.984692799999997987e+02 6.270677499999999327e+02
7.000035399999998162e+02 6.294884999999999309e+02
7.019431899999998450e+02 6.348605700000000525e+02
7.022803199999998469e+02 6.376781300000000101e+02
7.021521999999998798e+02 6.404908900000000358e+02
7.015211299999998573e+02 6.432349799999999505e+02
7.003567299999998568e+02 6.458405099999999948e+02
6.986227999999998701e+02 6.482435799999999517e+02
6.962870899999999210e+02 6.503743200000000115e+02
6.939173299999998790e+02 6.520523899999999458e+02
6.912968999999998232e+02 6.532966499999999996e+02
6.885035699999998542e+02 6.540805299999999534e+02
6.856150299999998197e+02 6.543715499999999565e+02
6.856152200000000221e+02 6.543715099999999438e+02
