8.521647000000000389e+02 5.477199399999999514e+02
8.487979000000000269e+02 5.476137300000000323e+02
8.457784500000000207e+02 5.468605800000000272e+02
8.431152100000000473e+02 5.455423200000000179e+02
8.408228900000000294e+02 5.437408900000000358e+02
8.389161900000000287e+02 5.415400300000001153e+02
8.374059700000000248e+02 5.390236200000000508e+02
8.363049600000000510e+02 5.362735600000000886e+02
8.356278500000000804e+02 5.333717100000000073e+02
8.353855800000001182e+02 5.304018399999999929e+02
8.355927000000001499e+02 5.274478300000000672e+02
8.362619400000000951e+02 5.245896000000000186e+02
8.374041900000000851e+02 5.219109799999999950e+02
8.390361200000000963e+02 5.194957799999999679e+02
8.411684900000001335e+02 5.174258899999999812e+02
8.438141200000001163e+02 5.157851200000000063e+02
8.469857500000001664e+02 5.146553799999999228e+02
8.501258000000001402e+02 5.138131499999999505e+02
8.531395000000001119e+02 5.136404299999999239e+02
8.559888000000000829e+02 5.140675899999999956e+02
8.586417000000001281e+02 5.150304599999999482e+02
8.610642000000001417e+02 5.164591599999999971e+02
8.632220000000000937e+02 5.182857300000000578e+02
8.650833000000001221e+02 5.204461099999999760e+02
8.666119000000001051e+02 5.228704900000000180e+02
8.685389000000001261e+02 5.282471299999999701e+02
8.688692000000000917e+02 5.310654499999999416e+02
8.687347000000000889e+02 5.338779099999999289e+02
8.680972000000000435e+02 5.366205199999999422e+02
8.669266000000000076e+02 5.392232899999999063e+02
8.651870999999999867e+02 5.416222699999999577e+02
8.628464000000000169e+02 5.437475399999999581e+02
8.604727000000000317e+02 5.454200200000000223e+02
8.578494000000000597e+02 5.466581499999999778e+02
8.550542000000000371e+02 5.474354899999999589e+02
8.521648999999999887e+02 5.477197099999999637e+02
8.521647000000000389e+02 5.477199399999999514e+02
