3.214515099999999848e+02 5.855572700000000168e+02
3.180844500000000039e+02 5.854589700000000221e+02
3.150632100000000264e+02 5.847128900000000158e+02
3.123969000000000165e+02 5.834009000000000924e+02
3.101003499999999917e+02 5.816048700000001190e+02
3.081885100000000079e+02 5.794085099999999784e+02
3.066723900000000071e+02 5.768956600000000208e+02
3.055649099999999976e+02 5.741481699999999364e+02
3.048810100000000034e+02 5.712478699999999208e+02
3.046315599999999790e+02 5.682786399999999958e+02
3.048315000000000055e+02 5.653241399999999430e+02
3.054940100000000029e+02 5.624643200000000434e+02
3.066299799999999891e+02 5.597830500000000029e+02
3.082562399999999911e+02 5.573640000000000327e+02
3.103837300000000141e+02 5.552891199999999117e+02
3.130255099999999970e+02 5.536421499999999014e+02
3.161944599999999923e+02 5.525049699999999575e+02
3.193325600000000009e+02 5.516553699999999480e+02
3.223458299999999781e+02 5.514758399999999483e+02
3.251961599999999635e+02 5.518963099999999713e+02
3.278513499999999681e+02 5.528529499999999643e+02
3.302771299999999428e+02 5.542759399999999914e+02
3.324392399999999270e+02 5.560974499999999807e+02
3.343055699999999320e+02 5.582534799999999677e+02
3.358398399999999242e+02 5.606742600000000039e+02
3.377794899999998961e+02 5.660463299999998981e+02
3.381166199999998980e+02 5.688638999999999442e+02
3.379884999999998740e+02 5.716766599999999698e+02
3.373574699999998643e+02 5.744207499999999982e+02
3.361930299999998510e+02 5.770262800000000425e+02
3.344591399999998771e+02 5.794293000000000120e+02
3.321234299999998711e+02 5.815600500000000466e+02
3.297536199999998985e+02 5.832381199999999808e+02
3.271331999999998743e+02 5.844823799999999210e+02
3.243398999999998864e+02 5.852662900000000263e+02
3.214513299999998708e+02 5.855573099999999158e+02
3.214515099999999848e+02 5.855572700000000168e+02
