4.185606500000000096e+02 4.947104499999999803e+02
4.151935900000000288e+02 4.946121499999999855e+02
4.121723800000000324e+02 4.938660699999999792e+02
4.095060400000000413e+02 4.925540799999999990e+02
4.072094900000000166e+02 4.907580100000000130e+02
4.052976500000000328e+02 4.885616499999999860e+02
4.037815300000000320e+02 4.860487999999999715e+02
4.026740500000000225e+02 4.833013399999999820e+02
4.019901500000000283e+02 4.804010499999999979e+02
4.017407000000000039e+02 4.774317800000000034e+02
4.019410100000000057e+02 4.744772800000000075e+02
4.026035600000000159e+02 4.716175000000000068e+02
4.037395000000000209e+02 4.689362300000000232e+02
4.053657600000000230e+02 4.665171799999999962e+02
4.074932900000000018e+02 4.644422999999999888e+02
4.101350300000000288e+02 4.627952899999999659e+02
4.133040100000000052e+02 4.616581099999999651e+02
4.164420800000000327e+02 4.608085399999999368e+02
4.194553400000000352e+02 4.606290199999999118e+02
4.223056700000000205e+02 4.610494899999999348e+02
4.249608699999999999e+02 4.620061299999999278e+02
4.273866399999999999e+02 4.634291199999999549e+02
4.295487600000000157e+02 4.652506199999999694e+02
4.314150900000000206e+02 4.674066499999999564e+02
4.329493899999999940e+02 4.698273999999999546e+02
4.348890099999999848e+02 4.751994699999999625e+02
4.352261399999999867e+02 4.780170399999999518e+02
4.350980099999999879e+02 4.808297999999999774e+02
4.344669799999999782e+02 4.835738900000000058e+02
4.333025499999999965e+02 4.861794199999999933e+02
4.315686200000000099e+02 4.885824799999999755e+02
4.292329100000000039e+02 4.907132199999999784e+02
4.268631399999999871e+02 4.923913000000000011e+02
4.242427199999999630e+02 4.936355599999999981e+02
4.214493799999999624e+02 4.944194699999999898e+02
4.185608399999999847e+02 4.947104899999999930e+02
4.185606500000000096e+02 4.947104499999999803e+02
