4.915774999999999864e+02 4.786632999999999925e+02
4.882104299999999739e+02 4.785649999999999977e+02
4.851891899999999964e+02 4.778189199999999914e+02
4.825228900000000181e+02 4.765069300000000112e+02
4.802263300000000186e+02 4.747108699999999999e+02
4.783145000000000095e+02 4.725145099999999729e+02
4.767983800000000087e+02 4.700016499999999837e+02
4.756908999999999992e+02 4.672541999999999689e+02
4.750069599999999923e+02 4.643538999999999533e+02
4.747575099999999679e+02 4.613846299999999587e+02
4.749574399999999628e+02 4.584301299999999628e+02
4.756199999999999477e+02 4.555703499999999622e+02
4.767559699999999339e+02 4.528890799999999786e+02
4.783821899999999232e+02 4.504700299999999515e+02
4.805097199999999020e+02 4.483951499999999442e+02
4.831514999999998849e+02 4.467481799999999339e+02
4.863204399999999055e+02 4.456109999999999332e+02
4.894585499999998888e+02 4.447613999999999237e+02
4.924718099999998913e+02 4.445818699999999239e+02
4.953221399999998766e+02 4.450023399999999469e+02
4.979773399999998560e+02 4.459589799999999400e+02
5.004030799999998749e+02 4.473819699999999671e+02
5.025652299999998718e+02 4.492034799999999564e+02
5.044315599999998767e+02 4.513595099999999434e+02
5.059658199999998942e+02 4.537802599999999416e+02
5.079054799999998977e+02 4.591523299999999495e+02
5.082426099999998996e+02 4.619698899999999639e+02
5.081144799999999009e+02 4.647826499999999896e+02
5.074834199999999100e+02 4.675267400000000180e+02
5.063190199999999095e+02 4.701322700000000054e+02
5.045850899999999228e+02 4.725353299999999876e+02
5.022493699999999421e+02 4.746660799999999654e+02
4.998796099999999569e+02 4.763441499999999564e+02
4.972591899999999328e+02 4.775884099999999535e+02
4.944658499999999322e+02 4.783723199999999451e+02
4.915773099999999545e+02 4.786633399999999483e+02
4.915774999999999864e+02 4.786632999999999925e+02
