2.703105600000000095e+02 6.888779399999999669e+02
2.669434499999999844e+02 6.887796399999999721e+02
2.639222499999999627e+02 6.880335300000000416e+02
2.612559399999999528e+02 6.867215800000000172e+02
2.589593499999999722e+02 6.849255100000000311e+02
2.570475099999999884e+02 6.827291500000000042e+02
2.555313899999999876e+02 6.802162900000000718e+02
2.544239499999999907e+02 6.774688000000001011e+02
2.537400099999999838e+02 6.745685399999999845e+02
2.534905599999999879e+02 6.715992700000000468e+02
2.536908799999999928e+02 6.686447800000000825e+02
2.543534300000000030e+02 6.657849600000000692e+02
2.554893700000000081e+02 6.631036900000000287e+02
2.571156200000000354e+02 6.606846600000000080e+02
2.592431500000000142e+02 6.586097700000000259e+02
2.618849299999999971e+02 6.569628000000000156e+02
2.650538799999999924e+02 6.558256200000000717e+02
2.681919399999999882e+02 6.549760599999999613e+02
2.712052099999999655e+02 6.547965300000000752e+02
2.740555399999999509e+02 6.552169599999999718e+02
2.767107299999999555e+02 6.561736000000000786e+02
2.791365099999999302e+02 6.575966300000000047e+02
2.812986599999999271e+02 6.594181000000000950e+02
2.831649599999999509e+02 6.615741299999999683e+02
2.846992599999999243e+02 6.639949000000000296e+02
2.866389099999998962e+02 6.693669700000000375e+02
2.869756699999999228e+02 6.721845299999999952e+02
2.868475399999999240e+02 6.749972900000000209e+02
2.862164699999999016e+02 6.777413800000000492e+02
2.850520399999999199e+02 6.803469099999999798e+02
2.833181399999999144e+02 6.827499700000000757e+02
2.809824299999999084e+02 6.848807199999999966e+02
2.786126299999999105e+02 6.865587900000000445e+02
2.759922099999998863e+02 6.878030499999999847e+02
2.731989099999998984e+02 6.885869599999999764e+02
2.703103299999999081e+02 6.888779899999999543e+02
2.703105600000000095e+02 6.888779399999999669e+02
