4.381229599999999778e+02 5.806258299999999508e+02
4.347558999999999969e+02 5.805275300000000698e+02
4.317346499999999878e+02 5.797814499999999498e+02
4.290683500000000095e+02 5.784694600000000264e+02
4.267717900000000100e+02 5.766733900000000403e+02
4.248599600000000009e+02 5.744770300000000134e+02
4.233438400000000001e+02 5.719641799999999421e+02
4.222363599999999906e+02 5.692167200000000093e+02
4.215524599999999964e+02 5.663164300000000821e+02
4.213030099999999720e+02 5.633471600000000308e+02
4.215029399999999669e+02 5.603927000000001044e+02
4.221654599999999391e+02 5.575328799999999774e+02
4.233014299999999253e+02 5.548516100000000506e+02
4.249276899999999273e+02 5.524325599999999667e+02
4.270551799999999503e+02 5.503576800000000731e+02
4.296969599999999332e+02 5.487106699999999364e+02
4.328658999999999537e+02 5.475735199999999168e+02
4.360040099999999370e+02 5.467239199999999073e+02
4.390172799999999143e+02 5.465443999999999960e+02
4.418676099999998996e+02 5.469648700000000190e+02
4.445227999999999042e+02 5.479215099999998984e+02
4.469485799999998790e+02 5.493444999999999254e+02
4.491106899999998632e+02 5.511659999999999400e+02
4.509770199999998681e+02 5.533220300000000407e+02
4.525113199999998415e+02 5.557427800000000389e+02
4.544509399999998323e+02 5.611148900000000594e+02
4.547880699999998342e+02 5.639324199999999792e+02
4.546599499999998102e+02 5.667451800000000048e+02
4.540288799999997877e+02 5.694892700000000332e+02
4.528644399999997745e+02 5.720948000000000775e+02
4.511305099999997879e+02 5.744978599999999460e+02
4.487948399999997946e+02 5.766286000000000058e+02
4.464250399999997967e+02 5.783066800000000285e+02
4.438046099999997978e+02 5.795509400000000824e+02
4.410112799999997719e+02 5.803348499999999603e+02
4.381227399999997942e+02 5.806258700000000772e+02
4.381229599999999778e+02 5.806258299999999508e+02
