4.276732000000000085e+02 5.407252100000000610e+02
4.243061400000000276e+02 5.406269099999999526e+02
4.212849300000000312e+02 5.398808300000000600e+02
4.186185900000000402e+02 5.385688499999999976e+02
4.163220400000000154e+02 5.367728200000000243e+02
4.144102000000000317e+02 5.345764200000000983e+02
4.128940800000000309e+02 5.320636000000000649e+02
4.117866000000000213e+02 5.293161099999999806e+02
4.111027000000000271e+02 5.264158099999999649e+02
4.108532500000000027e+02 5.234465400000000272e+02
4.110531900000000292e+02 5.204920799999999872e+02
4.117157400000000393e+02 5.176322700000000623e+02
4.128516700000000128e+02 5.149509900000000471e+02
4.144779300000000148e+02 5.125319500000000517e+02
4.166054599999999937e+02 5.104570600000000695e+02
4.192472000000000207e+02 5.088100900000000593e+02
4.224161799999999971e+02 5.076729100000000585e+02
4.255542500000000246e+02 5.068233100000000491e+02
4.285675200000000018e+02 5.066437800000000493e+02
4.314178499999999872e+02 5.070642500000000723e+02
4.340730399999999918e+02 5.080208900000000654e+02
4.364988199999999665e+02 5.094438800000000924e+02
4.386609699999999634e+02 5.112653900000000817e+02
4.405272599999999557e+02 5.134214200000001256e+02
4.420615599999999290e+02 5.158422100000000228e+02
4.440011799999999198e+02 5.212142800000001444e+02
4.443383099999999217e+02 5.240318000000000893e+02
4.442101899999998977e+02 5.268446000000001277e+02
4.435791599999998880e+02 5.295886900000000423e+02
4.424147199999998747e+02 5.321942200000000867e+02
4.406807899999998881e+02 5.345972400000000562e+02
4.383450799999998821e+02 5.367279900000000907e+02
4.359753199999998969e+02 5.384060600000000250e+02
4.333548899999998980e+02 5.396503199999999651e+02
4.305615599999998722e+02 5.404342300000000705e+02
4.276730199999998945e+02 5.407252599999999347e+02
4.276732000000000085e+02 5.407252100000000610e+02
