5.369205200000000104e+02 8.456377539999999726e+02
5.335536799999999857e+02 8.455315440000000535e+02
5.305342100000000300e+02 8.447783640000000105e+02
5.278709700000000566e+02 8.434601040000000012e+02
5.255786500000000387e+02 8.416586640000000443e+02
5.236719500000000380e+02 8.394578040000000101e+02
5.221617300000000341e+02 8.369414339999999584e+02
5.210607100000000855e+02 8.341913739999999962e+02
5.203836100000000897e+02 8.312894939999999906e+02
5.201413400000001275e+02 8.283196140000000014e+02
5.203484600000001592e+02 8.253656140000000505e+02
5.210177000000001044e+02 8.225073840000000018e+02
5.221599500000000944e+02 8.198287940000000162e+02
5.237918800000001056e+02 8.174135639999999512e+02
5.259242500000001428e+02 8.153436639999999898e+02
5.285698800000001256e+02 8.137028940000000148e+02
5.317415100000001758e+02 8.125731640000000198e+02
5.348815800000002127e+02 8.117309639999999717e+02
5.378952600000002349e+02 8.115582440000000588e+02
5.407446100000001934e+02 8.119853640000000041e+02
5.433975300000001880e+02 8.129482440000000452e+02
5.458199500000001763e+02 8.143769340000000057e+02
5.479778300000001536e+02 8.162035140000000411e+02
5.498391000000001441e+02 8.183639239999999972e+02
5.513676900000001524e+02 8.207882640000000265e+02
5.532946800000001986e+02 8.261648740000000544e+02
5.536250100000002021e+02 8.289832240000000638e+02
5.534904600000002119e+02 8.317956840000000511e+02
5.528529700000002549e+02 8.345383040000000392e+02
5.516824500000002445e+02 8.371410740000000033e+02
5.499428800000002866e+02 8.395400540000000547e+02
5.476021800000003168e+02 8.416653139999999667e+02
5.452284500000002936e+02 8.433377940000000308e+02
5.426051200000002837e+02 8.445759339999999611e+02
5.398099700000002485e+02 8.453532639999999674e+02
5.369207500000002256e+02 8.456374839999999722e+02
5.369205200000000104e+02 8.456377539999999726e+02
