3.859455100000000130e+02 5.256324200000000246e+02
3.825784500000000321e+02 5.255341200000000299e+02
3.795572000000000230e+02 5.247880400000000236e+02
3.768908500000000004e+02 5.234760499999999865e+02
3.745943399999999883e+02 5.216799800000001142e+02
3.726824599999999919e+02 5.194836199999999735e+02
3.711663399999999911e+02 5.169707600000000411e+02
3.700588999999999942e+02 5.142232699999999568e+02
3.693749599999999873e+02 5.113230199999999854e+02
3.691255099999999629e+02 5.083537399999999593e+02
3.693254499999999894e+02 5.053992499999999382e+02
3.699879999999999995e+02 5.025394699999999375e+02
3.711239800000000173e+02 4.998581599999999412e+02
3.727501900000000319e+02 4.974391099999999142e+02
3.748777300000000423e+02 4.953642299999999068e+02
3.775195000000000505e+02 4.937172599999998965e+02
3.806884400000000710e+02 4.925800699999999210e+02
3.838265200000000732e+02 4.917305099999999243e+02
3.868398300000000631e+02 4.915509799999999245e+02
3.896901600000000485e+02 4.919714199999999096e+02
3.923453100000000404e+02 4.929280599999999026e+02
3.947710900000000152e+02 4.943510899999998855e+02
3.969332400000000121e+02 4.961725499999998874e+02
3.987995700000000170e+02 4.983285799999998744e+02
4.003338400000000092e+02 5.007493699999998853e+02
4.022734899999999811e+02 5.061214399999998932e+02
4.026106199999999831e+02 5.089389999999999077e+02
4.024824999999999591e+02 5.117517699999999081e+02
4.018514299999999366e+02 5.144958499999999049e+02
4.006869899999999234e+02 5.171013799999998355e+02
3.989530999999999494e+02 5.195044499999999061e+02
3.966173899999999435e+02 5.216351899999999659e+02
3.942475899999999456e+02 5.233132599999999002e+02
3.916271599999999466e+02 5.245575199999998404e+02
3.888338699999999335e+02 5.253414399999999205e+02
3.859452899999999431e+02 5.256324599999999236e+02
3.859455100000000130e+02 5.256324200000000246e+02
