5.288180999999999585e+02 8.046811040000000048e+02
5.254510699999999588e+02 8.045828040000000101e+02
5.224298299999999244e+02 8.038367240000000038e+02
5.197635199999999713e+02 8.025247839999999542e+02
5.174669299999999339e+02 8.007287139999999681e+02
5.155550999999999249e+02 7.985323539999999412e+02
5.140389799999999241e+02 7.960194940000000088e+02
5.129314999999999145e+02 7.932720040000000381e+02
5.122475899999999456e+02 7.903717440000000352e+02
5.119981399999999212e+02 7.874024739999999838e+02
5.121980799999998908e+02 7.844479740000000447e+02
5.128606299999999010e+02 7.815882040000000188e+02
5.139965699999999060e+02 7.789068939999999657e+02
5.156228199999999333e+02 7.764878439999999955e+02
5.177503599999998869e+02 7.744129540000000134e+02
5.203920999999999140e+02 7.727659840000000031e+02
5.235610799999999472e+02 7.716288040000000592e+02
5.266991499999999178e+02 7.707792040000000497e+02
5.297124099999998634e+02 7.705996740000000500e+02
5.325627799999998615e+02 7.710201440000000730e+02
5.352179399999998850e+02 7.719767839999999524e+02
5.376437099999998281e+02 7.733997739999999794e+02
5.398058699999997998e+02 7.752212839999999687e+02
5.416721999999997479e+02 7.773773140000000694e+02
5.432064599999997654e+02 7.797981039999999666e+02
5.451461099999997941e+02 7.851701739999999745e+02
5.454832499999997708e+02 7.879877340000000459e+02
5.453551199999997152e+02 7.908004939999999579e+02
5.447240499999996928e+02 7.935445839999999862e+02
5.435596199999996543e+02 7.961501140000000305e+02
5.418256899999996676e+02 7.985531740000000127e+02
5.394900099999996428e+02 8.006839240000000473e+02
5.371202099999995880e+02 8.023619939999999815e+02
5.344997899999996207e+02 8.036062540000000354e+02
5.317064499999996769e+02 8.043901240000000143e+02
5.288178699999996297e+02 8.046811539999999923e+02
5.288180999999999585e+02 8.046811040000000048e+02
