5.917800499999999602e+02 7.461049500000000307e+02
5.884129899999999225e+02 7.460066500000000360e+02
5.853917799999999261e+02 7.452605300000000170e+02
5.827254399999999350e+02 7.439485799999999927e+02
5.804288799999999355e+02 7.421525100000000066e+02
5.785170499999999265e+02 7.399561499999999796e+02
5.770009299999999257e+02 7.374433000000000220e+02
5.758934899999999288e+02 7.346958099999999376e+02
5.752095499999999220e+02 7.317955500000000484e+02
5.749600999999998976e+02 7.288262700000000223e+02
5.751604099999998425e+02 7.258717799999999443e+02
5.758229599999998527e+02 7.230119999999999436e+02
5.769588999999998578e+02 7.203306900000000041e+02
5.785851599999998598e+02 7.179116400000000340e+02
5.807126899999998386e+02 7.158367600000000266e+02
5.833544299999998657e+02 7.141897900000000163e+02
5.865234099999998989e+02 7.130525999999999840e+02
5.896614799999998695e+02 7.122030399999999872e+02
5.926747399999998152e+02 7.120235099999999875e+02
5.955250699999998005e+02 7.124439499999999725e+02
5.981802699999998367e+02 7.134005899999999656e+02
6.006060399999998936e+02 7.148236200000000053e+02
6.027681599999998525e+02 7.166450800000000072e+02
6.046344899999998006e+02 7.188011099999999942e+02
6.061687899999998308e+02 7.212219000000000051e+02
6.081084399999998595e+02 7.265939700000000130e+02
6.084451999999998861e+02 7.294115299999999706e+02
6.083170699999998305e+02 7.322242999999999711e+02
6.076860099999997828e+02 7.349683899999999994e+02
6.065216099999997823e+02 7.375739200000000437e+02
6.047876799999997957e+02 7.399769800000000259e+02
6.024519599999997581e+02 7.421077299999999468e+02
6.000821599999997034e+02 7.437857999999999947e+02
5.974617799999997487e+02 7.450300600000000486e+02
5.946684399999998050e+02 7.458139700000000403e+02
5.917798599999997577e+02 7.461049900000000434e+02
5.917800499999999602e+02 7.461049500000000307e+02
