7.081895899999999529e+02 5.813271600000000490e+02
7.048225199999999404e+02 5.812288599999999406e+02
7.018012799999999061e+02 5.804827800000000479e+02
6.991349699999999530e+02 5.791708300000000236e+02
6.968384199999999282e+02 5.773747599999999238e+02
6.949265799999999444e+02 5.751784000000000106e+02
6.934104199999999310e+02 5.726655399999999645e+02
6.923029799999999341e+02 5.699180499999999938e+02
6.916190399999999272e+02 5.670177899999998772e+02
6.913695899999999028e+02 5.640484799999999268e+02
6.915699099999999362e+02 5.610940299999999752e+02
6.922324599999999464e+02 5.582342499999999745e+02
6.933684299999999894e+02 5.555529399999999214e+02
6.949946499999999787e+02 5.531338899999998375e+02
6.971221799999999575e+02 5.510589999999999691e+02
6.997639599999999973e+02 5.494120399999999336e+02
7.029329099999999926e+02 5.482748500000000149e+02
7.060710100000000011e+02 5.474252899999999045e+02
7.090842800000000352e+02 5.472457600000000184e+02
7.119346100000000206e+02 5.476661999999998898e+02
7.145897999999999683e+02 5.486228300000000218e+02
7.170155399999999872e+02 5.500458300000000236e+02
7.191776599999999462e+02 5.518673300000000381e+02
7.210440199999999322e+02 5.540233599999999115e+02
7.225782899999999245e+02 5.564441500000000360e+02
7.245179399999999532e+02 5.618162199999999302e+02
7.248546999999999798e+02 5.646337800000000016e+02
7.247265699999999242e+02 5.674465400000000272e+02
7.240954999999999018e+02 5.701906300000000556e+02
7.229310699999998633e+02 5.727961600000000999e+02
7.211971699999999146e+02 5.751991900000000442e+02
7.188614599999999655e+02 5.773299300000001040e+02
7.164916599999999107e+02 5.790080400000000509e+02
7.138712399999999434e+02 5.802523000000001048e+02
7.110779399999998986e+02 5.810361800000000585e+02
7.081893599999998514e+02 5.813272000000000617e+02
7.081895899999999529e+02 5.813271600000000490e+02
