6.775777900000000500e+02 6.127899700000000394e+02
6.742107200000000375e+02 6.126916700000000446e+02
6.711895200000000159e+02 6.119455900000000383e+02
6.685231700000000501e+02 6.106336000000000013e+02
6.662266200000000254e+02 6.088375700000000279e+02
6.643147800000000416e+02 6.066411699999999882e+02
6.627986600000000408e+02 6.041283499999999549e+02
6.616911800000000312e+02 6.013808599999999842e+02
6.610072800000000370e+02 5.984805699999999433e+02
6.607578300000000127e+02 5.955112899999999172e+02
6.609581500000000460e+02 5.925568399999999656e+02
6.616206600000000435e+02 5.896970199999999522e+02
6.627566300000000865e+02 5.870157500000000255e+02
6.643828900000000885e+02 5.845966999999999416e+02
6.665103800000000547e+02 5.825218099999999595e+02
6.691521600000000944e+02 5.808748499999999240e+02
6.723211100000000897e+02 5.797376600000000053e+02
6.754592100000000983e+02 5.788880599999999959e+02
6.784724800000001323e+02 5.787085399999999709e+02
6.813228100000001177e+02 5.791290099999999939e+02
6.839780000000000655e+02 5.800856400000000122e+02
6.864037800000000971e+02 5.815086400000000140e+02
6.885658900000000813e+02 5.833301400000000285e+02
6.904322200000000294e+02 5.854861700000000155e+02
6.919665200000000596e+02 5.879069200000000137e+02
6.939061400000000503e+02 5.932790300000000343e+02
6.942432700000000523e+02 5.960965499999999793e+02
6.941151500000000851e+02 5.989093199999999797e+02
6.934840800000000627e+02 6.016534000000000333e+02
6.923196500000000242e+02 6.042589400000000524e+02
6.905857500000000755e+02 6.066620000000000346e+02
6.882500400000001264e+02 6.087927400000000944e+02
6.858802400000000716e+02 6.104708200000000033e+02
6.832598200000001043e+02 6.117150699999999688e+02
6.804665200000000596e+02 6.124989900000000489e+02
6.775779400000000123e+02 6.127900100000000521e+02
6.775777900000000500e+02 6.127899700000000394e+02
