6.141082599999999729e+02 6.725189299999999548e+02
6.107411899999999605e+02 6.724206300000000738e+02
6.077199899999999388e+02 6.716745499999999538e+02
6.050536399999999730e+02 6.703625700000000052e+02
6.027570899999999483e+02 6.685665000000000191e+02
6.008452499999999645e+02 6.663701399999999921e+02
5.993291299999999637e+02 6.638573000000000093e+02
5.982216599999999289e+02 6.611098299999999881e+02
5.975377499999999600e+02 6.582095400000000609e+02
5.972882999999999356e+02 6.552402700000000095e+02
5.974882399999999052e+02 6.522857699999999568e+02
5.981507899999999154e+02 6.494259899999999561e+02
5.992867299999999204e+02 6.467447200000000294e+02
6.009129799999999477e+02 6.443256699999999455e+02
6.030405199999999013e+02 6.422507900000000518e+02
6.056822599999999284e+02 6.406037800000000288e+02
6.088512399999999616e+02 6.394665999999999713e+02
6.119892999999999574e+02 6.386170299999999997e+02
6.150025699999999915e+02 6.384375099999999748e+02
6.178528999999999769e+02 6.388579799999999977e+02
6.205080899999999247e+02 6.398145799999999781e+02
6.229338699999999562e+02 6.412376100000000179e+02
6.250960299999999279e+02 6.430590700000000197e+02
6.269623199999999770e+02 6.452151099999999815e+02
6.284966200000000072e+02 6.476358900000000176e+02
6.304362300000000232e+02 6.530080000000000382e+02
6.307733699999999999e+02 6.558255300000000716e+02
6.306452399999999443e+02 6.586382899999999836e+02
6.300141699999999219e+02 6.613823800000000119e+02
6.288497399999998834e+02 6.639879200000000310e+02
6.271158399999999347e+02 6.663909599999999500e+02
6.247801299999999856e+02 6.685217099999999846e+02
6.224103699999999435e+02 6.701997800000000325e+02
6.197899499999999762e+02 6.714440399999999727e+02
6.169966100000000324e+02 6.722279499999999643e+02
6.141080299999999852e+02 6.725189800000000560e+02
6.141082599999999729e+02 6.725189299999999548e+02
