5.726960100000000011e+02 6.608650000000000091e+02
5.693289399999999887e+02 6.607667000000000144e+02
5.663077399999999670e+02 6.600206200000000081e+02
5.636413999999999760e+02 6.587086299999999710e+02
5.613448399999999765e+02 6.569125599999999849e+02
5.594330099999999675e+02 6.547162100000000464e+02
5.579168899999999667e+02 6.522033500000000004e+02
5.568094099999999571e+02 6.494558600000000297e+02
5.561254999999999882e+02 6.465556000000000267e+02
5.558760499999999638e+02 6.435863300000000891e+02
5.560763699999999972e+02 6.406318300000000363e+02
5.567389200000000073e+02 6.377720500000000357e+02
5.578748600000000124e+02 6.350907799999999952e+02
5.595011100000000397e+02 6.326716999999999871e+02
5.616286499999999933e+02 6.305968100000000049e+02
5.642703900000000203e+02 6.289498399999999947e+02
5.674393700000000536e+02 6.278126600000000508e+02
5.705774300000000494e+02 6.269630999999999403e+02
5.735907000000000835e+02 6.267835700000000543e+02
5.764410300000000689e+02 6.272040399999999636e+02
5.790962300000001051e+02 6.281606400000000576e+02
5.815220000000001619e+02 6.295836699999999837e+02
5.836841200000001209e+02 6.314051400000000740e+02
5.855504500000000689e+02 6.335611699999999473e+02
5.870847500000000991e+02 6.359819600000000719e+02
5.890243600000001152e+02 6.413540299999999661e+02
5.893615000000000919e+02 6.441715900000000374e+02
5.892333700000000363e+02 6.469843499999999494e+02
5.886023000000000138e+02 6.497284399999999778e+02
5.874378699999999753e+02 6.523339700000000221e+02
5.857039700000000266e+02 6.547370300000000043e+02
5.833682600000000775e+02 6.568677800000000389e+02
5.809984600000000228e+02 6.585458499999999731e+02
5.783780400000000554e+02 6.597901100000000270e+02
5.755847400000000107e+02 6.605740200000000186e+02
5.726961599999999635e+02 6.608650400000000218e+02
5.726960100000000011e+02 6.608650000000000091e+02
