7.267031399999999621e+02 5.126649099999999635e+02
7.233360699999999497e+02 5.125666100000000824e+02
7.203148299999999153e+02 5.118205300000000193e+02
7.176485199999999622e+02 5.105085900000000265e+02
7.153519599999999627e+02 5.087125200000000405e+02
7.134401299999999537e+02 5.065161600000000135e+02
7.119240099999999529e+02 5.040033000000000243e+02
7.108165299999999434e+02 5.012558099999999968e+02
7.101325899999999365e+02 4.983555499999999938e+02
7.098831399999999121e+02 4.953862399999999866e+02
7.100834499999998570e+02 4.924317899999999781e+02
7.107460099999998420e+02 4.895720099999999775e+02
7.118819799999998850e+02 4.868906999999999812e+02
7.135081999999998743e+02 4.844716799999999921e+02
7.156357299999998531e+02 4.823967599999999720e+02
7.182775099999998929e+02 4.807497899999999618e+02
7.214464599999998882e+02 4.796126099999999610e+02
7.245845599999998967e+02 4.787630099999999516e+02
7.275978299999999308e+02 4.785834799999999518e+02
7.304481599999999162e+02 4.790039599999999496e+02
7.331033499999998639e+02 4.799605899999999679e+02
7.355290899999998828e+02 4.813835799999999949e+02
7.376912399999998797e+02 4.832050899999999842e+02
7.395575699999998278e+02 4.853611199999999712e+02
7.410918399999998201e+02 4.877819099999999821e+02
7.430314899999998488e+02 4.931539799999999900e+02
7.433682499999998754e+02 4.959714999999999918e+02
7.432401199999998198e+02 4.987842999999999734e+02
7.426090499999997974e+02 5.015283899999999448e+02
7.414446199999997589e+02 5.041339199999999323e+02
7.397106799999997975e+02 5.065369399999999587e+02
7.373750099999997474e+02 5.086677299999999491e+02
7.350052099999996926e+02 5.103457999999999402e+02
7.323847899999997253e+02 5.115900599999999372e+02
7.295914499999997815e+02 5.123739299999999730e+02
7.267029099999997470e+02 5.126649599999998372e+02
7.267031399999999621e+02 5.126649099999999635e+02
