7.921801299999999628e+02 4.521051199999999994e+02
7.888130599999999504e+02 4.520068200000000047e+02
7.857918199999999160e+02 4.512606999999999857e+02
7.831255099999999629e+02 4.499487499999999613e+02
7.808289599999999382e+02 4.481526799999999753e+02
7.789171199999999544e+02 4.459563199999999483e+02
7.774009699999999157e+02 4.434434699999999339e+02
7.762935299999999188e+02 4.406959799999999063e+02
7.756095799999999372e+02 4.377957199999999034e+02
7.753601399999998876e+02 4.348264499999999089e+02
7.755604499999998325e+02 4.318719499999999130e+02
7.762229999999998427e+02 4.290121699999999123e+02
7.773589399999998477e+02 4.263308599999999160e+02
7.789851899999998750e+02 4.239118499999999017e+02
7.811127299999998286e+02 4.218369299999998816e+02
7.837544999999997799e+02 4.201899599999998713e+02
7.869234499999997752e+02 4.190527799999998706e+02
7.900615199999997458e+02 4.182032099999998422e+02
7.930748199999997041e+02 4.180236899999998172e+02
7.959251499999996895e+02 4.184441599999998402e+02
7.985802999999997382e+02 4.194007599999998206e+02
8.010060799999997698e+02 4.208237499999998477e+02
8.031682299999997667e+02 4.226452899999998749e+02
8.050345599999997148e+02 4.248013199999998619e+02
8.065688299999997071e+02 4.272220699999998601e+02
8.085084799999997358e+02 4.325941399999998680e+02
8.088452399999997624e+02 4.354117099999998572e+02
8.087171099999997068e+02 4.382244699999998829e+02
8.080860799999996971e+02 4.409685599999999113e+02
8.069216499999996586e+02 4.435740899999998987e+02
8.051877099999996972e+02 4.459771499999998809e+02
8.028520399999996471e+02 4.481078899999998839e+02
8.004822399999995923e+02 4.497859699999999066e+02
7.978618199999996250e+02 4.510302299999999036e+02
7.950684799999996812e+02 4.518141399999998953e+02
7.921799399999996467e+02 4.521051599999998984e+02
7.921801299999999628e+02 4.521051199999999994e+02
