7.527819899999999507e+02 4.374814900000000080e+02
7.494148899999999003e+02 4.373831900000000132e+02
7.463936899999998786e+02 4.366370800000000258e+02
7.437273799999999255e+02 4.353251300000000015e+02
7.414308299999999008e+02 4.335290600000000154e+02
7.395189499999999043e+02 4.313326999999999884e+02
7.380028299999999035e+02 4.288198399999999992e+02
7.368953899999999066e+02 4.260723899999999844e+02
7.362114499999998998e+02 4.231720899999999688e+02
7.359619999999998754e+02 4.202028199999999742e+02
7.361623199999999088e+02 4.172483299999999531e+02
7.368248699999999189e+02 4.143885499999999524e+02
7.379607999999999493e+02 4.117072399999999561e+02
7.395870599999999513e+02 4.092882299999999418e+02
7.417145899999999301e+02 4.072132999999999470e+02
7.443563699999999699e+02 4.055663399999999683e+02
7.475253099999999904e+02 4.044291499999999928e+02
7.506633799999999610e+02 4.035795899999999961e+02
7.536766499999999951e+02 4.034000599999999963e+02
7.565270199999999932e+02 4.038205300000000193e+02
7.591821700000000419e+02 4.047771299999999997e+02
7.616079500000000735e+02 4.062001200000000267e+02
7.637701000000000704e+02 4.080216700000000287e+02
7.656363900000001195e+02 4.101777000000000157e+02
7.671706900000001497e+02 4.125984500000000139e+02
7.691103500000001532e+02 4.179705200000000218e+02
7.694471000000002050e+02 4.207880800000000363e+02
7.693189800000002379e+02 4.236008400000000620e+02
7.686879500000002281e+02 4.263449300000000903e+02
7.675235100000002149e+02 4.289504600000000778e+02
7.657895800000002282e+02 4.313535200000000600e+02
7.634539100000001781e+02 4.334842700000000377e+02
7.610841000000001486e+02 4.351623400000000288e+02
7.584636800000001813e+02 4.364066000000000258e+02
7.556703500000002123e+02 4.371905100000000175e+02
7.527818100000001778e+02 4.374815399999999954e+02
7.527819899999999507e+02 4.374814900000000080e+02
