6.273578700000000481e+02 5.558691699999999400e+02
6.239908000000000357e+02 5.557708700000000590e+02
6.209695600000000013e+02 5.550247899999999390e+02
6.183032200000000103e+02 5.537128399999999147e+02
6.160067000000000235e+02 5.519167700000000423e+02
6.140948300000000017e+02 5.497203700000000026e+02
6.125787100000000009e+02 5.472075500000000829e+02
6.114712299999999914e+02 5.444600599999999986e+02
6.107873200000000224e+02 5.415597999999999956e+02
6.105378799999999728e+02 5.385905299999999443e+02
6.107378099999999677e+02 5.356360399999999800e+02
6.114003599999999778e+02 5.327762599999999793e+02
6.125362999999999829e+02 5.300949499999999261e+02
6.141625599999999849e+02 5.276758999999999560e+02
6.162900899999999638e+02 5.256010099999999738e+02
6.189318299999999908e+02 5.239540500000000520e+02
6.221008100000000240e+02 5.228168600000000197e+02
6.252388799999999947e+02 5.219672600000000102e+02
6.282521799999999530e+02 5.217877300000000105e+02
6.311024699999999257e+02 5.222082100000000082e+02
6.337576699999999619e+02 5.231648400000000265e+02
6.361834400000000187e+02 5.245878400000000283e+02
6.383455999999999904e+02 5.264093400000000429e+02
6.402119299999999384e+02 5.285653700000000299e+02
6.417461899999999559e+02 5.309861600000000408e+02
6.436858399999999847e+02 5.363582300000000487e+02
6.440226000000000113e+02 5.391757900000000063e+02
6.438944699999999557e+02 5.419885500000000320e+02
6.432634099999999080e+02 5.447326400000000604e+02
6.420990099999999074e+02 5.473381699999999910e+02
6.403650799999999208e+02 5.497412300000000869e+02
6.380293699999999717e+02 5.518719399999999951e+02
6.356595999999999549e+02 5.535500500000000557e+02
6.330391799999999876e+02 5.547943099999999959e+02
6.302458400000000438e+02 5.555781900000000633e+02
6.273573000000000093e+02 5.558692100000000664e+02
6.273578700000000481e+02 5.558691699999999400e+02
