6.878410800000000336e+02 4.999088699999999790e+02
6.844740100000000211e+02 4.998105699999999842e+02
6.814527699999999868e+02 4.990644899999999780e+02
6.787864700000000084e+02 4.977524999999999977e+02
6.764899100000000089e+02 4.959564300000000117e+02
6.745780799999999999e+02 4.937601099999999974e+02
6.730619199999999864e+02 4.912472500000000082e+02
6.719544799999999896e+02 4.884997599999999807e+02
6.712705399999999827e+02 4.855994699999999966e+02
6.710210899999999583e+02 4.826301899999999705e+02
6.712213999999999032e+02 4.796757399999999620e+02
6.718839499999999134e+02 4.768159199999999487e+02
6.730199299999999312e+02 4.741346499999999651e+02
6.746461499999999205e+02 4.717155999999999381e+02
6.767736799999998993e+02 4.696407099999999559e+02
6.794154599999999391e+02 4.679937499999999773e+02
6.825843999999999596e+02 4.668565600000000018e+02
6.857224699999999302e+02 4.660069599999999923e+02
6.887357699999998886e+02 4.658274299999999926e+02
6.915860999999998739e+02 4.662479099999999903e+02
6.942412599999998974e+02 4.672045400000000086e+02
6.966670299999998406e+02 4.686275400000000104e+02
6.988291899999998122e+02 4.704490400000000250e+02
7.006955199999997603e+02 4.726050700000000120e+02
7.022297799999997778e+02 4.750258600000000229e+02
7.041694299999998066e+02 4.803979300000000308e+02
7.045061899999998332e+02 4.832154500000000326e+02
7.043780599999997776e+02 4.860282500000000141e+02
7.037469999999997299e+02 4.887723399999999856e+02
7.025825599999997166e+02 4.913778699999999731e+02
7.008486299999997300e+02 4.937808999999999742e+02
6.985129599999996799e+02 4.959116399999999771e+02
6.961431499999996504e+02 4.975897499999999809e+02
6.935227299999996831e+02 4.988340099999999779e+02
6.907293999999997141e+02 4.996178899999999885e+02
6.878408599999996795e+02 4.999089099999999917e+02
6.878410800000000336e+02 4.999088699999999790e+02
