7.396540800000000218e+02 4.005087399999999889e+02
7.362869699999999966e+02 4.004104399999999941e+02
7.332657699999999750e+02 3.996643199999999752e+02
7.305994600000000219e+02 3.983523299999999949e+02
7.283028699999999844e+02 3.965563000000000216e+02
7.263910700000000134e+02 3.943599399999999946e+02
7.248749500000000126e+02 3.918470800000000054e+02
7.237674799999999777e+02 3.890995899999999779e+02
7.230835700000000088e+02 3.861993399999999497e+02
7.228341199999999844e+02 3.832300599999999235e+02
7.230344400000000178e+02 3.802755699999999024e+02
7.236969500000000153e+02 3.774157099999998763e+02
7.248329600000000710e+02 3.747344399999998927e+02
7.264591400000000476e+02 3.723153899999998657e+02
7.285866400000001022e+02 3.702405099999998583e+02
7.312284500000000662e+02 3.685935399999998481e+02
7.343974300000000994e+02 3.674563599999998473e+02
7.375354600000000573e+02 3.666067899999998190e+02
7.405487300000000914e+02 3.664272699999997940e+02
7.433990600000000768e+02 3.668477399999998170e+02
7.460542500000000246e+02 3.678043399999997973e+02
7.484800300000000561e+02 3.692273299999998244e+02
7.506421500000000151e+02 3.710488399999998137e+02
7.525085500000000138e+02 3.732048699999998007e+02
7.540427399999999807e+02 3.756256499999997800e+02
7.559824300000000221e+02 3.809977599999998006e+02
7.563191900000000487e+02 3.838153199999998151e+02
7.561910599999999931e+02 3.866280899999998155e+02
7.555599499999999580e+02 3.893721699999998123e+02
7.543955599999999322e+02 3.919777099999998313e+02
7.526616599999999835e+02 3.943807699999998135e+02
7.503259500000000344e+02 3.965115099999998165e+02
7.479561499999999796e+02 3.981895899999998392e+02
7.453357300000000123e+02 3.994338399999998614e+02
7.425424299999999675e+02 4.002177599999998847e+02
7.396538499999999203e+02 4.005087799999998879e+02
7.396540800000000218e+02 4.005087399999999889e+02
