4.656290799999999876e+02 7.077982700000000023e+02
4.622620099999999752e+02 7.076999700000000075e+02
4.592407699999999977e+02 7.069538900000000012e+02
4.565744300000000067e+02 7.056418999999999642e+02
4.542779100000000199e+02 7.038458299999999781e+02
4.523660700000000361e+02 7.016494700000000648e+02
4.508499200000000542e+02 6.991366199999999935e+02
4.497424400000000446e+02 6.963891600000000608e+02
4.490585300000000188e+02 6.934888700000000199e+02
4.488090799999999945e+02 6.905195899999999938e+02
4.490090200000000209e+02 6.875651000000000295e+02
4.496715700000000311e+02 6.847053200000000288e+02
4.508075100000000361e+02 6.820240499999999884e+02
4.524337600000000634e+02 6.796050000000000182e+02
4.545613000000000739e+02 6.775301100000000361e+02
4.572030400000001009e+02 6.758831099999999878e+02
4.603720200000000773e+02 6.747459599999999682e+02
4.635100900000001047e+02 6.738963599999999587e+02
4.665233900000001199e+02 6.737168400000000474e+02
4.693737200000001053e+02 6.741373100000000704e+02
4.720288800000001288e+02 6.750939399999999750e+02
4.744546500000001288e+02 6.765169399999999769e+02
4.766168100000001004e+02 6.783384399999999914e+02
4.784831400000001054e+02 6.804944699999999784e+02
4.800174000000001229e+02 6.829152199999999766e+02
4.819570500000000948e+02 6.882873299999999972e+02
4.822941900000000714e+02 6.911048499999999422e+02
4.821660600000000727e+02 6.939176499999999805e+02
4.815349900000000503e+02 6.966617400000000089e+02
4.803705600000000686e+02 6.992672699999999395e+02
4.786366600000000631e+02 7.016702999999999975e+02
4.763009500000000571e+02 7.038010399999999436e+02
4.739311500000000592e+02 7.054791199999999662e+02
4.713107300000000350e+02 7.067233699999999317e+02
4.685174300000000471e+02 7.075072900000000118e+02
4.656288500000000568e+02 7.077983099999999013e+02
4.656290799999999876e+02 7.077982700000000023e+02
