6.957147200000000566e+02 6.979252000000000180e+02
6.923478800000000319e+02 6.978189899999999852e+02
6.893284100000000763e+02 6.970658499999999549e+02
6.866651700000001028e+02 6.957475899999999456e+02
6.843728500000000849e+02 6.939461499999999887e+02
6.824661500000000842e+02 6.917452899999999545e+02
6.809559300000000803e+02 6.892289200000000164e+02
6.798549100000001317e+02 6.864788599999999406e+02
6.791778100000001359e+02 6.835769799999999350e+02
6.789355400000001737e+02 6.806070999999999458e+02
6.791426600000002054e+02 6.776530999999999949e+02
6.798119000000001506e+02 6.747948699999999462e+02
6.809541500000001406e+02 6.721162799999999606e+02
6.825860800000001518e+02 6.697010499999998956e+02
6.847184900000002017e+02 6.676311499999999342e+02
6.873640800000001718e+02 6.659903799999999592e+02
6.905357100000002220e+02 6.648606399999999894e+02
6.936757800000002590e+02 6.640184099999999034e+02
6.966894600000002811e+02 6.638456899999999905e+02
6.995388100000002396e+02 6.642728499999999485e+02
7.021917300000002342e+02 6.652357299999999896e+02
7.046141500000002225e+02 6.666643899999999121e+02
7.067719900000001871e+02 6.684909599999999728e+02
7.086332600000001776e+02 6.706513700000000426e+02
7.101618500000001859e+02 6.730757499999999709e+02
7.120888800000001311e+02 6.784523599999999988e+02
7.124192100000001346e+02 6.812707100000000082e+02
7.122846600000001445e+02 6.840831699999999955e+02
7.116471700000001874e+02 6.868257499999999709e+02
7.104766100000001643e+02 6.894285600000000613e+02
7.087370800000002191e+02 6.918275399999999991e+02
7.063963800000002493e+02 6.939527600000000120e+02
7.040226500000002261e+02 6.956252799999999752e+02
7.013993200000002162e+02 6.968633800000000065e+02
6.986041700000001811e+02 6.976407100000000128e+02
6.957149500000001581e+02 6.979249300000000176e+02
6.957147200000000566e+02 6.979252000000000180e+02
