5.269045499999999720e+02 6.478273799999999483e+02
5.235374799999999595e+02 6.477290800000000672e+02
5.205162399999999252e+02 6.469829999999999472e+02
5.178499299999999721e+02 6.456710100000000239e+02
5.155533799999999474e+02 6.438749400000000378e+02
5.136415399999999636e+02 6.416785800000000108e+02
5.121253799999999501e+02 6.391657300000000532e+02
5.110179399999999532e+02 6.364182399999999689e+02
5.103339999999999463e+02 6.335179800000000796e+02
5.100845499999999220e+02 6.305487100000000282e+02
5.102848699999998985e+02 6.275942099999999755e+02
5.109474199999999087e+02 6.247344299999999748e+02
5.120833599999998569e+02 6.220531600000000481e+02
5.137096099999998842e+02 6.196341099999999642e+02
5.158371399999998630e+02 6.175591900000000578e+02
5.184789199999999028e+02 6.159122200000000475e+02
5.216478699999998980e+02 6.147750399999999900e+02
5.247859299999998939e+02 6.139254799999999932e+02
5.277992399999999407e+02 6.137459499999999935e+02
5.306495699999999260e+02 6.141664200000000164e+02
5.333047599999998738e+02 6.151230199999999968e+02
5.357305399999999054e+02 6.165460500000000366e+02
5.378926499999998896e+02 6.183675500000000511e+02
5.397589799999998377e+02 6.205235500000000002e+02
5.412932499999998299e+02 6.229443400000000111e+02
5.432328999999998587e+02 6.283164000000000442e+02
5.435700299999998606e+02 6.311339700000000903e+02
5.434419099999998934e+02 6.339467300000000023e+02
5.428108399999998710e+02 6.366908200000000306e+02
5.416464099999998325e+02 6.392963500000000749e+02
5.399124699999998711e+02 6.416994100000000572e+02
5.375767999999998210e+02 6.438301599999999780e+02
5.352069999999997663e+02 6.455082300000000259e+02
5.325865799999997989e+02 6.467524900000000798e+02
5.297932399999998552e+02 6.475363999999999578e+02
5.269046999999998206e+02 6.478274200000000747e+02
5.269045499999999720e+02 6.478273799999999483e+02
