6.990473799999999756e+02 3.843607700000000023e+02
6.956803099999999631e+02 3.842624700000000075e+02
6.926590699999999288e+02 3.835163900000000012e+02
6.899927599999999757e+02 3.822044000000000210e+02
6.876962099999999509e+02 3.804083300000000349e+02
6.857843699999999671e+02 3.782119800000000396e+02
6.842682199999999284e+02 3.756990800000000377e+02
6.831607799999999315e+02 3.729516300000000228e+02
6.824768299999999499e+02 3.700513300000000072e+02
6.822273799999999255e+02 3.670820600000000127e+02
6.824276999999999589e+02 3.641276000000000295e+02
6.830902499999999691e+02 3.612677900000000477e+02
6.842261899999999741e+02 3.585865100000000325e+02
6.858524400000000014e+02 3.561674700000000371e+02
6.879799799999999550e+02 3.540925800000000550e+02
6.906217499999999063e+02 3.524456100000000447e+02
6.937906999999999016e+02 3.513084300000000439e+02
6.969287999999999101e+02 3.504588300000000345e+02
6.999420699999999442e+02 3.502793000000000347e+02
7.027923999999999296e+02 3.506997700000000577e+02
7.054475499999999784e+02 3.516564100000000508e+02
7.078733300000000099e+02 3.530794000000000779e+02
7.100354800000000068e+02 3.549009100000000672e+02
7.119018200000000434e+02 3.570569400000000542e+02
7.134360800000000609e+02 3.594777300000000650e+02
7.153756900000000769e+02 3.648498000000000729e+02
7.157124500000001035e+02 3.676673600000000874e+02
7.155843200000000479e+02 3.704800800000001004e+02
7.149532600000000002e+02 3.732242100000000846e+02
7.137888599999999997e+02 3.758297400000000721e+02
7.120549200000000383e+02 3.782328000000000543e+02
7.097192499999999882e+02 3.803635500000000320e+02
7.073494499999999334e+02 3.820416600000000358e+02
7.047290299999999661e+02 3.832859200000000328e+02
7.019357299999999213e+02 3.840697900000000118e+02
6.990471499999998741e+02 3.843608100000000150e+02
6.990473799999999756e+02 3.843607700000000023e+02
