4.288812100000000100e+02 6.935223899999999730e+02
4.255141800000000103e+02 6.934240899999999783e+02
4.224929400000000328e+02 6.926780099999999720e+02
4.198266400000000544e+02 6.913660199999999350e+02
4.175300400000000423e+02 6.895699500000000626e+02
4.156182100000000332e+02 6.873735900000000356e+02
4.141020900000000324e+02 6.848607700000000023e+02
4.129946500000000356e+02 6.821132800000000316e+02
4.123107000000000539e+02 6.792129899999999907e+02
4.120612600000000612e+02 6.762437099999999646e+02
4.122615700000000629e+02 6.732892600000000130e+02
4.129241200000000731e+02 6.704294399999999996e+02
4.140600600000000782e+02 6.677481699999999591e+02
4.156863100000001054e+02 6.653291199999999890e+02
4.178138500000001159e+02 6.632542300000000068e+02
4.204556200000001240e+02 6.616072699999999713e+02
4.236245700000001193e+02 6.604700799999999390e+02
4.267626400000001468e+02 6.596204899999999043e+02
4.297759000000001492e+02 6.594409599999999045e+02
4.326262700000001473e+02 6.598614299999999275e+02
4.352814300000001708e+02 6.608180599999999458e+02
4.377072000000001708e+02 6.622410599999999476e+02
4.398693600000001425e+02 6.640625599999998485e+02
4.417356500000001347e+02 6.662185899999999492e+02
4.432699500000001080e+02 6.686393399999999474e+02
4.452096000000000799e+02 6.740114499999998543e+02
4.455463600000001065e+02 6.768289699999999129e+02
4.454182300000001078e+02 6.796417699999999513e+02
4.447871600000000853e+02 6.823858599999998660e+02
4.436227300000001037e+02 6.849913899999999103e+02
4.418888300000000982e+02 6.873944199999998546e+02
4.395531200000000922e+02 6.895251599999999144e+02
4.371833200000000943e+02 6.912032399999998233e+02
4.345629000000000701e+02 6.924474899999999025e+02
4.317696000000000822e+02 6.932314099999998689e+02
4.288810200000000918e+02 6.935224299999998721e+02
4.288812100000000100e+02 6.935223899999999730e+02
