3.969821600000000217e+02 7.224994400000000496e+02
3.936150499999999965e+02 7.224011399999999412e+02
3.905938499999999749e+02 7.216550600000000486e+02
3.879275099999999838e+02 7.203430700000000115e+02
3.856309499999999844e+02 7.185470399999999245e+02
3.837191199999999753e+02 7.163506800000000112e+02
3.822029999999999745e+02 7.138378299999999399e+02
3.810955199999999650e+02 7.110903399999999692e+02
3.804115999999999644e+02 7.081900399999999536e+02
3.801621499999999401e+02 7.052207700000000159e+02
3.803624599999999418e+02 7.022663099999999758e+02
3.810250299999999584e+02 6.994064899999999625e+02
3.821609699999999634e+02 6.967252200000000357e+02
3.837872199999999907e+02 6.943061699999999519e+02
3.859147600000000011e+02 6.922312899999999445e+02
3.885565000000000282e+02 6.905843199999999342e+02
3.917254800000000046e+02 6.894471399999999903e+02
3.948635400000000004e+02 6.885975399999999809e+02
3.978768499999999904e+02 6.884180099999999811e+02
4.007271399999999630e+02 6.888384799999998904e+02
4.033823399999999424e+02 6.897951199999999972e+02
4.058081099999999424e+02 6.912181099999999105e+02
4.079702699999999140e+02 6.930396099999999251e+02
4.098365999999999190e+02 6.951956499999998869e+02
4.113708599999999365e+02 6.976164299999999230e+02
4.133105099999999084e+02 7.029884999999999309e+02
4.136472699999999350e+02 7.058060599999998885e+02
4.135191399999999362e+02 7.086188299999998890e+02
4.128880699999999138e+02 7.113629099999999426e+02
4.117236399999999321e+02 7.139684499999998479e+02
4.099897399999999266e+02 7.163714699999999311e+02
4.076540299999999206e+02 7.185022199999998520e+02
4.052842299999999227e+02 7.201803299999999126e+02
4.026638099999998985e+02 7.214245799999998781e+02
3.998705099999999106e+02 7.222084599999999455e+02
3.969819299999999203e+02 7.224994799999999486e+02
3.969821600000000217e+02 7.224994400000000496e+02
