5.094317899999999781e+02 5.643565899999999829e+02
5.060647299999999973e+02 5.642582899999999881e+02
5.030434900000000198e+02 5.635122099999999818e+02
5.003771800000000098e+02 5.622002199999999448e+02
4.980806299999999851e+02 5.604041899999999714e+02
4.961687900000000013e+02 5.582077900000000454e+02
4.946526299999999878e+02 5.556949300000001131e+02
4.935451899999999910e+02 5.529474800000000414e+02
4.928612499999999841e+02 5.500471900000000005e+02
4.926117999999999597e+02 5.470779099999999744e+02
4.928117399999999861e+02 5.441234600000000228e+02
4.934742899999999963e+02 5.412636400000000094e+02
4.946102300000000014e+02 5.385823700000000827e+02
4.962364800000000287e+02 5.361633199999999988e+02
4.983640100000000075e+02 5.340884300000000167e+02
5.010057899999999904e+02 5.324414699999999812e+02
5.041747399999999857e+02 5.313042800000000625e+02
5.073128399999999942e+02 5.304546800000000530e+02
5.103261099999999715e+02 5.302751600000000280e+02
5.131764399999999569e+02 5.306956300000000510e+02
5.158316299999999046e+02 5.316522600000000693e+02
5.182573699999999235e+02 5.330752600000000712e+02
5.204195199999999204e+02 5.348967600000000857e+02
5.222858499999998685e+02 5.370527900000000727e+02
5.238201199999998607e+02 5.394735400000000709e+02
5.257597699999998895e+02 5.448456500000000915e+02
5.260968999999998914e+02 5.476632100000001628e+02
5.259687799999999243e+02 5.504759700000001885e+02
5.253377099999999018e+02 5.532200600000001032e+02
5.241732699999998886e+02 5.558255900000001475e+02
5.224393399999999019e+02 5.582286200000000917e+02
5.201036699999998518e+02 5.603593600000001516e+02
5.177338699999997971e+02 5.620374400000000605e+02
5.151134399999997413e+02 5.632816900000001397e+02
5.123201499999997850e+02 5.640656100000001061e+02
5.094315699999997946e+02 5.643566300000002229e+02
5.094317899999999781e+02 5.643565899999999829e+02
