3.866573700000000144e+02 6.832800600000000486e+02
3.832903000000000020e+02 6.831817599999999402e+02
3.802690499999999929e+02 6.824356800000000476e+02
3.776027500000000146e+02 6.811237300000000232e+02
3.753061900000000151e+02 6.793276600000000371e+02
3.733943600000000060e+02 6.771313000000000102e+02
3.718781999999999925e+02 6.746184500000000526e+02
3.707707599999999957e+02 6.718709599999999682e+02
3.700868199999999888e+02 6.689707000000000789e+02
3.698373699999999644e+02 6.660014300000000276e+02
3.700372999999999593e+02 6.630469500000000380e+02
3.706998599999999442e+02 6.601871900000001006e+02
3.718357899999999177e+02 6.575058800000000474e+02
3.734620499999999197e+02 6.550868300000000772e+02
3.755895799999998985e+02 6.530119400000000951e+02
3.782313599999998814e+02 6.513649700000000848e+02
3.814003099999998767e+02 6.502277900000000272e+02
3.845384199999998600e+02 6.493782300000000305e+02
3.875516799999998625e+02 6.491987000000000307e+02
3.904020099999998479e+02 6.496191400000000158e+02
3.930571699999998714e+02 6.505757700000000341e+02
3.954829499999998461e+02 6.519987600000000612e+02
3.976450999999998430e+02 6.538202700000000505e+02
3.995114299999998480e+02 6.559763000000000375e+02
4.010456899999998654e+02 6.583970900000000483e+02
4.029853499999998689e+02 6.637691399999999931e+02
4.033224799999998709e+02 6.665866900000000896e+02
4.031943599999998469e+02 6.693994500000000016e+02
4.025632899999998244e+02 6.721435400000000300e+02
4.013988499999998112e+02 6.747490700000000743e+02
3.996649599999998372e+02 6.771521300000000565e+02
3.973292499999998313e+02 6.792828700000000026e+02
3.949594399999998586e+02 6.809609500000000253e+02
3.923390199999998345e+02 6.822052100000000792e+02
3.895457299999998213e+02 6.829890800000000581e+02
3.866571499999998309e+02 6.832801000000000613e+02
3.866573700000000144e+02 6.832800600000000486e+02
