4.471444399999999746e+02 6.219475099999999657e+02
4.437773699999999621e+02 6.218492099999999709e+02
4.407561699999999405e+02 6.211031299999999646e+02
4.380898199999999179e+02 6.197911400000000413e+02
4.357932699999998931e+02 6.179950699999999415e+02
4.338814299999999093e+02 6.157987100000000282e+02
4.323653099999999085e+02 6.132858599999999569e+02
4.312578399999999306e+02 6.105384000000000242e+02
4.305739299999999048e+02 6.076381100000000970e+02
4.303244799999998804e+02 6.046688300000000709e+02
4.305244199999999068e+02 6.017143800000000056e+02
4.311869699999999170e+02 5.988545599999999922e+02
4.323229099999999221e+02 5.961732899999999518e+02
4.339491599999999494e+02 5.937542399999999816e+02
4.360766999999999598e+02 5.916793499999999995e+02
4.387184699999999680e+02 5.900323499999999513e+02
4.418874199999999632e+02 5.888951600000000326e+02
4.450254799999999591e+02 5.880456000000000358e+02
4.480387899999999490e+02 5.878660800000000108e+02
4.508891199999999344e+02 5.882865100000000211e+02
4.535442699999999263e+02 5.892431500000000142e+02
4.559700499999999010e+02 5.906661400000000413e+02
4.581321999999998980e+02 5.924876400000000558e+02
4.599985399999998776e+02 5.946436800000001313e+02
4.615327999999998951e+02 5.970644600000000537e+02
4.634724499999998670e+02 6.024365300000000616e+02
4.638095799999998690e+02 6.052540900000001329e+02
4.636814599999998450e+02 6.080668600000001334e+02
4.630503899999998225e+02 6.108109400000000733e+02
4.618859599999998409e+02 6.134164800000000923e+02
4.601520199999998226e+02 6.158195400000000745e+02
4.578163499999998294e+02 6.179502800000000207e+02
4.554465499999998315e+02 6.196283600000000433e+02
4.528261299999998073e+02 6.208726100000001225e+02
4.500327899999998067e+02 6.216564900000000762e+02
4.471442499999998290e+02 6.219475100000000793e+02
4.471444399999999746e+02 6.219475099999999657e+02
