6.310520500000000084e+02 7.566925200000000586e+02
6.276852099999999837e+02 7.565863100000000259e+02
6.246657800000000407e+02 7.558331299999999828e+02
6.220025400000000673e+02 7.545149099999999862e+02
6.197101800000000367e+02 7.527134700000000294e+02
6.178035200000000486e+02 7.505126099999999951e+02
6.162932900000000700e+02 7.479962000000000444e+02
6.151922800000000962e+02 7.452461399999999685e+02
6.145151400000000876e+02 7.423442599999999629e+02
6.142728700000001254e+02 7.393744199999999864e+02
6.144799900000001571e+02 7.364204200000000355e+02
6.151492700000001150e+02 7.335621899999999869e+02
6.162915200000001050e+02 7.308835599999999886e+02
6.179234000000001288e+02 7.284683700000000499e+02
6.200558100000001787e+02 7.263984699999999748e+02
6.227014500000001362e+02 7.247576999999999998e+02
6.258730400000001737e+02 7.236279600000000300e+02
6.290131100000002107e+02 7.227857300000000578e+02
6.320268200000001571e+02 7.226130100000000311e+02
6.348761400000001913e+02 7.230401699999999892e+02
6.375290600000001859e+02 7.240030400000000554e+02
6.399515100000002121e+02 7.254316999999999780e+02
6.421093600000002652e+02 7.272582999999999629e+02
6.439706200000002809e+02 7.294186899999999696e+02
6.454992200000002640e+02 7.318430700000000115e+02
6.474262500000002092e+02 7.372196700000000646e+02
6.477565800000002127e+02 7.400380300000000489e+02
6.476220300000002226e+02 7.428504900000000362e+02
6.469844900000002781e+02 7.455930700000000115e+02
6.458139700000002676e+02 7.481958799999999883e+02
6.440744100000002845e+02 7.505948600000000397e+02
6.417337100000003147e+02 7.527200800000000527e+02
6.393600200000003042e+02 7.543926000000000158e+02
6.367366500000002816e+02 7.556307400000000598e+02
6.339415000000002465e+02 7.564080700000000661e+02
6.310522700000002487e+02 7.566922900000000709e+02
6.310520500000000084e+02 7.566925200000000586e+02
