4.697822199999999953e+02 5.512358899999999267e+02
4.664151600000000144e+02 5.511375900000000456e+02
4.633939500000000180e+02 5.503915099999999256e+02
4.607276500000000397e+02 5.490795200000000023e+02
4.584310600000000591e+02 5.472834599999999909e+02
4.565192200000000753e+02 5.450870999999999640e+02
4.550031000000000745e+02 5.425742800000000443e+02
4.538956600000000776e+02 5.398267899999999599e+02
4.532117200000000707e+02 5.369264899999999443e+02
4.529622700000000464e+02 5.339572200000000066e+02
4.531625800000000481e+02 5.310027599999999666e+02
4.538251300000000583e+02 5.281429399999999532e+02
4.549610700000000634e+02 5.254616699999999128e+02
4.565873300000000654e+02 5.230426199999999426e+02
4.587148600000000442e+02 5.209677399999999352e+02
4.613566000000000713e+02 5.193207699999999249e+02
4.645255800000000477e+02 5.181835899999998674e+02
4.676636500000000751e+02 5.173339899999998579e+02
4.706769100000000776e+02 5.171544599999999718e+02
4.735272400000000630e+02 5.175749299999999948e+02
4.761824400000000423e+02 5.185315699999998742e+02
4.786082100000000423e+02 5.199545599999999013e+02
4.807703700000000708e+02 5.217760699999998906e+02
4.826366600000000631e+02 5.239320999999999913e+02
4.841709600000000364e+02 5.263528499999999894e+02
4.861106100000000083e+02 5.317249499999999216e+02
4.864473700000000349e+02 5.345424799999998413e+02
4.863192400000000362e+02 5.373552799999998797e+02
4.856881800000000453e+02 5.400993699999999080e+02
4.845237400000000321e+02 5.427048999999999523e+02
4.827898100000000454e+02 5.451079199999999219e+02
4.804541000000000395e+02 5.472386699999999564e+02
4.780843300000000227e+02 5.489167399999998906e+02
4.754639099999999985e+02 5.501609999999998308e+02
4.726705799999999726e+02 5.509449099999999362e+02
4.697820299999999634e+02 5.512359299999998257e+02
4.697822199999999953e+02 5.512358899999999267e+02
