3.551380100000000084e+02 7.115958500000000413e+02
3.517709399999999960e+02 7.114975500000000466e+02
3.487497000000000185e+02 7.107514700000000403e+02
3.460834000000000401e+02 7.094394899999999780e+02
3.437868400000000406e+02 7.076434199999999919e+02
3.418750000000000568e+02 7.054470599999999649e+02
3.403588500000000749e+02 7.029342000000000326e+02
3.392514100000000781e+02 7.001867100000000619e+02
3.385674600000000964e+02 6.972864500000000589e+02
3.383180200000001037e+02 6.943171800000000076e+02
3.385183300000001054e+02 6.913626800000000685e+02
3.391808800000001156e+02 6.885029100000000426e+02
3.403168200000001207e+02 6.858216300000000274e+02
3.419430700000001480e+02 6.834025800000000572e+02
3.440706100000001584e+02 6.813276600000000371e+02
3.467123500000001854e+02 6.796806900000000269e+02
3.498813300000001618e+02 6.785435100000000830e+02
3.530194000000001893e+02 6.776939500000000862e+02
3.560327000000002045e+02 6.775144200000000865e+02
3.588830300000001898e+02 6.779348899999999958e+02
3.615381900000002133e+02 6.788914900000000898e+02
3.639639600000002133e+02 6.803145200000001296e+02
3.661261200000002418e+02 6.821359900000001062e+02
3.679924500000002467e+02 6.842920200000000932e+02
3.695267100000002642e+02 6.867128100000001041e+02
3.714663600000002361e+02 6.920848800000001120e+02
3.718031200000002627e+02 6.949024400000000696e+02
3.716749900000002640e+02 6.977152000000000953e+02
3.710439200000002415e+02 7.004592900000000100e+02
3.698794900000002599e+02 7.030648200000000543e+02
3.681455900000002543e+02 7.054678800000000365e+02
3.658098800000002484e+02 7.075986300000000710e+02
3.634400800000002505e+02 7.092767000000001190e+02
3.608196600000002263e+02 7.105209600000000592e+02
3.580263600000002384e+02 7.113048700000000508e+02
3.551377800000002480e+02 7.115958900000000540e+02
3.551380100000000084e+02 7.115958500000000413e+02
