5.623478300000000445e+02 4.638386499999999728e+02
5.589807600000000321e+02 4.637403499999999781e+02
5.559595600000000104e+02 4.629942699999999718e+02
5.532932200000000194e+02 4.616822899999999663e+02
5.509966600000000199e+02 4.598862199999999802e+02
5.490848300000000108e+02 4.576898599999999533e+02
5.475687100000000100e+02 4.551769999999999641e+02
5.464612300000000005e+02 4.524295499999999493e+02
5.457773200000000315e+02 4.495292499999999336e+02
5.455278700000000072e+02 4.465599799999999391e+02
5.457281900000000405e+02 4.436055199999999559e+02
5.463907000000000380e+02 4.407457099999999741e+02
5.475266800000000558e+02 4.380644299999999589e+02
5.491529300000000831e+02 4.356453799999999319e+02
5.512804700000000366e+02 4.335704999999999245e+02
5.539222000000000889e+02 4.319235299999999143e+02
5.570911900000000969e+02 4.307863099999999008e+02
5.602292500000000928e+02 4.299367499999999040e+02
5.632425200000001269e+02 4.297572199999999043e+02
5.660928500000001122e+02 4.301776899999999273e+02
5.687480400000000600e+02 4.311343299999999203e+02
5.711738200000000916e+02 4.325573199999999474e+02
5.733359400000000505e+02 4.343788299999999367e+02
5.752022699999999986e+02 4.365348599999999237e+02
5.767365700000000288e+02 4.389556099999999219e+02
5.786761800000000449e+02 4.443277199999999425e+02
5.790133200000000215e+02 4.471452399999999443e+02
5.788851899999999659e+02 4.499579999999999700e+02
5.782541199999999435e+02 4.527020899999999983e+02
5.770896899999999050e+02 4.553076199999999858e+02
5.753557899999999563e+02 4.577106799999999680e+02
5.730200800000000072e+02 4.598414299999999457e+02
5.706502799999999525e+02 4.615194999999999368e+02
5.680298599999999851e+02 4.627637599999999338e+02
5.652365599999999404e+02 4.635476699999999255e+02
5.623479799999998932e+02 4.638386999999999034e+02
5.623478300000000445e+02 4.638386499999999728e+02
