6.876492100000000391e+02 3.446693000000000211e+02
6.842821400000000267e+02 3.445710000000000264e+02
6.812609400000000051e+02 3.438249200000000201e+02
6.785946000000000140e+02 3.425129299999999830e+02
6.762980400000000145e+02 3.407168599999999969e+02
6.743862100000000055e+02 3.385204999999999700e+02
6.728700900000000047e+02 3.360076799999999366e+02
6.717626099999999951e+02 3.332601899999999659e+02
6.710787000000000262e+02 3.303598999999999251e+02
6.708292599999999766e+02 3.273906599999999116e+02
6.710291899999999714e+02 3.244361599999998589e+02
6.716917399999999816e+02 3.215763599999999087e+02
6.728276799999999866e+02 3.188951599999999189e+02
6.744539399999999887e+02 3.164760599999999613e+02
6.765814699999999675e+02 3.144011600000000044e+02
6.792232099999999946e+02 3.127542600000000448e+02
6.823921900000000278e+02 3.116170600000000377e+02
6.855302599999999984e+02 3.107674600000000282e+02
6.885435199999999440e+02 3.105878599999999778e+02
6.913938499999999294e+02 3.110083599999999251e+02
6.940490499999999656e+02 3.119650599999998803e+02
6.964748199999999088e+02 3.133879599999999073e+02
6.986369799999998804e+02 3.152095599999998967e+02
7.005032699999999295e+02 3.173655599999998458e+02
7.020375699999999597e+02 3.197863599999998314e+02
7.039771899999999505e+02 3.251583599999997887e+02
7.043139400000000023e+02 3.279759599999997590e+02
7.041858200000000352e+02 3.307886799999997720e+02
7.035547500000000127e+02 3.335327699999998003e+02
7.023903099999999995e+02 3.361382999999998447e+02
7.006564200000000255e+02 3.385413599999998269e+02
6.983207100000000764e+02 3.406720699999998487e+02
6.959509400000000596e+02 3.423501799999997957e+02
6.933305200000000923e+02 3.435944399999998495e+02
6.905371900000001233e+02 3.443783199999998033e+02
6.876486100000000761e+02 3.446693399999998064e+02
6.876492100000000391e+02 3.446693000000000211e+02
