Scintillator V0
Lower FILD, generated from FILDCAM geometry files
File generated in 6/2024
2 ! Kind of plate
11 ! Number of triangles
0.04 -0.003175 -0.016564000000000002
0.04 -0.00954 -0.01758
0.04 -0.003175 -0.01758
0.04 -0.003175 -0.016564000000000002
0.04 -0.00954 -0.01758
0.04 -0.01651 -0.01129
0.04 -0.003175 -0.016564000000000002
0.04 -0.01651 -0.01129
0.04 -0.01654 0.01129
0.04 -0.003175 -0.016564000000000002
0.04 -0.01654 0.01129
0.04 -0.01217 0.01544
0.04 -0.003175 -0.016564000000000002
0.04 -0.01217 0.01544
0.04 0.01217 0.01544
0.04 -0.003175 -0.016564000000000002
0.04 0.01217 0.01544
0.04 0.01732 0.01
0.04 -0.003175 -0.016564000000000002
0.04 0.01732 0.01
0.04 0.003175 -0.016564000000000002
0.04 0.003175 -0.016564000000000002
0.04 0.01732 0.01
0.04 0.02 0.0
0.04 0.003175 -0.016564000000000002
0.04 0.02 0.0
0.04 0.01732 -0.01
0.04 0.003175 -0.016564000000000002
0.04 0.01732 -0.01
0.04 0.00954 -0.01758
0.04 0.003175 -0.016564000000000002
0.04 0.00954 -0.01758
0.04 0.003175 -0.01758
