4.863931600000000230e+02 1.762402100000000473e+02
4.864914600000000178e+02 1.728731400000000349e+02
4.872375800000000368e+02 1.698519400000000132e+02
4.885495300000000611e+02 1.671856000000000222e+02
4.903456000000000472e+02 1.648890400000000227e+02
4.925419600000000742e+02 1.629772000000000389e+02
4.950548100000000886e+02 1.614610800000000381e+02
4.978023000000001161e+02 1.603536100000000033e+02
5.007025600000001191e+02 1.596697000000000344e+02
5.036718300000001136e+02 1.594202500000000100e+02
5.066263300000001095e+02 1.596201899999999796e+02
5.094861100000001102e+02 1.602827399999999898e+02
5.121674200000001065e+02 1.614186799999999948e+02
5.145864700000000767e+02 1.630449300000000221e+02
5.166613500000000840e+02 1.651724699999999757e+02
5.183083200000000943e+02 1.678142100000000028e+02
5.194455000000000382e+02 1.709831900000000360e+02
5.202950600000000350e+02 1.741212500000000318e+02
5.204745900000000347e+02 1.771345200000000659e+02
5.200541200000000117e+02 1.799848800000000892e+02
5.190975200000000314e+02 1.826400700000000370e+02
5.176744899999999916e+02 1.850658500000000686e+02
5.158530200000000150e+02 1.872279700000000275e+02
5.136969900000000280e+02 1.890942999999999756e+02
5.112762100000000487e+02 1.906285900000000311e+02
5.059041400000000408e+02 1.925682100000000219e+02
5.030865700000000516e+02 1.929053400000000238e+02
5.002738100000000259e+02 1.927772200000000566e+02
4.975297199999999975e+02 1.921461900000000469e+02
4.949241900000000101e+02 1.909817500000000337e+02
4.925211300000000278e+02 1.892478200000000470e+02
4.903903800000000501e+02 1.869121499999999969e+02
4.887123100000000591e+02 1.845423499999999422e+02
4.874680500000000620e+02 1.819219199999998864e+02
4.866841400000000704e+02 1.791285999999998921e+02
4.863931200000000672e+02 1.762400199999998449e+02
4.863931600000000230e+02 1.762402100000000473e+02
