6.292545400000000200e+02 2.164906700000000228e+02
6.293528400000000147e+02 2.131236099999999851e+02
6.300989200000000210e+02 2.101023999999999887e+02
6.314109100000000581e+02 2.074360599999999977e+02
6.332069800000000441e+02 2.051395099999999729e+02
6.354033400000000711e+02 2.032276699999999892e+02
6.379161900000000287e+02 2.017115499999999884e+02
6.406636500000000751e+02 2.006040699999999788e+02
6.435639400000001160e+02 1.999201699999999846e+02
6.465332100000001674e+02 1.996707199999999602e+02
6.494877100000002201e+02 1.998710299999999052e+02
6.523474900000002208e+02 2.005335799999999153e+02
6.550287600000002612e+02 2.016695199999999204e+02
6.574478100000002314e+02 2.032957799999999224e+02
6.595226900000002388e+02 2.054233099999999013e+02
6.611697000000002618e+02 2.080650499999999283e+02
6.623068800000002057e+02 2.112340299999999615e+02
6.631564500000001772e+02 2.143720999999999322e+02
6.633359700000002022e+02 2.173853599999998778e+02
6.629155000000001792e+02 2.202356899999998632e+02
6.619588600000001861e+02 2.228908899999998994e+02
6.605358700000001591e+02 2.253166599999999562e+02
6.587143700000001445e+02 2.274787799999999152e+02
6.565583400000001575e+02 2.293451099999998632e+02
6.541375900000001593e+02 2.308794099999998934e+02
6.487655200000001514e+02 2.328190299999998842e+02
6.459479500000001053e+02 2.331561599999998862e+02
6.431351900000000796e+02 2.330280299999998306e+02
6.403911000000000513e+02 2.323969999999998208e+02
6.377855700000000070e+02 2.312325699999997823e+02
6.353825100000000248e+02 2.294986399999997957e+02
6.332517700000000787e+02 2.271629299999998466e+02
6.315736900000000560e+02 2.247931599999998298e+02
6.303294300000000021e+02 2.221727399999998624e+02
6.295455200000000104e+02 2.193793999999999187e+02
6.292545000000000073e+02 2.164908599999998842e+02
6.292545400000000200e+02 2.164906700000000228e+02
