5.569990099999999984e+02 1.974859699999999521e+02
5.570973099999999931e+02 1.941188999999999396e+02
5.578433899999999994e+02 1.910976599999999053e+02
5.591553699999999480e+02 1.884313599999999269e+02
5.609514399999999341e+02 1.861347999999999274e+02
5.631477999999999611e+02 1.842229599999999436e+02
5.656606600000000071e+02 1.827068099999999049e+02
5.684081099999999651e+02 1.815993699999999080e+02
5.713084099999999808e+02 1.809154199999999264e+02
5.742776800000000321e+02 1.806659799999998768e+02
5.772321400000000722e+02 1.808662899999998217e+02
5.800919500000001108e+02 1.815288399999998319e+02
5.827732300000001260e+02 1.826648199999998496e+02
5.851922800000000962e+02 1.842910299999998642e+02
5.872671600000001035e+02 1.864185699999998178e+02
5.889141300000001138e+02 1.890603399999997691e+02
5.900513100000000577e+02 1.922292899999997644e+02
5.909009100000000672e+02 1.953673899999997730e+02
5.910804400000000669e+02 1.983806599999998070e+02
5.906599700000000439e+02 2.012309899999997924e+02
5.897033300000000509e+02 2.038861799999997402e+02
5.882803400000000238e+02 2.063119199999997591e+02
5.864588300000000345e+02 2.084740799999997307e+02
5.843028000000000475e+02 2.103404099999996788e+02
5.818820500000000493e+02 2.118747099999997090e+02
5.765099400000000287e+02 2.138143199999997250e+02
5.736924200000000837e+02 2.141510799999997516e+02
5.708796200000000454e+02 2.140229499999996960e+02
5.681355300000000170e+02 2.133918799999996736e+02
5.655299999999999727e+02 2.122274499999996351e+02
5.631269800000000032e+02 2.104935499999996864e+02
5.609962299999999686e+02 2.081578799999996363e+02
5.593181599999999207e+02 2.057880799999995816e+02
5.580738999999998668e+02 2.031676599999996142e+02
5.572899899999998752e+02 2.003743199999996705e+02
5.569989599999998973e+02 1.974857799999996359e+02
5.569990099999999984e+02 1.974859699999999521e+02
