6.898826699999999619e+02 2.796224300000000085e+02
6.899809699999999566e+02 2.762553599999999960e+02
6.907270499999999629e+02 2.732341199999999617e+02
6.920390400000000000e+02 2.705678100000000086e+02
6.938350699999999733e+02 2.682712599999999838e+02
6.960314300000000003e+02 2.663594200000000001e+02
6.985442900000000463e+02 2.648432699999999613e+02
7.012917800000000170e+02 2.637358299999999645e+02
7.041920700000000579e+02 2.630518799999999828e+02
7.071613100000000713e+02 2.628024399999999332e+02
7.101158000000000357e+02 2.630023699999999280e+02
7.129756200000000490e+02 2.636649199999999382e+02
7.156568900000000895e+02 2.648008599999999433e+02
7.180759000000000469e+02 2.664271199999999453e+02
7.201508300000000418e+02 2.685546499999999241e+02
7.217977900000000773e+02 2.711964299999999639e+02
7.229349800000001096e+02 2.743653699999999844e+02
7.237845400000001064e+02 2.775034399999999550e+02
7.239640700000001061e+02 2.805167399999999134e+02
7.235435900000001084e+02 2.833670699999998988e+02
7.225870000000001028e+02 2.860222299999999223e+02
7.211639700000000630e+02 2.884479999999998654e+02
7.193425000000000864e+02 2.906101599999998371e+02
7.171864700000000994e+02 2.924764899999997851e+02
7.147656800000000885e+02 2.940107499999998026e+02
7.093936100000000806e+02 2.959503999999998314e+02
7.065760500000001230e+02 2.962875399999998081e+02
7.037632800000001225e+02 2.961594099999997525e+02
7.010192000000000689e+02 2.955283399999997300e+02
6.984136700000000246e+02 2.943639099999996915e+02
6.960106000000000677e+02 2.926300099999997428e+02
6.938799000000000206e+02 2.902942999999997937e+02
6.922017900000000736e+02 2.879244999999997390e+02
6.909575300000000198e+02 2.853040799999997716e+02
6.901736500000000660e+02 2.825107799999997269e+02
6.898826300000000629e+02 2.796221999999996797e+02
6.898826699999999619e+02 2.796224300000000085e+02
