7.960196200000000317e+02 4.504298999999999751e+02
7.961179200000000264e+02 4.470628299999999626e+02
7.968640000000000327e+02 4.440416299999999410e+02
7.981759900000000698e+02 4.413752899999999499e+02
7.999720600000000559e+02 4.390787299999999505e+02
8.021683900000000449e+02 4.371668999999999414e+02
8.046811900000000151e+02 4.356507799999999406e+02
8.074286899999999605e+02 4.345432999999999311e+02
8.103289899999999761e+02 4.338593899999999053e+02
8.132982899999999518e+02 4.336099499999999125e+02
8.162526899999999159e+02 4.338102599999999143e+02
8.191124899999998661e+02 4.344728099999999245e+02
8.217937899999998308e+02 4.356087499999999295e+02
8.242128899999997884e+02 4.372349999999999568e+02
8.262877899999997453e+02 4.393625399999999672e+02
8.279346899999997049e+02 4.420042799999999943e+02
8.290718899999997120e+02 4.451732599999999707e+02
8.299214899999997215e+02 4.483113299999999981e+02
8.301009899999996833e+02 4.513245900000000006e+02
8.296805899999997109e+02 4.541749199999999860e+02
8.287238899999997557e+02 4.568301199999999653e+02
8.273008899999997539e+02 4.592558899999999653e+02
8.254793899999997393e+02 4.614180099999999811e+02
8.233233899999997902e+02 4.632843399999999860e+02
8.209025899999998046e+02 4.648186399999999594e+02
8.155304899999997588e+02 4.667582499999999754e+02
8.127129899999997633e+02 4.670953899999999521e+02
8.099001899999997249e+02 4.669672599999999534e+02
8.071560899999997218e+02 4.663361899999999309e+02
8.045505899999997155e+02 4.651717599999999493e+02
8.021474899999997206e+02 4.634378599999999437e+02
8.000168399999997746e+02 4.611021499999999378e+02
7.983387299999998277e+02 4.587323499999999399e+02
7.970944799999998622e+02 4.561119699999999284e+02
7.963105999999999085e+02 4.533186299999999278e+02
7.960195799999999053e+02 4.504300499999999374e+02
7.960196200000000317e+02 4.504298999999999751e+02
