4.825356600000000071e+02 5.894465000000002419e+01
4.826339600000000019e+02 5.557758000000001175e+01
4.833800400000000081e+02 5.255637999999999010e+01
4.846920299999999884e+02 4.989003000000002430e+01
4.864880999999999744e+02 4.759347999999999956e+01
4.886844600000000014e+02 4.568164000000001579e+01
4.911973100000000159e+02 4.416552000000001499e+01
4.939447700000000054e+02 4.305804999999998017e+01
4.968450599999999895e+02 4.237414000000001124e+01
4.998143299999999840e+02 4.212468999999998687e+01
5.027688299999999799e+02 4.232462999999995645e+01
5.056286099999999806e+02 4.298717999999996664e+01
5.083098799999999642e+02 4.412311999999997170e+01
5.107289299999999912e+02 4.574936999999999898e+01
5.128038099999999986e+02 4.787690999999995256e+01
5.144508200000000215e+02 5.051864999999997963e+01
5.155879700000000412e+02 5.368763000000001284e+01
5.164375700000000506e+02 5.682569000000000869e+01
5.166170900000000756e+02 5.983896000000004278e+01
5.161966200000000526e+02 6.268929000000002816e+01
5.152399800000000596e+02 6.534449000000006436e+01
5.138169900000000325e+02 6.777026000000000749e+01
5.119954900000000180e+02 6.993241999999997915e+01
5.098394600000000310e+02 7.179871000000002823e+01
5.074187100000000328e+02 7.333301000000005843e+01
5.020466000000000122e+02 7.527266000000008717e+01
4.992290700000000356e+02 7.560980000000006385e+01
4.964162700000000541e+02 7.548167000000000826e+01
4.936721900000000574e+02 7.485059999999998581e+01
4.910666600000000699e+02 7.368616999999994732e+01
4.886636300000000688e+02 7.195226999999999862e+01
4.865328900000000658e+02 6.961656000000004951e+01
4.848548100000000431e+02 6.724675999999999476e+01
4.836105500000000461e+02 6.462634000000002743e+01
4.828266400000000544e+02 6.183303999999998268e+01
4.825356200000000513e+02 5.894445999999993546e+01
4.825356600000000071e+02 5.894465000000002419e+01
