5.810244800000000396e+02 6.543962300000000596e+02
5.811306900000000724e+02 6.510294300000000476e+02
5.818838400000000775e+02 6.480099599999999782e+02
5.832021000000000868e+02 6.453467200000000048e+02
5.850035300000000689e+02 6.430543999999999869e+02
5.872043900000001031e+02 6.411476999999999862e+02
5.897208000000000538e+02 6.396374799999999823e+02
5.924708600000000160e+02 6.385364700000000084e+02
5.953727099999999837e+02 6.378593599999999242e+02
5.983425799999999981e+02 6.376170899999999619e+02
6.012965900000000374e+02 6.378242099999999937e+02
6.041548200000000861e+02 6.384934499999999389e+02
6.068334400000001096e+02 6.396357000000000426e+02
6.092486400000001368e+02 6.412676300000000538e+02
6.113185300000001234e+02 6.433999999999999773e+02
6.129593000000000984e+02 6.460456300000000738e+02
6.140890400000000682e+02 6.492172600000000102e+02
6.149312700000000405e+02 6.523573300000000472e+02
6.151039900000000671e+02 6.553710100000000693e+02
6.146768300000001091e+02 6.582203200000000152e+02
6.137139600000001565e+02 6.608732499999999845e+02
6.122852600000001075e+02 6.632957000000000107e+02
6.104586900000001606e+02 6.654535399999999754e+02
6.082983100000001286e+02 6.673148099999999658e+02
6.058739300000000867e+02 6.688433999999999742e+02
6.004972900000001346e+02 6.707704300000000330e+02
5.976789700000001631e+02 6.711007600000000366e+02
5.948665100000001758e+02 6.709662100000000464e+02
5.921239000000001624e+02 6.703287199999999757e+02
5.895211300000001984e+02 6.691581599999999526e+02
5.871221500000001470e+02 6.674186300000000074e+02
5.849968800000001465e+02 6.650779300000000376e+02
5.833244000000001961e+02 6.627042000000000144e+02
5.820862700000002405e+02 6.600808700000000044e+02
5.813089300000002595e+02 6.572857199999999693e+02
5.810247100000002547e+02 6.543964599999999336e+02
5.810244800000000396e+02 6.543962300000000596e+02
