4.398664800000000241e+02 7.254206999999996697e+01
4.399647800000000188e+02 6.917495999999994183e+01
4.407108900000000062e+02 6.615375999999992018e+01
4.420228400000000306e+02 6.348744999999996708e+01
4.438189100000000167e+02 6.119085999999992964e+01
4.460152700000000436e+02 5.927901999999994587e+01
4.485281300000000329e+02 5.776289999999994507e+01
4.512756200000000604e+02 5.665545999999994820e+01
4.541758800000000633e+02 5.597151999999994132e+01
4.571451500000000578e+02 5.572206999999991694e+01
4.600996400000000790e+02 5.592238999999995031e+01
4.629594600000000924e+02 5.658493999999996049e+01
4.656407300000000760e+02 5.772087999999996555e+01
4.680597600000000966e+02 5.934712999999999283e+01
4.701346500000000788e+02 6.147465999999997166e+01
4.717816200000000890e+02 6.411644000000001142e+01
4.729188000000000898e+02 6.728539000000000669e+01
4.737683600000000865e+02 7.042345000000000255e+01
4.739478900000000863e+02 7.343672000000003663e+01
4.735274600000000760e+02 7.628705000000002201e+01
4.725708200000000829e+02 7.894223999999996977e+01
4.711477900000001000e+02 8.136802000000000135e+01
4.693263200000001234e+02 8.353016999999999825e+01
4.671702900000001364e+02 8.539647000000002208e+01
4.647495200000001319e+02 8.693077000000005228e+01
4.593774500000001240e+02 8.887042000000008102e+01
4.565598900000001095e+02 8.920718000000010761e+01
4.537471300000000838e+02 8.907905000000005202e+01
4.510030400000000554e+02 8.844798000000002958e+01
4.483975100000000680e+02 8.728354999999999109e+01
4.459944500000000858e+02 8.554965000000004238e+01
4.438637000000001080e+02 8.321394000000009328e+01
4.421856300000001170e+02 8.084414000000003853e+01
4.409413700000001199e+02 7.822372000000007120e+01
4.401574600000001283e+02 7.543042000000002645e+01
4.398664300000001504e+02 7.254183999999997923e+01
4.398664800000000241e+02 7.254206999999996697e+01
