6.472134600000000546e+02 2.909413500000000568e+02
6.473117600000000493e+02 2.875742800000000443e+02
6.480578400000000556e+02 2.845530400000000100e+02
6.493698300000000927e+02 2.818867400000000316e+02
6.511658900000001040e+02 2.795901800000000321e+02
6.533622500000001310e+02 2.776783500000000231e+02
6.558751100000001770e+02 2.761622300000000223e+02
6.586225600000001350e+02 2.750547500000000127e+02
6.615228600000001506e+02 2.743708100000000059e+02
6.644921300000002020e+02 2.741213599999999815e+02
6.674466300000002548e+02 2.743212899999999763e+02
6.703064100000002554e+02 2.749838499999999613e+02
6.729876800000002959e+02 2.761198200000000043e+02
6.754067300000002660e+02 2.777460399999999936e+02
6.774816100000002734e+02 2.798735699999999724e+02
6.791285800000002837e+02 2.825153500000000122e+02
6.802657600000002276e+02 2.856842900000000327e+02
6.811153600000002371e+02 2.888224000000000160e+02
6.812948900000002368e+02 2.918356599999999617e+02
6.808744200000002138e+02 2.946859899999999470e+02
6.799177800000002208e+02 2.973411899999999832e+02
6.784947900000001937e+02 2.997669300000000021e+02
6.766732800000002044e+02 3.019290799999999990e+02
6.745172500000002174e+02 3.037954099999999471e+02
6.720965000000002192e+02 3.053296699999999646e+02
6.667244300000002113e+02 3.072693299999999681e+02
6.639068700000002536e+02 3.076064599999999700e+02
6.610941100000002280e+02 3.074783299999999144e+02
6.583500200000001996e+02 3.068472699999998667e+02
6.557444900000001553e+02 3.056828699999998662e+02
6.533414300000001731e+02 3.039489399999998795e+02
6.512106800000001385e+02 3.016132199999998420e+02
6.495326100000000906e+02 2.992434599999997999e+02
6.482883500000000367e+02 2.966230399999998326e+02
6.475044400000000451e+02 2.938296999999998889e+02
6.472134200000000419e+02 2.909411599999998543e+02
6.472134600000000546e+02 2.909413500000000568e+02
