7.661804399999999760e+02 4.164092499999999859e+02
7.662787399999999707e+02 4.130422199999999862e+02
7.670248199999999770e+02 4.100209800000000087e+02
7.683368100000000140e+02 4.073546400000000176e+02
7.701328800000000001e+02 4.050580800000000181e+02
7.723292300000000523e+02 4.031462500000000091e+02
7.748420900000000984e+02 4.016301300000000083e+02
7.775895800000000690e+02 4.005226499999999987e+02
7.804898400000000720e+02 3.998387399999999730e+02
7.834591100000001234e+02 3.995892999999999802e+02
7.864135700000001634e+02 3.997896099999999819e+02
7.892733900000001768e+02 4.004521599999999921e+02
7.919546600000002172e+02 4.015880999999999972e+02
7.943737100000001874e+02 4.032143500000000245e+02
7.964485900000001948e+02 4.053418900000000349e+02
7.980956000000002177e+02 4.079836300000000620e+02
7.992327800000001616e+02 4.111526100000000383e+02
8.000823400000001584e+02 4.142906700000000342e+02
8.002618700000001581e+02 4.173039400000000114e+02
7.998414000000001352e+02 4.201542699999999968e+02
7.988847600000001421e+02 4.228094699999999762e+02
7.974617700000001150e+02 4.252352399999999761e+02
7.956402600000001257e+02 4.273973999999999478e+02
7.934842300000001387e+02 4.292636899999999400e+02
7.910634800000001405e+02 4.307979899999999134e+02
7.856913800000000947e+02 4.327375999999999294e+02
7.828738500000000613e+02 4.330747399999999061e+02
7.800610900000000356e+02 4.329466099999999074e+02
7.773170000000000073e+02 4.323155399999998849e+02
7.747114699999999630e+02 4.311511099999999033e+02
7.723084099999999808e+02 4.294172099999998977e+02
7.701776599999999462e+02 4.270814999999998918e+02
7.684995899999998983e+02 4.247117399999999066e+02
7.672553299999998444e+02 4.220913199999998824e+02
7.664714199999998527e+02 4.192979799999998818e+02
7.661803999999998496e+02 4.164093999999998914e+02
7.661804399999999760e+02 4.164092499999999859e+02
