2.831066700000000083e+02 3.391520299999999679e+02
2.832128799999999842e+02 3.357851899999999432e+02
2.839660599999999704e+02 3.327657199999999875e+02
2.852843199999999797e+02 3.301024800000000141e+02
2.870857599999999934e+02 3.278101599999999962e+02
2.892866199999999708e+02 3.259034599999999955e+02
2.918029899999999657e+02 3.243932399999999916e+02
2.945530499999999847e+02 3.232922200000000430e+02
2.974549299999999903e+02 3.226151200000000472e+02
3.004248099999999795e+02 3.223728500000000849e+02
3.033788099999999872e+02 3.225799700000001167e+02
3.062370399999999790e+02 3.232492100000000619e+02
3.089156299999999646e+02 3.243914600000000519e+02
3.113308599999999728e+02 3.260233900000000631e+02
3.134007599999999911e+02 3.281557600000001003e+02
3.150415299999999661e+02 3.308013900000000831e+02
3.161712599999999611e+02 3.339730200000001332e+02
3.170134599999999523e+02 3.371130900000001702e+02
3.171861799999999789e+02 3.401267700000001923e+02
3.167590599999999768e+02 3.429761200000001509e+02
3.157961799999999926e+02 3.456290400000001455e+02
3.143674899999999752e+02 3.480514600000001337e+02
3.125409099999999967e+02 3.502093400000001111e+02
3.103804999999999836e+02 3.520706100000001015e+02
3.079561600000000112e+02 3.535992000000001099e+02
3.025795499999999834e+02 3.555261900000000992e+02
2.997611999999999739e+02 3.558565200000001028e+02
2.969487399999999866e+02 3.557219700000001126e+02
2.942061199999999985e+02 3.550844800000000987e+02
2.916033499999999776e+02 3.539139600000000883e+02
2.892043699999999831e+02 3.521743900000000735e+02
2.870791099999999574e+02 3.498336900000000469e+02
2.854066299999999501e+02 3.474599600000000237e+02
2.841684899999999629e+02 3.448366300000000138e+02
2.833911599999999567e+02 3.420414799999999786e+02
2.831069399999999519e+02 3.391522599999999557e+02
2.831066700000000083e+02 3.391520299999999679e+02
