4.137447999999999979e+02 4.243352300000000241e+02
4.138430999999999926e+02 4.209681600000000117e+02
4.145891799999999989e+02 4.179469200000000342e+02
4.159011699999999792e+02 4.152806200000000558e+02
4.176972399999999652e+02 4.129840600000000563e+02
4.198935999999999922e+02 4.110722300000000473e+02
4.224064500000000066e+02 4.095561100000000465e+02
4.251539000000000215e+02 4.084486300000000369e+02
4.280542000000000371e+02 4.077647200000000112e+02
4.310234700000000316e+02 4.075152699999999868e+02
4.339779700000000275e+02 4.077155899999999633e+02
4.368377500000000282e+02 4.083780999999999608e+02
4.395190200000000118e+02 4.095140799999999786e+02
4.419380700000000388e+02 4.111403300000000058e+02
4.440129500000000462e+02 4.132678300000000036e+02
4.456599600000000692e+02 4.159096099999999865e+02
4.467971400000000699e+02 4.190785500000000070e+02
4.476467100000000983e+02 4.222166500000000156e+02
4.478262300000001233e+02 4.252299199999999928e+02
4.474057600000001003e+02 4.280802499999999782e+02
4.464491200000001072e+02 4.307354100000000017e+02
4.450261300000000801e+02 4.331612200000000144e+02
4.432046300000000656e+02 4.353233400000000302e+02
4.410485900000000470e+02 4.371896700000000351e+02
4.386278500000000236e+02 4.387239300000000526e+02
4.332557800000000157e+02 4.406635800000000245e+02
4.304382100000000264e+02 4.410007200000000012e+02
4.276254500000000007e+02 4.408725900000000024e+02
4.248813599999999724e+02 4.402415199999999800e+02
4.222758299999999849e+02 4.390770899999999983e+02
4.198727700000000027e+02 4.373431600000000117e+02
4.177420200000000250e+02 4.350074799999999868e+02
4.160639500000000339e+02 4.326376799999999889e+02
4.148196900000000369e+02 4.300172599999999647e+02
4.140357800000000452e+02 4.272239199999999641e+02
4.137447600000000421e+02 4.243353799999999865e+02
4.137447999999999979e+02 4.243352300000000241e+02
