5.752824699999999893e+02 5.387670499999999265e+02
5.753807699999999841e+02 5.353999499999999898e+02
5.761268499999999904e+02 5.323787499999999682e+02
5.774388400000000274e+02 5.297123999999998887e+02
5.792349100000000135e+02 5.274158499999998639e+02
5.814312700000000405e+02 5.255040099999998802e+02
5.839441199999999981e+02 5.239878899999998794e+02
5.866916099999999687e+02 5.228804499999998825e+02
5.895918699999999717e+02 5.221965099999999893e+02
5.925611400000000231e+02 5.219470599999999649e+02
5.955156000000000631e+02 5.221473699999999099e+02
5.983754200000000765e+02 5.228099299999998948e+02
6.010566900000001169e+02 5.239458599999998114e+02
6.034757400000000871e+02 5.255721199999998134e+02
6.055506200000000945e+02 5.276996499999997923e+02
6.071976300000001174e+02 5.303414299999998320e+02
6.083348100000000613e+02 5.335103699999998526e+02
6.091843800000000329e+02 5.366484399999999368e+02
6.093639000000000578e+02 5.396617099999998572e+02
6.089434300000000349e+02 5.425120399999998426e+02
6.079868000000000166e+02 5.451672299999997904e+02
6.065638000000000147e+02 5.475930099999998220e+02
6.047423000000000002e+02 5.497551199999998062e+02
6.025862700000000132e+02 5.516214499999998679e+02
6.001655200000000150e+02 5.531557499999997844e+02
5.947934099999999944e+02 5.550954099999997879e+02
5.919758799999999610e+02 5.554321599999998398e+02
5.891631199999999353e+02 5.553040399999997589e+02
5.864190299999999070e+02 5.546729699999997365e+02
5.838134999999998627e+02 5.535085699999997360e+02
5.814104399999998805e+02 5.517746399999997493e+02
5.792796999999999343e+02 5.494389299999998002e+02
5.776016199999999117e+02 5.470691599999997834e+02
5.763573599999998578e+02 5.444487399999997024e+02
5.755734499999998661e+02 5.416554099999996197e+02
5.752824299999998630e+02 5.387668599999997241e+02
5.752824699999999893e+02 5.387670499999999265e+02
