2.941624600000000100e+02 2.985274100000000317e+02
2.942607600000000048e+02 2.951603400000000192e+02
2.950068400000000111e+02 2.921391399999999976e+02
2.963188299999999913e+02 2.894727900000000318e+02
2.981148999999999774e+02 2.871762400000000071e+02
3.003112600000000043e+02 2.852644000000000233e+02
3.028241100000000188e+02 2.837482800000000225e+02
3.055716000000000463e+02 2.826408099999999877e+02
3.084718600000000492e+02 2.819569000000000187e+02
3.114411400000000754e+02 2.817074499999999944e+02
3.143956300000000965e+02 2.819073899999999639e+02
3.172554100000000972e+02 2.825699399999999741e+02
3.199366800000000808e+02 2.837058799999999792e+02
3.223557300000001078e+02 2.853321300000000065e+02
3.244306500000001279e+02 2.874596699999999601e+02
3.260776200000001381e+02 2.901014000000000124e+02
3.272148000000001389e+02 2.932703900000000203e+02
3.280643700000001672e+02 2.964084500000000162e+02
3.282438900000001922e+02 2.994217200000000503e+02
3.278234200000001692e+02 3.022720500000000357e+02
3.268668200000001889e+02 3.049272399999999834e+02
3.254437900000002060e+02 3.073530200000000150e+02
3.236222900000001914e+02 3.095151399999999740e+02
3.214662900000001855e+02 3.113814699999999220e+02
3.190455100000002062e+02 3.129157699999999522e+02
3.136734400000001983e+02 3.148554199999999810e+02
3.108558800000001838e+02 3.151925499999999829e+02
3.080431100000001834e+02 3.150644300000000158e+02
3.052990200000001551e+02 3.144333599999999933e+02
3.026934900000001676e+02 3.132689299999999548e+02
3.002904300000001854e+02 3.115349899999999934e+02
2.981596900000001824e+02 3.091993199999999433e+02
2.964816100000001597e+02 3.068295199999998886e+02
2.952373600000001375e+02 3.042090999999999212e+02
2.944534400000001142e+02 3.014157999999998765e+02
2.941624200000001110e+02 2.985272199999998293e+02
2.941624600000000100e+02 2.985274100000000317e+02
