5.459834299999999985e+02 5.075534400000000232e+02
5.460817299999999932e+02 5.041863700000000108e+02
5.468278099999999995e+02 5.011651300000000333e+02
5.481397600000000239e+02 4.984988200000000234e+02
5.499358300000000099e+02 4.962022699999999986e+02
5.521321900000000369e+02 4.942904300000000148e+02
5.546450500000000829e+02 4.927742700000000013e+02
5.573925400000000536e+02 4.916668300000000045e+02
5.602928000000000566e+02 4.909828899999999976e+02
5.632621100000000069e+02 4.907334399999999732e+02
5.662165599999999586e+02 4.909337599999999497e+02
5.690763399999999592e+02 4.915963099999999599e+02
5.717576500000000124e+02 4.927322799999999461e+02
5.741766999999999825e+02 4.943584999999999354e+02
5.762515899999999647e+02 4.964860299999999143e+02
5.778985500000000002e+02 4.991278099999998972e+02
5.790357400000000325e+02 5.022967599999998924e+02
5.798853000000000293e+02 5.054348599999999010e+02
5.800648300000000290e+02 5.084481299999998782e+02
5.796443900000000440e+02 5.112984599999998636e+02
5.786877600000000257e+02 5.139536499999999251e+02
5.772647600000000239e+02 5.163793899999998303e+02
5.754432600000000093e+02 5.185415099999999029e+02
5.732872300000000223e+02 5.204078699999998889e+02
5.708664400000000114e+02 5.219421399999998812e+02
5.654943700000000035e+02 5.238817899999999099e+02
5.626768100000000459e+02 5.242185499999998228e+02
5.598640500000000202e+02 5.240904199999998809e+02
5.571199599999999919e+02 5.234593499999998585e+02
5.545144299999999475e+02 5.222949199999998200e+02
5.521114000000000033e+02 5.205610199999998713e+02
5.499806600000000572e+02 5.182253099999998085e+02
5.483025500000001102e+02 5.158555099999998674e+02
5.470582900000000564e+02 5.132350899999999001e+02
5.462744100000001026e+02 5.104417899999998554e+02
5.459833900000000995e+02 5.075532099999998650e+02
5.459834299999999985e+02 5.075534400000000232e+02
