4.843779999999999859e+02 4.439895200000000273e+02
4.844762999999999806e+02 4.406224500000000148e+02
4.852223799999999869e+02 4.376012100000000373e+02
4.865343699999999671e+02 4.349349100000000590e+02
4.883304399999999532e+02 4.326383500000000595e+02
4.905267999999999802e+02 4.307265200000000505e+02
4.930396499999999946e+02 4.292104000000000497e+02
4.957871099999999842e+02 4.281029200000000401e+02
4.986873999999999683e+02 4.274189800000000332e+02
5.016566699999999628e+02 4.271695300000000088e+02
5.046111699999999587e+02 4.273698400000000106e+02
5.074709499999999593e+02 4.280323900000000208e+02
5.101522199999999430e+02 4.291683700000000385e+02
5.125712699999999131e+02 4.307945900000000279e+02
5.146461599999998953e+02 4.329221200000000067e+02
5.162931199999999308e+02 4.355638999999999896e+02
5.174303099999999631e+02 4.387328400000000101e+02
5.182799099999999726e+02 4.418709100000000376e+02
5.184594299999999976e+02 4.448842100000000528e+02
5.180389599999999746e+02 4.477345400000000382e+02
5.170823299999999563e+02 4.503897000000000617e+02
5.156593299999999545e+02 4.528154800000000364e+02
5.138378299999999399e+02 4.549776300000000333e+02
5.116817999999999529e+02 4.568439600000000382e+02
5.092610499999999547e+02 4.583782200000000557e+02
5.038889799999999468e+02 4.603178800000000592e+02
5.010714099999999576e+02 4.606546300000000542e+02
4.982586499999999319e+02 4.605265100000000302e+02
4.955145599999999604e+02 4.598954800000000205e+02
4.929090299999999729e+02 4.587310400000000072e+02
4.905059699999999907e+02 4.569971100000000206e+02
4.883752299999999877e+02 4.546614299999999957e+02
4.866971499999999651e+02 4.522916299999999978e+02
4.854528999999999428e+02 4.496712099999999737e+02
4.846689799999999195e+02 4.468778799999999478e+02
4.843779599999999164e+02 4.439893299999999385e+02
4.843779999999999859e+02 4.439895200000000273e+02
