4.904757700000000114e+02 5.617353699999999890e+02
4.905819799999999873e+02 5.583685199999999895e+02
4.913351599999999735e+02 5.553490600000000086e+02
4.926533799999999701e+02 5.526858200000000352e+02
4.944548199999999838e+02 5.503934900000000425e+02
4.966556799999999612e+02 5.484868000000000166e+02
4.991720899999999688e+02 5.469765800000000127e+02
5.019221499999999878e+02 5.458756000000000768e+02
5.048240299999999934e+02 5.451984600000000682e+02
5.077938699999999699e+02 5.449561899999999923e+02
5.107478699999999776e+02 5.451633099999999104e+02
5.136060999999999694e+02 5.458325499999999693e+02
5.162847299999999677e+02 5.469747999999999593e+02
5.186999200000000201e+02 5.486067199999999957e+02
5.207698199999999815e+02 5.507391299999999319e+02
5.224105899999999565e+02 5.533847299999999905e+02
5.235403299999999263e+02 5.565563499999999522e+02
5.243825599999998985e+02 5.596964199999999892e+02
5.245552799999999252e+02 5.627101099999999860e+02
5.241281199999999671e+02 5.655594499999999698e+02
5.231652500000000146e+02 5.682123799999999392e+02
5.217365800000000036e+02 5.706348299999999654e+02
5.199100100000000566e+02 5.727926800000000185e+02
5.177496000000001004e+02 5.746539000000000215e+02
5.153252200000000585e+02 5.761824999999998909e+02
5.099486200000000622e+02 5.781095299999999497e+02
5.071303000000000338e+02 5.784398599999999533e+02
5.043178400000000465e+02 5.783053099999999631e+02
5.015752200000000585e+02 5.776678099999999176e+02
4.989724100000000817e+02 5.764972900000000209e+02
4.965734300000000871e+02 5.747577300000000378e+02
4.944482100000000742e+02 5.724170299999999543e+02
4.927756900000000542e+02 5.700432999999999311e+02
4.915375900000000797e+02 5.674199599999999464e+02
4.907602600000000734e+02 5.646248100000000250e+02
4.904760400000000686e+02 5.617355900000000020e+02
4.904757700000000114e+02 5.617353699999999890e+02
