6.165574500000000171e+02 5.289346499999999196e+02
6.166557500000000118e+02 5.255675799999999072e+02
6.174018300000000181e+02 5.225463399999999865e+02
6.187137700000000677e+02 5.198800300000000334e+02
6.205098400000000538e+02 5.175834700000000339e+02
6.227062000000000808e+02 5.156716400000000249e+02
6.252190600000001268e+02 5.141555200000000241e+02
6.279665500000000975e+02 5.130480399999999008e+02
6.308668100000001004e+02 5.123641000000000076e+02
6.338361200000000508e+02 5.121146499999999833e+02
6.367905700000000024e+02 5.123149599999999282e+02
6.396503500000000031e+02 5.129775199999999131e+02
6.423316600000000562e+02 5.141134899999999561e+02
6.447506800000001022e+02 5.157397099999998318e+02
6.468256000000001222e+02 5.178672399999998106e+02
6.484725700000001325e+02 5.205090199999998504e+02
6.496097500000000764e+02 5.236779699999998456e+02
6.504593500000000859e+02 5.268160699999998542e+02
6.506388800000000856e+02 5.298293399999997746e+02
6.502184000000000879e+02 5.326796699999997600e+02
6.492617700000000696e+02 5.353348599999998214e+02
6.478387800000000425e+02 5.377605999999998403e+02
6.460172700000000532e+02 5.399227499999998372e+02
6.438612400000000662e+02 5.417890799999997853e+02
6.414404500000000553e+02 5.433233499999998912e+02
6.360683800000000474e+02 5.452629999999998063e+02
6.332508600000001024e+02 5.455997599999998329e+02
6.304380600000000641e+02 5.454716299999997773e+02
6.276939700000000357e+02 5.448405599999998685e+02
6.250884399999999914e+02 5.436761299999998300e+02
6.226854200000000219e+02 5.419421899999997549e+02
6.205546299999999746e+02 5.396065199999998185e+02
6.188765599999999267e+02 5.372367199999998775e+02
6.176322999999998729e+02 5.346162999999997965e+02
6.168484299999998939e+02 5.318229599999997390e+02
6.165573999999999160e+02 5.289344199999998182e+02
6.165574500000000171e+02 5.289346499999999196e+02
