6.771172400000000380e+02 5.915439799999999195e+02
6.772155400000000327e+02 5.881769099999999071e+02
6.779616600000000517e+02 5.851556699999999864e+02
6.792736100000000761e+02 5.824893600000000333e+02
6.810696800000000621e+02 5.801928100000000086e+02
6.832660400000000891e+02 5.782809700000000248e+02
6.857788900000000467e+02 5.767648199999999861e+02
6.885263800000000174e+02 5.756573799999999892e+02
6.914266400000000203e+02 5.749734300000000076e+02
6.943959100000000717e+02 5.747239899999999579e+02
6.973504100000001245e+02 5.749243000000000166e+02
7.002101900000001251e+02 5.755868500000000267e+02
7.028915000000001783e+02 5.767227900000000318e+02
7.053105100000001357e+02 5.783490400000000591e+02
7.073854300000001558e+02 5.804765800000000127e+02
7.090324000000001661e+02 5.831183500000000777e+02
7.101695800000001100e+02 5.862873000000000729e+02
7.110191500000000815e+02 5.894253700000001572e+02
7.111986700000001065e+02 5.924386700000001156e+02
7.107782000000000835e+02 5.952890000000001010e+02
7.098216000000001031e+02 5.979441500000000360e+02
7.083986100000000761e+02 6.003699300000000676e+02
7.065770700000000488e+02 6.025320800000000645e+02
7.044210400000000618e+02 6.043984100000000126e+02
7.020002900000000636e+02 6.059326800000001185e+02
6.966282200000000557e+02 6.078723300000000336e+02
6.938106500000000096e+02 6.082090900000000602e+02
6.909978899999999840e+02 6.080809600000000046e+02
6.882537999999999556e+02 6.074499299999999948e+02
6.856482699999999113e+02 6.062855000000000700e+02
6.832452099999999291e+02 6.045515600000001086e+02
6.811144699999999830e+02 6.022158900000000585e+02
6.794363899999999603e+02 5.998460900000000038e+02
6.781921299999999064e+02 5.972256700000000365e+02
6.774082199999999148e+02 5.944323300000000927e+02
6.771171999999999116e+02 5.915437900000000582e+02
6.771172400000000380e+02 5.915439799999999195e+02
