5.690516999999999825e+02 4.243319999999999936e+02
5.691499999999999773e+02 4.209649299999999812e+02
5.698960799999999836e+02 4.179436900000000037e+02
5.712080300000000079e+02 4.152773500000000126e+02
5.730040999999999940e+02 4.129808300000000258e+02
5.752005000000000337e+02 4.110689600000000041e+02
5.777133200000000670e+02 4.095528400000000033e+02
5.804608100000000377e+02 4.084453599999999938e+02
5.833610700000000406e+02 4.077614499999999680e+02
5.863303400000000920e+02 4.075120099999999752e+02
5.892848300000000563e+02 4.077119399999999700e+02
5.921446100000000570e+02 4.083744899999999802e+02
5.948259200000001101e+02 4.095104299999999853e+02
5.972449700000000803e+02 4.111366899999999873e+02
5.993198600000000624e+02 4.132642199999999661e+02
6.009668200000000979e+02 4.159059599999999932e+02
6.021040100000001303e+02 4.190749399999999696e+02
6.029536100000001397e+02 4.222130099999999970e+02
6.031331400000001395e+02 4.252263100000000122e+02
6.027126600000001417e+02 4.280765999999999849e+02
6.017560300000001234e+02 4.307317999999999643e+02
6.003330300000001216e+02 4.331575699999999642e+02
5.985115300000001071e+02 4.353197299999999359e+02
5.963555000000001201e+02 4.371860599999999408e+02
5.939347100000001092e+02 4.387203199999999583e+02
5.885626400000001013e+02 4.406599699999999302e+02
5.857450800000001436e+02 4.409967299999999568e+02
5.829323200000001179e+02 4.408685999999999581e+02
5.801882300000000896e+02 4.402375399999999672e+02
5.775827000000000453e+02 4.390731399999999667e+02
5.751796400000000631e+02 4.373392099999999800e+02
5.730489300000000412e+02 4.350034999999999741e+02
5.713708200000000943e+02 4.326337299999999573e+02
5.701265600000000404e+02 4.300133099999999331e+02
5.693426800000000867e+02 4.272199699999999325e+02
5.690516600000000835e+02 4.243314299999999548e+02
5.690516999999999825e+02 4.243319999999999936e+02
