3.183059499999999957e+02 2.189725499999999556e+02
3.184042499999999905e+02 2.156054799999999432e+02
3.191503299999999967e+02 2.125842799999999215e+02
3.204623100000000022e+02 2.099179399999999305e+02
3.222583799999999883e+02 2.076213799999999310e+02
3.244547400000000152e+02 2.057095499999999220e+02
3.269676000000000045e+02 2.041934299999999212e+02
3.297150500000000193e+02 2.030859499999999116e+02
3.326153500000000349e+02 2.024020399999999427e+02
3.355846200000000294e+02 2.021525899999999183e+02
3.385391100000000506e+02 2.023525299999998879e+02
3.413988900000000513e+02 2.030150399999998854e+02
3.440801700000000665e+02 2.041510199999999031e+02
3.464992100000000619e+02 2.057772699999999304e+02
3.485741000000000440e+02 2.079047699999999850e+02
3.502211000000000354e+02 2.105465500000000247e+02
3.513582900000000109e+02 2.137154900000000453e+02
3.522078500000000076e+02 2.168536000000000286e+02
3.523873800000000074e+02 2.198668599999999742e+02
3.519669099999999844e+02 2.227171899999999596e+02
3.510102699999999913e+02 2.253723899999999958e+02
3.495872799999999643e+02 2.277981600000000526e+02
3.477657699999999750e+02 2.299602800000000116e+02
3.456097399999999880e+02 2.318266099999999597e+02
3.431889899999999898e+02 2.333608699999999772e+02
3.378168799999999692e+02 2.353005200000000059e+02
3.349993599999999674e+02 2.356376599999999826e+02
3.321865999999999417e+02 2.355095299999999270e+02
3.294424699999999575e+02 2.348784699999998793e+02
3.268369399999999700e+02 2.337140299999998660e+02
3.244339199999999437e+02 2.319801299999999173e+02
3.223031699999999660e+02 2.296444199999999682e+02
3.206250999999999749e+02 2.272746599999999262e+02
3.193808399999999779e+02 2.246541999999999462e+02
3.185969299999999862e+02 2.218608999999999014e+02
3.183059000000000083e+02 2.189723199999998542e+02
3.183059499999999957e+02 2.189725499999999556e+02
