3.307420399999999745e+02 1.768024900000000343e+02
3.308403399999999692e+02 1.734354200000000219e+02
3.315864499999999566e+02 1.704141799999999876e+02
3.328983999999999810e+02 1.677478800000000092e+02
3.346944699999999671e+02 1.654513200000000097e+02
3.368908299999999940e+02 1.635394800000000259e+02
3.394036899999999832e+02 1.620233299999999872e+02
3.421511399999999981e+02 1.609158899999999903e+02
3.450514400000000137e+02 1.602319800000000214e+02
3.480207100000000082e+02 1.599825299999999970e+02
3.509752000000000294e+02 1.601828500000000304e+02
3.538349800000000300e+02 1.608453600000000279e+02
3.565162900000000263e+02 1.619813400000000456e+02
3.589353000000000407e+02 1.636075500000000602e+02
3.610101900000000228e+02 1.657350900000000138e+02
3.626571900000000142e+02 1.683768599999999651e+02
3.637943799999999896e+02 1.715458099999999604e+02
3.646439399999999864e+02 1.746839099999999689e+02
3.648234699999999862e+02 1.776971800000000030e+02
3.644029999999999632e+02 1.805475000000000136e+02
3.634463599999999701e+02 1.832026700000000119e+02
3.620233699999999430e+02 1.856284500000000435e+02
3.602018999999999664e+02 1.877906000000000404e+02
3.580458699999999794e+02 1.896569400000000769e+02
3.556250799999999685e+02 1.911912000000000944e+02
3.502530099999999607e+02 1.931308500000001231e+02
3.474354499999999462e+02 1.934676100000001497e+02
3.446226899999999205e+02 1.933394800000000942e+02
3.418785999999998921e+02 1.927084100000000717e+02
3.392730699999999047e+02 1.915439800000000332e+02
3.368700099999999225e+02 1.898100800000000845e+02
3.347392599999999447e+02 1.874743700000001354e+02
3.330611899999999537e+02 1.851045700000000807e+02
3.318169299999999566e+02 1.824841500000001133e+02
3.310330199999999650e+02 1.796908400000000938e+02
3.307419899999999870e+02 1.768022600000000466e+02
3.307420399999999745e+02 1.768024900000000343e+02
