6.390732299999999668e+02 4.475724299999999971e+02
6.391715299999999615e+02 4.442053599999999847e+02
6.399176400000000058e+02 4.411841599999999630e+02
6.412295900000000302e+02 4.385178099999999404e+02
6.430256600000000162e+02 4.362212599999999156e+02
6.452220200000000432e+02 4.343094199999999319e+02
6.477348800000000892e+02 4.327932999999999311e+02
6.504823700000000599e+02 4.316858299999999531e+02
6.533826300000000629e+02 4.310019199999999273e+02
6.563519000000001142e+02 4.307524699999999029e+02
6.593063900000000785e+02 4.309527899999998795e+02
6.621661700000000792e+02 4.316153399999998896e+02
6.648474800000001323e+02 4.327512699999998631e+02
6.672665300000001025e+02 4.343775299999998651e+02
6.693414200000000847e+02 4.365050599999998440e+02
6.709883800000001202e+02 4.391467999999998710e+02
6.721255700000001525e+02 4.423157899999998790e+02
6.729751300000001493e+02 4.454538499999998749e+02
6.731546600000001490e+02 4.484671199999998521e+02
6.727342200000001640e+02 4.513174499999998375e+02
6.717775900000001457e+02 4.539726399999998421e+02
6.703545900000001438e+02 4.563984199999998168e+02
6.685330900000001293e+02 4.585605299999998010e+02
6.663770600000001423e+02 4.604268699999997807e+02
6.639562700000001314e+02 4.619611599999997793e+02
6.585842000000001235e+02 4.639007799999997701e+02
6.557666400000001659e+02 4.642379099999997720e+02
6.529538800000001402e+02 4.641097899999997480e+02
6.502097900000001118e+02 4.634787199999997256e+02
6.476042600000000675e+02 4.623142899999997439e+02
6.452012000000000853e+02 4.605803899999997384e+02
6.430704900000000634e+02 4.582446799999997324e+02
6.413923800000001165e+02 4.558748799999997345e+02
6.401481200000000626e+02 4.532544599999997104e+02
6.393642400000001089e+02 4.504611599999997225e+02
6.390732200000001058e+02 4.475725799999997321e+02
6.390732299999999668e+02 4.475724299999999971e+02
