3.726587799999999788e+02 1.644625999999999522e+02
3.727570799999999736e+02 1.610955299999999397e+02
3.735031999999999925e+02 1.580742899999999054e+02
3.748151500000000169e+02 1.554079799999999523e+02
3.766112200000000030e+02 1.531114299999999275e+02
3.788075800000000299e+02 1.511995899999999438e+02
3.813204400000000192e+02 1.496834299999999303e+02
3.840678900000000340e+02 1.485759899999999334e+02
3.869681800000000180e+02 1.478920899999999392e+02
3.899374600000000441e+02 1.476426399999999148e+02
3.928919500000000653e+02 1.478429599999999482e+02
3.957517300000000660e+02 1.485054699999999457e+02
3.984330500000000939e+02 1.496414399999999887e+02
4.008520600000001082e+02 1.512676599999999780e+02
4.029269300000000840e+02 1.533951899999999569e+02
4.045739300000000753e+02 1.560369699999999966e+02
4.057111200000000508e+02 1.592059199999999919e+02
4.065606800000000476e+02 1.623440200000000004e+02
4.067402100000000473e+02 1.653572900000000345e+02
4.063197400000000243e+02 1.682076200000000199e+02
4.053631000000000313e+02 1.708627700000000686e+02
4.039401100000000042e+02 1.732885900000001129e+02
4.021186400000000276e+02 1.754507000000000971e+02
3.999626200000000154e+02 1.773170300000000452e+02
3.975418300000000045e+02 1.788513000000000375e+02
3.921697599999999966e+02 1.807909400000000915e+02
3.893521999999999821e+02 1.811277000000001181e+02
3.865394299999999816e+02 1.809995700000000625e+02
3.837953499999999849e+02 1.803685000000000400e+02
3.811898099999999658e+02 1.792040800000000900e+02
3.787867499999999836e+02 1.774701800000001413e+02
3.766560099999999807e+02 1.751344700000001922e+02
3.749779299999999580e+02 1.727646700000001374e+02
3.737336799999999357e+02 1.701442500000001701e+02
3.729497599999999125e+02 1.673509500000001253e+02
3.726587399999999093e+02 1.644623700000000781e+02
3.726587799999999788e+02 1.644625999999999522e+02
