4.726010299999999802e+02 2.174216199999999617e+02
4.726993299999999749e+02 2.140545499999999493e+02
4.734454099999999812e+02 2.110333099999999149e+02
4.747573999999999614e+02 2.083669999999999618e+02
4.765534699999999475e+02 2.060704499999999371e+02
4.787498299999999745e+02 2.041586099999999533e+02
4.812626799999999889e+02 2.026424499999999398e+02
4.840101399999999785e+02 2.015350199999999177e+02
4.869104299999999625e+02 2.008510699999999360e+02
4.898796999999999571e+02 2.006016199999999117e+02
4.928341999999999530e+02 2.008019399999999450e+02
4.956939799999999536e+02 2.014644899999999552e+02
4.983752499999999372e+02 2.026004599999999982e+02
5.007942999999999643e+02 2.042266799999999876e+02
5.028691899999999464e+02 2.063542199999999411e+02
5.045161899999999378e+02 2.089959899999998925e+02
5.056533699999999385e+02 2.121649399999998877e+02
5.065029399999999669e+02 2.153029999999998836e+02
5.066824599999999919e+02 2.183163099999999304e+02
5.062619899999999689e+02 2.211666399999999157e+02
5.053053599999999506e+02 2.238217899999999645e+02
5.038823599999999487e+02 2.262475699999999961e+02
5.020608599999999342e+02 2.284097199999999930e+02
4.999048299999999472e+02 2.302760499999999411e+02
4.974840799999999490e+02 2.318103199999999333e+02
4.921119699999999284e+02 2.337499699999999621e+02
4.892944399999999519e+02 2.340870999999999640e+02
4.864816399999999703e+02 2.339589799999999968e+02
4.837375599999999736e+02 2.333279099999999744e+02
4.811320299999999861e+02 2.321634799999999359e+02
4.787289999999999850e+02 2.304295799999999872e+02
4.765982599999999820e+02 2.280938700000000381e+02
4.749201799999999594e+02 2.257240699999999833e+02
4.736759199999999623e+02 2.231036500000000160e+02
4.728920099999999707e+02 2.203103499999999713e+02
4.726009899999999675e+02 2.174217699999999240e+02
4.726010299999999802e+02 2.174216199999999617e+02
