3.720518999999999892e+02 4.332835600000000227e+02
3.721581099999999651e+02 4.299167199999999980e+02
3.729112899999999513e+02 4.268972899999999981e+02
3.742295099999999479e+02 4.242340500000000247e+02
3.760309499999999616e+02 4.219416900000000510e+02
3.782318099999999390e+02 4.200350300000000630e+02
3.807482199999999466e+02 4.185248000000000843e+02
3.834982799999999656e+02 4.174237900000001105e+02
3.864001599999999712e+02 4.167466500000001020e+02
3.893699999999999477e+02 4.165043800000000829e+02
3.923239999999999554e+02 4.167115000000000578e+02
3.951822299999999473e+02 4.173807800000000725e+02
3.978608599999999456e+02 4.185230300000000625e+02
4.002760499999999411e+02 4.201549100000000863e+02
4.023459499999999593e+02 4.222873200000000793e+02
4.039867199999999343e+02 4.249329600000000937e+02
4.051164599999999609e+02 4.281045500000000743e+02
4.059586899999999332e+02 4.312446200000000545e+02
4.061314099999999598e+02 4.342583300000000577e+02
4.057042499999999450e+02 4.371076500000000351e+02
4.047413799999999355e+02 4.397605700000000297e+02
4.033127199999999561e+02 4.421830200000000559e+02
4.014861199999999712e+02 4.443408700000000522e+02
3.993257299999999645e+02 4.462021300000000679e+02
3.969013499999999794e+02 4.477307300000000509e+02
3.915247499999999832e+02 4.496577600000000530e+02
3.887063899999999990e+02 4.499880900000000565e+02
3.858939300000000117e+02 4.498535400000000664e+02
3.831513500000000363e+02 4.492160000000000650e+02
3.805485400000000595e+02 4.480454800000000546e+02
3.781495600000000650e+02 4.463059200000000715e+02
3.760243400000000520e+02 4.439652200000000448e+02
3.743518200000000320e+02 4.415915300000000343e+02
3.731136800000000449e+02 4.389681600000000117e+02
3.723363500000000386e+02 4.361730100000000334e+02
3.720521300000000338e+02 4.332837800000000357e+02
3.720518999999999892e+02 4.332835600000000227e+02
