3.876544299999999907e+02 1.247987200000000030e+02
3.877527299999999855e+02 1.214316499999999905e+02
3.884988099999999918e+02 1.184104499999999689e+02
3.898107999999999720e+02 1.157441099999999778e+02
3.916068299999999454e+02 1.134475499999999784e+02
3.938032299999999282e+02 1.115357199999999693e+02
3.963160499999999047e+02 1.100195999999999685e+02
3.990635299999999006e+02 1.089121199999999590e+02
4.019638199999998847e+02 1.082282099999999900e+02
4.049330899999998792e+02 1.079787699999999404e+02
4.078875499999998624e+02 1.081786999999999352e+02
4.107473699999998757e+02 1.088412199999999075e+02
4.134286399999998594e+02 1.099771899999999505e+02
4.158476899999998864e+02 1.116034499999999525e+02
4.179225699999998938e+02 1.137309799999999314e+02
4.195695399999999040e+02 1.163727199999999584e+02
4.207067199999999048e+02 1.195416999999999916e+02
4.215563199999999142e+02 1.226797699999999622e+02
4.217358499999999140e+02 1.256930299999999079e+02
4.213153799999998910e+02 1.285433599999998933e+02
4.203587399999998979e+02 1.311985599999999295e+02
4.189357499999998709e+02 1.336243299999998726e+02
4.171142399999998815e+02 1.357864499999998316e+02
4.149582099999998945e+02 1.376527799999997796e+02
4.125374599999998964e+02 1.391870799999998098e+02
4.071653599999999074e+02 1.411266999999998006e+02
4.043477899999999181e+02 1.414638299999998026e+02
4.015350299999998924e+02 1.413357099999998354e+02
3.987909599999998704e+02 1.407046399999998130e+02
3.961854199999998514e+02 1.395401999999997997e+02
3.937823599999998692e+02 1.378063099999998258e+02
3.916516499999998473e+02 1.354705999999998767e+02
3.899735399999998435e+02 1.331008299999998599e+02
3.887292899999998212e+02 1.304803699999998798e+02
3.879454099999998107e+02 1.276870699999998351e+02
3.876543899999998075e+02 1.247984999999998763e+02
3.876544299999999907e+02 1.247987200000000030e+02
