5.760747000000000071e+02 2.691460700000000088e+02
5.761730000000000018e+02 2.657790099999999711e+02
5.769190800000000081e+02 2.627577999999999747e+02
5.782310700000000452e+02 2.600914999999999964e+02
5.800271300000000565e+02 2.577949099999999589e+02
5.822234900000000835e+02 2.558830699999999752e+02
5.847363100000001168e+02 2.543669499999999744e+02
5.874838000000000875e+02 2.532595099999999775e+02
5.903841000000001031e+02 2.525755699999999706e+02
5.933533700000001545e+02 2.523261199999999462e+02
5.963078300000001946e+02 2.525264299999998912e+02
5.991676500000002079e+02 2.531889799999999013e+02
6.018489200000002484e+02 2.543249199999999064e+02
6.042679700000002185e+02 2.559511799999999084e+02
6.063428500000002259e+02 2.580787099999998873e+02
6.079898200000002362e+02 2.607204499999999143e+02
6.091270000000001801e+02 2.638894299999999475e+02
6.099766000000001895e+02 2.670274999999999181e+02
6.101561300000001893e+02 2.700407599999998638e+02
6.097356600000001663e+02 2.728910899999998492e+02
6.087790200000001732e+02 2.755462899999998854e+02
6.073560300000001462e+02 2.779720599999998285e+02
6.055345200000001569e+02 2.801342199999998002e+02
6.033784900000001699e+02 2.820005099999998492e+02
6.009577400000001717e+02 2.835348099999998794e+02
5.955856400000001258e+02 2.854744599999999082e+02
5.927681100000000924e+02 2.858112199999999348e+02
5.899553100000000541e+02 2.856830899999998792e+02
5.872112200000000257e+02 2.850520299999998315e+02
5.846056899999999814e+02 2.838875899999998182e+02
5.822026700000000119e+02 2.821536599999998316e+02
5.800719199999999773e+02 2.798179499999998825e+02
5.783938499999999294e+02 2.774481799999998657e+02
5.771495899999998755e+02 2.748277599999998984e+02
5.763656799999998839e+02 2.720344299999999294e+02
5.760746599999998807e+02 2.691458799999999201e+02
5.760747000000000071e+02 2.691460700000000088e+02
