6.649057699999999613e+02 3.626675700000000120e+02
6.650040699999999561e+02 3.593004999999999995e+02
6.657501499999999623e+02 3.562792999999999779e+02
6.670621299999999110e+02 3.536129599999999868e+02
6.688581999999998970e+02 3.513163999999999305e+02
6.710545599999999240e+02 3.494045699999999215e+02
6.735674199999999701e+02 3.478884499999999207e+02
6.763148699999999280e+02 3.467809699999999111e+02
6.792151699999999437e+02 3.460970599999999422e+02
6.821844399999999951e+02 3.458476099999999178e+02
6.851389000000000351e+02 3.460479299999999512e+02
6.879987100000000737e+02 3.467104399999999487e+02
6.906799900000000889e+02 3.478464199999999664e+02
6.930990400000000591e+02 3.494726699999999937e+02
6.951739200000000665e+02 3.516002099999999473e+02
6.968208900000000767e+02 3.542419399999999428e+02
6.979581100000000333e+02 3.574109299999999507e+02
6.988076700000000301e+02 3.605489899999999466e+02
6.989872000000000298e+02 3.635622599999999238e+02
6.985667300000000068e+02 3.664125899999999092e+02
6.976100900000000138e+02 3.690677799999999138e+02
6.961870999999999867e+02 3.714935599999998885e+02
6.943655899999999974e+02 3.736556799999999043e+02
6.922095600000000104e+02 3.755220099999999093e+02
6.897888100000000122e+02 3.770563099999998826e+02
6.844166999999999916e+02 3.789959199999998987e+02
6.815991800000000467e+02 3.793330599999998753e+02
6.787864200000000210e+02 3.792049299999998766e+02
6.760423299999999927e+02 3.785738599999998542e+02
6.734367999999999483e+02 3.774094299999998725e+02
6.710337399999999661e+02 3.756755299999998670e+02
6.689029899999999316e+02 3.733398199999998610e+02
6.672249199999998837e+02 3.709700199999998631e+02
6.659806599999998298e+02 3.683495999999998389e+02
6.651967499999998381e+02 3.655562999999998510e+02
6.649057199999998602e+02 3.626677199999998606e+02
6.649057699999999613e+02 3.626675700000000120e+02
