7.298842899999999645e+02 6.485705399999999372e+02
7.265195800000000190e+02 6.484090800000000172e+02
7.235128799999999956e+02 6.476064999999999827e+02
7.208716200000000072e+02 6.462446800000000167e+02
7.186091300000000501e+02 6.444058800000000247e+02
7.167387899999999945e+02 6.421740899999999783e+02
7.152700700000000325e+02 6.396333200000000261e+02
7.142143200000000434e+02 6.368654900000000225e+02
7.135848600000000488e+02 6.339528999999999996e+02
7.133913600000000770e+02 6.309794500000000426e+02
7.136469000000000733e+02 6.280293199999999842e+02
7.143628700000000435e+02 6.251824299999999539e+02
7.155489300000000412e+02 6.225229299999999739e+02
7.172203000000000657e+02 6.201348000000000411e+02
7.193862700000000814e+02 6.181001400000000103e+02
7.220585400000001073e+02 6.165029200000000174e+02
7.252482100000000855e+02 6.154253699999999299e+02
7.284016300000000683e+02 6.146348000000000411e+02
7.314178000000000566e+02 6.145115399999999681e+02
7.342597500000000537e+02 6.149854100000000017e+02
7.368965400000000727e+02 6.159916499999999360e+02
7.392951800000000731e+02 6.174598599999999351e+02
7.414228100000000268e+02 6.193215299999999388e+02
7.432483700000000226e+02 6.215121799999999439e+02
7.447370600000000422e+02 6.239612999999999374e+02
7.465755800000000590e+02 6.293688300000000027e+02
7.468596600000000763e+02 6.321921600000000581e+02
7.466789900000001126e+02 6.350021000000000413e+02
7.459966200000001209e+02 6.377338700000000244e+02
7.447835600000000795e+02 6.403170499999999947e+02
7.430048200000001088e+02 6.426871800000000121e+02
7.406296100000000706e+02 6.447738100000000259e+02
7.382287600000000793e+02 6.464071099999999888e+02
7.355855200000000877e+02 6.476020600000000513e+02
7.327779900000000453e+02 6.483334899999999834e+02
7.298844300000000658e+02 6.485702300000000378e+02
7.298842899999999645e+02 6.485705399999999372e+02
