4.865828999999999951e+02 4.131945600000000240e+02
4.832179699999999798e+02 4.130410100000000284e+02
4.802093499999999722e+02 4.122455000000000496e+02
4.775649599999999850e+02 4.108899600000000305e+02
4.752981299999999578e+02 4.090565100000000029e+02
4.734225999999999317e+02 4.068290499999999952e+02
4.719478899999999157e+02 4.042916999999999916e+02
4.708855599999999413e+02 4.015263899999999921e+02
4.702493499999999358e+02 3.986153199999999970e+02
4.700486199999999144e+02 3.956423899999999776e+02
4.702972999999998933e+02 3.926914599999999496e+02
4.710067199999999161e+02 3.898430099999999356e+02
4.721864999999999100e+02 3.871806299999999510e+02
4.738522199999999316e+02 3.847886299999999551e+02
4.760134999999999081e+02 3.827489199999999414e+02
4.786819399999998836e+02 3.811454599999999573e+02
4.818690499999999020e+02 3.800604599999999778e+02
4.850206099999999196e+02 3.792624699999999507e+02
4.880365099999999074e+02 3.791319999999999482e+02
4.908795299999999315e+02 3.795991099999999392e+02
4.935186399999999480e+02 3.805991799999999330e+02
4.959207399999999666e+02 3.820617199999999229e+02
4.980527299999999400e+02 3.839185399999999504e+02
4.998834899999999379e+02 3.861048699999999485e+02
5.013777799999999161e+02 3.885504399999999237e+02
5.032291599999999221e+02 3.939536399999999503e+02
5.035195799999999053e+02 3.967763399999999478e+02
5.033453199999999015e+02 3.995866499999999633e+02
5.026693899999999076e+02 4.023199999999999363e+02
5.014624099999999203e+02 4.049060499999999365e+02
4.996892799999999397e+02 4.072803599999999165e+02
4.973189199999999346e+02 4.093724499999999011e+02
4.949219499999999243e+02 4.110114999999998986e+02
4.922815399999999499e+02 4.122126799999999207e+02
4.894756999999999607e+02 4.129505199999999263e+02
4.865827499999999759e+02 4.131941799999999034e+02
4.865828999999999951e+02 4.131945600000000240e+02
