8.084392500000000155e+02 1.253674999999999500e+02
8.050741699999999810e+02 1.252142299999999295e+02
8.020656699999999546e+02 1.244186399999999821e+02
7.994211799999999357e+02 1.230630800000000136e+02
7.971543599999998833e+02 1.212296200000000681e+02
7.952787999999999329e+02 1.190022700000000668e+02
7.938040999999999485e+02 1.164649200000001201e+02
7.927418699999999490e+02 1.136996200000000954e+02
7.921055699999999433e+02 1.107884400000001506e+02
7.919048399999999219e+02 1.078155000000001564e+02
7.921535999999998694e+02 1.048647800000001098e+02
7.928630399999998417e+02 1.020161300000000892e+02
7.940427999999998292e+02 9.935395000000005439e+01
7.957085099999998192e+02 9.696195000000000164e+01
7.978697099999998272e+02 9.492213000000003831e+01
8.005381399999997711e+02 9.331877000000008593e+01
8.037253599999997959e+02 9.223369000000013784e+01
8.068769199999998136e+02 9.143570000000011078e+01
8.098926799999998138e+02 9.130552000000011503e+01
8.127357899999998381e+02 9.177274000000011256e+01
8.153748999999997977e+02 9.277281000000016320e+01
8.177769999999998163e+02 9.423535000000015316e+01
8.199089799999998149e+02 9.609218000000009852e+01
8.217397499999998445e+02 9.827850000000012187e+01
8.232341299999998228e+02 1.007240800000000718e+02
8.250853299999997716e+02 1.061271700000000919e+02
8.253758299999997234e+02 1.089499700000001212e+02
8.252015699999997196e+02 1.117602800000000798e+02
8.245256499999997004e+02 1.144936400000000276e+02
8.233185699999996814e+02 1.170796800000000530e+02
8.215455399999997326e+02 1.194539900000000898e+02
8.191751599999997779e+02 1.215461900000001378e+02
8.167782099999998309e+02 1.231851300000001856e+02
8.141377099999998563e+02 1.243862000000001444e+02
8.113319499999998925e+02 1.251241600000001881e+02
8.084389999999998508e+02 1.253678200000001652e+02
8.084392500000000155e+02 1.253674999999999500e+02
