8.173848000000000411e+02 1.673014100000000326e+02
8.140198700000000827e+02 1.671478600000000370e+02
8.110112500000001319e+02 1.663523500000000013e+02
8.083668600000000879e+02 1.649967900000000327e+02
8.061000400000000354e+02 1.631633500000000367e+02
8.042245000000000346e+02 1.609358900000000858e+02
8.027497900000000755e+02 1.583985400000001391e+02
8.016874600000001010e+02 1.556332300000001396e+02
8.010512500000000955e+02 1.527221600000001445e+02
8.008505200000000741e+02 1.497492300000001251e+02
8.010992900000001100e+02 1.467984200000000783e+02
8.018086200000001327e+02 1.439498400000001084e+02
8.029883900000000949e+02 1.412875600000000986e+02
8.046541200000001481e+02 1.388954700000000457e+02
8.068154000000001815e+02 1.368557500000000573e+02
8.094837400000001253e+02 1.352522800000000416e+02
8.126709500000001754e+02 1.341673000000000684e+02
8.158225100000001930e+02 1.333693100000000413e+02
8.188383600000001934e+02 1.332392500000000837e+02
8.216813700000002427e+02 1.337064500000001317e+02
8.243205800000002910e+02 1.347065200000001823e+02
8.267226800000003095e+02 1.361690700000001470e+02
8.288546800000002577e+02 1.380257900000001428e+02
8.306853300000002491e+02 1.402122000000001663e+02
8.321797200000002022e+02 1.426577800000001162e+02
8.340310000000001764e+02 1.480609800000000860e+02
8.343218300000002046e+02 1.508835900000001402e+02
8.341475700000002007e+02 1.536938900000001240e+02
8.334716500000001815e+02 1.564272600000001603e+02
8.322646500000001879e+02 1.590134000000001606e+02
8.304915200000001505e+02 1.613877000000001090e+02
8.281211600000001454e+02 1.634797900000000936e+02
8.257241900000001351e+02 1.651188400000000911e+02
8.230837900000001355e+02 1.663199200000001383e+02
8.202779300000000831e+02 1.670578700000000936e+02
8.173849900000001298e+02 1.673015300000000707e+02
8.173848000000000411e+02 1.673014100000000326e+02
