5.715891299999999546e+02 4.418990000000000009e+02
5.682240999999999076e+02 4.417454500000000053e+02
5.652155899999999065e+02 4.409498399999999947e+02
5.625710899999999128e+02 4.395943800000000010e+02
5.603043699999999490e+02 4.377609499999999798e+02
5.584287299999999732e+02 4.355334799999999973e+02
5.569540200000000141e+02 4.329961200000000190e+02
5.558917900000000145e+02 4.302308300000000258e+02
5.552555800000000090e+02 4.273197600000000307e+02
5.550548599999999624e+02 4.243467300000000364e+02
5.553032299999999850e+02 4.213959000000000401e+02
5.560125500000000329e+02 4.185474300000000198e+02
5.571923300000000836e+02 4.158850600000000099e+02
5.588580500000000484e+02 4.134930600000000140e+02
5.610193300000000818e+02 4.114533400000000256e+02
5.636876700000000255e+02 4.098498700000000099e+02
5.668748800000000756e+02 4.087648900000000367e+02
5.700265400000000682e+02 4.079669100000000412e+02
5.730422800000001189e+02 4.078368400000000520e+02
5.758854100000000926e+02 4.083039600000000746e+02
5.785245200000000523e+02 4.093040200000000937e+02
5.809266200000000708e+02 4.107665700000001152e+02
5.830586200000000190e+02 4.126232900000001109e+02
5.848892799999999852e+02 4.148096000000001027e+02
5.863836499999999887e+02 4.172552800000000843e+02
5.882349500000000262e+02 4.226583800000000792e+02
5.885258700000000545e+02 4.254810900000000515e+02
5.883516100000000506e+02 4.282914000000000669e+02
5.876756800000000567e+02 4.310247600000000716e+02
5.864685900000000629e+02 4.336108900000000972e+02
5.846954600000000255e+02 4.359852000000000771e+02
5.823251999999999953e+02 4.380773000000000934e+02
5.799282299999999850e+02 4.397163400000001161e+02
5.772877300000000105e+02 4.409174100000001317e+02
5.744818699999999581e+02 4.416553600000001438e+02
5.715889300000000048e+02 4.418990200000001209e+02
5.715891299999999546e+02 4.418990000000000009e+02
