7.133955300000000079e+02 2.099078500000000531e+02
7.100304999999999609e+02 2.097542800000001080e+02
7.070218899999999849e+02 2.089586800000000721e+02
7.043774899999999661e+02 2.076032200000000785e+02
7.021106800000000021e+02 2.057696700000001329e+02
7.002351400000000012e+02 2.035422300000001314e+02
6.987604300000000421e+02 2.010048700000000963e+02
6.976981900000000678e+02 1.982396700000000465e+02
6.970618900000000622e+02 1.953285000000000764e+02
6.968611700000000155e+02 1.923555500000001075e+02
6.971095300000000634e+02 1.894047300000000860e+02
6.978189500000000862e+02 1.865562800000001289e+02
6.989986300000000483e+02 1.838938900000001695e+02
7.006643500000000131e+02 1.815018900000001167e+02
7.028256300000000465e+02 1.794621800000001031e+02
7.054940700000000788e+02 1.778587200000000621e+02
7.086812900000001036e+02 1.767736400000001140e+02
7.118328600000000961e+02 1.759756500000000869e+02
7.148487000000001217e+02 1.758455700000000661e+02
7.176917200000001458e+02 1.763126800000001140e+02
7.203308300000001054e+02 1.773127500000001646e+02
7.227329200000001492e+02 1.787753900000001295e+02
7.248649200000000974e+02 1.806321100000001252e+02
7.266956800000001522e+02 1.828184400000001233e+02
7.281899600000001556e+02 1.852641100000000733e+02
7.300412500000001046e+02 1.906672000000000935e+02
7.303321700000001329e+02 1.934899200000000974e+02
7.301579100000001290e+02 1.963002200000000812e+02
7.294819900000001098e+02 1.990335900000001175e+02
7.282749900000001162e+02 2.016197400000000926e+02
7.265018800000001420e+02 2.039939400000000660e+02
7.241315000000001874e+02 2.060861300000000256e+02
7.217345300000001771e+02 2.077251700000000483e+02
7.190940300000002026e+02 2.089262400000000071e+02
7.162882800000002135e+02 2.096642000000000507e+02
7.133953300000001718e+02 2.099078600000000279e+02
7.133955300000000079e+02 2.099078500000000531e+02
