6.156906900000000178e+02 2.954678999999999860e+02
6.123257600000000593e+02 2.953143599999999651e+02
6.093171400000001086e+02 2.945188399999999547e+02
6.066726500000000897e+02 2.931632799999999861e+02
6.044059400000001006e+02 2.913297499999999900e+02
6.025303900000001249e+02 2.891023900000000140e+02
6.010556800000001658e+02 2.865650400000000673e+02
5.999933500000001914e+02 2.837997400000000425e+02
5.993571400000001859e+02 2.808886600000000726e+02
5.991564300000002277e+02 2.779156300000000783e+02
5.994051900000001751e+02 2.749648100000000568e+02
6.001145100000002230e+02 2.721163500000000113e+02
6.012942800000001853e+02 2.694540700000000015e+02
6.029600100000002385e+02 2.670619599999999991e+02
6.051212900000002719e+02 2.650222599999999602e+02
6.077896400000003041e+02 2.634187799999999697e+02
6.109768400000002657e+02 2.623337999999999965e+02
6.141284200000002329e+02 2.615357199999999693e+02
6.171442500000002838e+02 2.614057500000000118e+02
6.199872700000003078e+02 2.618728600000000597e+02
6.226264800000003561e+02 2.628729400000000851e+02
6.250285800000003746e+02 2.643354800000000751e+02
6.271605800000003228e+02 2.661922000000000708e+02
6.289912500000003774e+02 2.683785100000001194e+02
6.304856300000003557e+02 2.708241000000001577e+02
6.323369100000003300e+02 2.762272900000001528e+02
6.326277300000003834e+02 2.790500000000001819e+02
6.324534700000003795e+02 2.818603100000001405e+02
6.317775500000003603e+02 2.845936600000001135e+02
6.305705600000003415e+02 2.871798000000001139e+02
6.287974400000003925e+02 2.895540100000000621e+02
6.264271600000004128e+02 2.916462200000000848e+02
6.240301100000003771e+02 2.932851400000000694e+02
6.213896900000004280e+02 2.944863300000000663e+02
6.185838400000004640e+02 2.952242700000000468e+02
6.156908900000004223e+02 2.954679399999999987e+02
6.156906900000000178e+02 2.954678999999999860e+02
