6.494363299999999981e+02 2.665714699999999766e+02
6.460714000000000397e+02 2.664179199999999810e+02
6.430627900000000636e+02 2.656223199999999451e+02
6.404182900000000700e+02 2.642668599999999515e+02
6.381515800000000809e+02 2.624333199999999806e+02
6.362760300000001052e+02 2.602059600000000046e+02
6.348012200000000576e+02 2.576685999999999694e+02
6.337389900000000580e+02 2.549032999999999447e+02
6.331027800000000525e+02 2.519922399999999243e+02
6.329020600000000059e+02 2.490191899999999805e+02
6.331508300000000418e+02 2.460683799999999337e+02
6.338601500000000897e+02 2.432199199999998882e+02
6.350399300000001404e+02 2.405575399999999036e+02
6.367056500000001051e+02 2.381655299999998761e+02
6.388668300000000499e+02 2.361258199999998624e+02
6.415352700000000823e+02 2.345223599999998214e+02
6.447224900000001071e+02 2.334372799999998733e+02
6.478740400000001500e+02 2.326393899999998212e+02
6.508898900000001504e+02 2.325093099999998003e+02
6.537329100000001745e+02 2.329764199999998482e+02
6.563721200000002227e+02 2.339764999999998736e+02
6.587742100000002665e+02 2.354391299999998637e+02
6.609061200000002145e+02 2.372957499999998845e+02
6.627368800000002693e+02 2.394820799999998826e+02
6.642312600000002476e+02 2.419277599999999211e+02
6.660825400000002219e+02 2.473309499999999161e+02
6.663729600000002620e+02 2.501536499999999705e+02
6.661987100000002329e+02 2.529638599999999542e+02
6.655227700000002642e+02 2.556973099999999022e+02
6.643157900000002201e+02 2.582833599999999024e+02
6.625426600000001827e+02 2.606576599999998507e+02
6.601723000000001775e+02 2.627497599999998101e+02
6.577753300000001673e+02 2.643887899999998581e+02
6.551349300000001676e+02 2.655898799999998801e+02
6.523290600000001405e+02 2.663279199999998355e+02
6.494361300000001620e+02 2.665714999999997872e+02
6.494363299999999981e+02 2.665714699999999766e+02
