5.533342199999999593e+02 3.543181099999999901e+02
5.499691899999999123e+02 3.541645499999999629e+02
5.469606799999999112e+02 3.533689599999999587e+02
5.443161799999999175e+02 3.520134999999999650e+02
5.420493699999999535e+02 3.501799399999999878e+02
5.401738199999999779e+02 3.479525899999999865e+02
5.386991100000000188e+02 3.454152400000000398e+02
5.376368800000000192e+02 3.426499400000000151e+02
5.370005700000000388e+02 3.397388700000000199e+02
5.367998600000000806e+02 3.367658300000000509e+02
5.370486200000000281e+02 3.338150100000000293e+02
5.377579400000000760e+02 3.309665499999999838e+02
5.389377200000001267e+02 3.283041699999999992e+02
5.406034400000000915e+02 3.259121699999999464e+02
5.427647200000001249e+02 3.238724599999999327e+02
5.454331600000001572e+02 3.222689999999998918e+02
5.486202700000001187e+02 3.211840099999999438e+02
5.517719300000001112e+02 3.203860299999998915e+02
5.547877800000001116e+02 3.202559499999998707e+02
5.576308000000001357e+02 3.207230599999999185e+02
5.602699100000000954e+02 3.217231199999998807e+02
5.626720000000001392e+02 3.231857699999999340e+02
5.648040100000001758e+02 3.250423899999999549e+02
5.666347600000001421e+02 3.272288199999999279e+02
5.681290500000001202e+02 3.296743899999999030e+02
5.699803300000000945e+02 3.350775799999998981e+02
5.702708500000001095e+02 3.379002799999999525e+02
5.700966000000000804e+02 3.407104999999999109e+02
5.694206800000000612e+02 3.434438499999998839e+02
5.682136900000000423e+02 3.460299899999998843e+02
5.664405600000000049e+02 3.484043099999998958e+02
5.640701900000000251e+02 3.504963999999998805e+02
5.616732299999999896e+02 3.521354399999999032e+02
5.590327200000000403e+02 3.533365099999999188e+02
5.562269499999999880e+02 3.540745699999999374e+02
5.533340200000000095e+02 3.543181299999999396e+02
5.533342199999999593e+02 3.543181099999999901e+02
