6.969792899999999918e+02 6.752055199999999786e+02
6.936146800000000212e+02 6.750440800000000081e+02
6.906079799999999977e+02 6.742414999999999736e+02
6.879667100000000346e+02 6.728797700000000077e+02
6.857042200000000776e+02 6.710409899999999652e+02
6.838338900000001104e+02 6.688090799999999945e+02
6.823651800000001231e+02 6.662682999999999538e+02
6.813094100000000708e+02 6.635005899999999883e+02
6.806799500000000762e+02 6.605879899999999907e+02
6.804864500000001044e+02 6.576145500000000084e+02
6.807420000000000755e+02 6.546643100000000004e+02
6.814580700000000206e+02 6.518174400000000333e+02
6.826440400000000182e+02 6.491579199999999901e+02
6.843154000000000678e+02 6.467697900000000573e+02
6.864814700000000585e+02 6.447351499999999760e+02
6.891536300000000210e+02 6.431380199999999832e+02
6.923432999999999993e+02 6.420604700000000093e+02
6.954968300000000454e+02 6.412698100000000068e+02
6.985129000000000588e+02 6.411465299999999843e+02
7.013548500000000558e+02 6.416204099999999926e+02
7.039916400000000749e+02 6.426266500000000406e+02
7.063902800000000752e+02 6.440948600000000397e+02
7.085179000000000542e+02 6.459566300000000183e+02
7.103434799999999996e+02 6.481471699999999601e+02
7.118320599999999558e+02 6.505962799999999788e+02
7.136706799999999475e+02 6.560038299999999936e+02
7.139547499999999900e+02 6.588272600000000239e+02
7.137740999999999758e+02 6.616370899999999438e+02
7.130917200000000093e+02 6.643688700000000154e+02
7.118786499999999933e+02 6.669521399999999858e+02
7.100999100000000226e+02 6.693222799999999779e+02
7.077247100000000728e+02 6.714088100000000168e+02
7.053238600000000815e+02 6.730421000000000049e+02
7.026806100000001152e+02 6.742371499999999287e+02
6.998730900000001611e+02 6.749684700000000248e+02
6.969795300000001816e+02 6.752052300000000287e+02
6.969792899999999918e+02 6.752055199999999786e+02
