1.051663299999999936e+03 3.595923300000000040e+02
1.048298599999999851e+03 3.594308899999999767e+02
1.045291899999999941e+03 3.586282999999999674e+02
1.042650699999999915e+03 3.572665799999999763e+02
1.040388199999999870e+03 3.554277899999999590e+02
1.038517899999999827e+03 3.531958899999999630e+02
1.037049099999999726e+03 3.506551099999999224e+02
1.035993399999999838e+03 3.478872999999998683e+02
1.035363999999999805e+03 3.449747999999998456e+02
1.035170499999999720e+03 3.420013599999998632e+02
1.035425999999999704e+03 3.390511199999998553e+02
1.036142099999999800e+03 3.362042399999997997e+02
1.037327999999999747e+03 3.335447299999998449e+02
1.038999399999999696e+03 3.311565899999998237e+02
1.041165299999999661e+03 3.291219299999997929e+02
1.043837599999999611e+03 3.275248299999998380e+02
1.047027299999999514e+03 3.264472699999998895e+02
1.050180699999999433e+03 3.256566099999998869e+02
1.053196899999999459e+03 3.255333399999998392e+02
1.056038699999999380e+03 3.260071999999997843e+02
1.058675499999999374e+03 3.270134499999998070e+02
1.061074199999999337e+03 3.284816599999998061e+02
1.063201899999999341e+03 3.303434299999997847e+02
1.065027399999999261e+03 3.325339799999998149e+02
1.066515999999999167e+03 3.349830899999998337e+02
1.068354599999999209e+03 3.403906399999998484e+02
1.068638599999999315e+03 3.432139599999998154e+02
1.068458099999999376e+03 3.460238899999998239e+02
1.067775699999999460e+03 3.487556799999998702e+02
1.066562499999999545e+03 3.513388399999998910e+02
1.064783899999999448e+03 3.537089799999998831e+02
1.062408699999999499e+03 3.557956199999998717e+02
1.060007799999999406e+03 3.574289099999998598e+02
1.057364599999999427e+03 3.586238499999998339e+02
1.054557099999999537e+03 3.593552799999998228e+02
1.051663499999999431e+03 3.595920399999998267e+02
1.051663299999999936e+03 3.595923300000000040e+02
