1.008542900000000031e+03 3.473184300000000349e+02
1.005177900000000022e+03 3.471648800000000392e+02
1.002169300000000021e+03 3.463693700000000035e+02
9.995248800000000529e+02 3.450138200000000097e+02
9.972580500000000256e+02 3.431803700000000390e+02
9.953825199999999995e+02 3.409529100000000881e+02
9.939078100000000404e+02 3.384155700000001161e+02
9.928455800000000409e+02 3.356502700000000914e+02
9.922092700000000605e+02 3.327391900000001215e+02
9.920085500000000138e+02 3.297661500000001524e+02
9.922572999999999865e+02 3.268154400000001942e+02
9.929666399999999840e+02 3.239668800000001738e+02
9.941464099999999462e+02 3.213046000000001641e+02
9.958121199999999362e+02 3.189125900000001366e+02
9.979734199999999191e+02 3.168727900000001227e+02
1.000641799999999876e+03 3.152694200000000819e+02
1.003828999999999837e+03 3.141843400000001338e+02
1.006980599999999868e+03 3.133863600000000815e+02
1.009996499999999855e+03 3.132562700000000859e+02
1.012839499999999816e+03 3.137234800000001087e+02
1.015478599999999801e+03 3.147235500000001593e+02
1.017880699999999820e+03 3.161860900000001493e+02
1.020012699999999768e+03 3.180428100000001450e+02
1.021843299999999772e+03 3.202292200000001685e+02
1.023337699999999813e+03 3.226748100000002069e+02
1.025188999999999851e+03 3.280780000000002019e+02
1.025479499999999916e+03 3.309007100000002310e+02
1.025305299999999988e+03 3.337109200000002147e+02
1.024629300000000057e+03 3.364443700000001627e+02
1.023422400000000039e+03 3.390304200000001629e+02
1.021649200000000064e+03 3.414046400000001995e+02
1.019278900000000021e+03 3.434968200000001843e+02
1.016881899999999973e+03 3.451358700000001818e+02
1.014241399999999999e+03 3.463369400000001406e+02
1.011435600000000022e+03 3.470749000000001843e+02
1.008542699999999968e+03 3.473185500000001866e+02
1.008542900000000031e+03 3.473184300000000349e+02
