6.030586299999999937e+02 4.119469700000000216e+02
5.996936799999999721e+02 4.117935200000000009e+02
5.966850699999999961e+02 4.109979099999999903e+02
5.940405700000000024e+02 4.096424499999999966e+02
5.917738600000000133e+02 4.078089200000000005e+02
5.898982200000000375e+02 4.055814500000000180e+02
5.884235200000000532e+02 4.030440900000000397e+02
5.873612800000000789e+02 4.002789000000000215e+02
5.867250700000000734e+02 3.973677299999999946e+02
5.865243500000000267e+02 3.943947900000000004e+02
5.867731099999999742e+02 3.914439800000000105e+02
5.874823499999999967e+02 3.885953999999999837e+02
5.886622200000000475e+02 3.859331399999999803e+02
5.903279300000000376e+02 3.835411299999999528e+02
5.924892200000000457e+02 3.815014299999999707e+02
5.951575599999999895e+02 3.798979499999999803e+02
5.983447599999999511e+02 3.788129700000000071e+02
6.014963399999999183e+02 3.780148800000000051e+02
6.045121799999999439e+02 3.778848100000000159e+02
6.073552099999999427e+02 3.783519200000000069e+02
6.099943199999999024e+02 3.793519699999999943e+02
6.123964999999999463e+02 3.808146300000000224e+02
6.145284199999999828e+02 3.826712500000000432e+02
6.163591699999999491e+02 3.848576700000000415e+02
6.178535499999999274e+02 3.873032500000000482e+02
6.197047399999999016e+02 3.927064400000000433e+02
6.199952499999999418e+02 3.955291500000000156e+02
6.198210899999999128e+02 3.983394600000000310e+02
6.191450699999999188e+02 4.010728100000000040e+02
6.179380899999998746e+02 4.036588600000000042e+02
6.161649599999998372e+02 4.060331600000000094e+02
6.137946799999998575e+02 4.081253600000000006e+02
6.113976299999998218e+02 4.097642900000000168e+02
6.087572299999998222e+02 4.109653800000000388e+02
6.059513599999997950e+02 4.117034200000000510e+02
6.030584299999998166e+02 4.119469800000000532e+02
6.030586299999999937e+02 4.119469700000000216e+02
