9.461265899999999647e+02 4.052114500000000135e+02
9.427615499999999429e+02 4.050578899999999862e+02
9.397530299999999670e+02 4.042624000000000137e+02
9.371085399999999481e+02 4.029068300000000136e+02
9.348417299999999841e+02 4.010732800000000111e+02
9.329661800000000085e+02 3.988459200000000351e+02
9.314914800000000241e+02 3.963084800000000314e+02
9.304292400000000498e+02 3.935432800000000384e+02
9.297929400000000442e+02 3.906321000000000367e+02
9.295922199999999975e+02 3.876591700000000174e+02
9.298409799999999450e+02 3.847083499999999958e+02
9.305503199999999424e+02 3.818597899999999754e+02
9.317300899999999046e+02 3.791974999999999909e+02
9.333957999999998947e+02 3.768055099999999698e+02
9.355570799999999281e+02 3.747657899999999813e+02
9.382255299999999352e+02 3.731623299999999972e+02
9.414127499999999600e+02 3.720772499999999923e+02
9.445643099999999777e+02 3.712792599999999652e+02
9.475801500000000033e+02 3.711491999999999507e+02
9.504231600000000526e+02 3.716163999999999419e+02
9.530622700000000123e+02 3.726164699999999357e+02
9.554643700000000308e+02 3.740790099999999256e+02
9.575963699999999790e+02 3.759357399999999529e+02
9.594270400000000336e+02 3.781220499999999447e+02
9.609215100000000120e+02 3.805677399999999579e+02
9.627726900000000114e+02 3.859709299999999530e+02
9.630632200000000012e+02 3.887935399999999504e+02
9.628889599999999973e+02 3.916038399999999342e+02
9.622130399999999781e+02 3.943372099999999136e+02
9.610059400000000096e+02 3.969233399999999392e+02
9.592329100000000608e+02 3.992976599999999507e+02
9.568625500000000557e+02 4.013897499999999354e+02
9.544655800000000454e+02 4.030287899999999581e+02
9.518250800000000709e+02 4.042298599999999738e+02
9.490193200000001070e+02 4.049678199999999606e+02
9.461262800000000652e+02 4.052114699999999630e+02
9.461265899999999647e+02 4.052114500000000135e+02
