9.145025600000000168e+02 4.334005900000000224e+02
9.111375299999999697e+02 4.332470400000000268e+02
9.081288999999999305e+02 4.324515300000000479e+02
9.054844199999998864e+02 4.310959700000000225e+02
9.032177099999998973e+02 4.292624299999999948e+02
9.013421499999999469e+02 4.270350799999999936e+02
8.998674599999999373e+02 4.244976300000000151e+02
8.988051299999999628e+02 4.217323200000000156e+02
8.981689199999999573e+02 4.188212500000000205e+02
8.979681899999999359e+02 4.158483100000000263e+02
8.982165599999999586e+02 4.128974900000000048e+02
8.989258800000000065e+02 4.100490199999999845e+02
9.001056600000000572e+02 4.073866399999999999e+02
9.017713700000000472e+02 4.049946499999999787e+02
9.039326600000000553e+02 4.029549299999999903e+02
9.066011000000000877e+02 4.013514700000000062e+02
9.097882200000001376e+02 4.002663800000000265e+02
9.129398700000001554e+02 3.994685000000000059e+02
9.159556100000002061e+02 3.993384199999999851e+02
9.187986400000002050e+02 3.998055200000000013e+02
9.214378500000002532e+02 4.008056000000000267e+02
9.238399400000002970e+02 4.022681500000000483e+02
9.259719500000003336e+02 4.041248700000000440e+02
9.278026000000003251e+02 4.063112800000000675e+02
9.292969800000003033e+02 4.087568600000000743e+02
9.311482800000003408e+02 4.141599600000000692e+02
9.314391000000003942e+02 4.169826700000000415e+02
9.312649400000003652e+02 4.197929700000000253e+02
9.305889100000003964e+02 4.225263300000000299e+02
9.293819200000003775e+02 4.251124700000000303e+02
9.276088000000004286e+02 4.274866800000000353e+02
9.252385200000004488e+02 4.295788800000000265e+02
9.228414700000004132e+02 4.312178100000000427e+02
9.202010600000004388e+02 4.324189900000000648e+02
9.173953000000004749e+02 4.331569400000000769e+02
9.145023600000005217e+02 4.334006000000000540e+02
9.145025600000000168e+02 4.334005900000000224e+02
