7.431741299999999910e+02 1.807304900000000316e+02
7.398090899999999692e+02 1.805769400000000360e+02
7.368005699999999933e+02 1.797814300000000003e+02
7.341560799999999745e+02 1.784258700000000317e+02
7.318892700000000104e+02 1.765923300000000609e+02
7.300137200000000348e+02 1.743649700000000848e+02
7.285390200000000505e+02 1.718275300000001380e+02
7.274767800000000761e+02 1.690623300000000881e+02
7.268404700000000958e+02 1.661512400000001435e+02
7.266397600000001376e+02 1.631782100000001492e+02
7.268881200000001854e+02 1.602273900000001277e+02
7.275975400000002082e+02 1.573789400000001706e+02
7.287773100000001705e+02 1.547166600000001608e+02
7.304430400000002237e+02 1.523245500000001584e+02
7.326042200000001685e+02 1.502848300000001700e+02
7.352726600000002009e+02 1.486813700000001290e+02
7.384598700000002509e+02 1.475963900000001559e+02
7.416114300000002686e+02 1.467984000000001288e+02
7.446272800000002690e+02 1.466683300000000827e+02
7.474703000000002930e+02 1.471354400000001306e+02
7.501094100000002527e+02 1.481355000000000928e+02
7.525116100000002461e+02 1.495980600000001459e+02
7.546435100000002194e+02 1.514547800000001416e+02
7.564742700000002742e+02 1.536410900000001902e+02
7.579686400000002777e+02 1.560867800000002035e+02
7.598199400000003152e+02 1.614898800000001984e+02
7.601104600000003302e+02 1.643125800000002528e+02
7.599362000000003263e+02 1.671228900000002113e+02
7.592601800000003323e+02 1.698562300000002097e+02
7.580532000000002881e+02 1.724422800000002098e+02
7.562800600000002760e+02 1.748165900000002466e+02
7.539097800000002962e+02 1.769087900000002946e+02
7.515127300000002606e+02 1.785477200000002540e+02
7.488723200000002862e+02 1.797489000000002761e+02
7.460664600000002338e+02 1.804868500000002314e+02
7.431736200000002555e+02 1.807305300000002717e+02
7.431741299999999910e+02 1.807304900000000316e+02
