7.866919799999999441e+02 1.946738100000000031e+02
7.833269399999999223e+02 1.945202600000000075e+02
7.803184199999999464e+02 1.937247499999999718e+02
7.776739299999999275e+02 1.923691900000000032e+02
7.754071099999998751e+02 1.905357500000000073e+02
7.735315699999998742e+02 1.883082900000000564e+02
7.720568799999998646e+02 1.857708400000000211e+02
7.709946399999998903e+02 1.830056399999999712e+02
7.703583199999999351e+02 1.800945600000000013e+02
7.701576099999999769e+02 1.771215300000000070e+02
7.704063800000000128e+02 1.741707099999999855e+02
7.711157100000000355e+02 1.713221399999999903e+02
7.722954799999999977e+02 1.686598599999999806e+02
7.739611899999999878e+02 1.662678700000000163e+02
7.761224799999999959e+02 1.642281500000000278e+02
7.787909200000000283e+02 1.626246899999999869e+02
7.819781400000000531e+02 1.615396100000000388e+02
7.851297000000000708e+02 1.607416200000000117e+02
7.881454500000000962e+02 1.606115499999999656e+02
7.909885500000001457e+02 1.610787599999999884e+02
7.936276700000001938e+02 1.620788300000000390e+02
7.960297500000001492e+02 1.635414800000000923e+02
7.981616700000001856e+02 1.653981000000001131e+02
7.999924200000001520e+02 1.675845100000001366e+02
8.014868000000001302e+02 1.700300900000000865e+02
8.033380900000000793e+02 1.754332800000000816e+02
8.036286000000001195e+02 1.782560000000000855e+02
8.034543400000001157e+02 1.810663000000000693e+02
8.027784200000000965e+02 1.837996600000000171e+02
8.015714400000000524e+02 1.863857100000000173e+02
7.997983100000000150e+02 1.887600099999999657e+02
7.974279300000000603e+02 1.908521999999999252e+02
7.950309800000001133e+02 1.924911499999999478e+02
7.923904700000001640e+02 1.936922199999999066e+02
7.895847100000002001e+02 1.944302699999999504e+02
7.866917700000002469e+02 1.946738399999999274e+02
7.866919799999999441e+02 1.946738100000000031e+02
