5.382155999999999949e+02 4.693374099999999771e+02
5.348506499999999733e+02 4.691839599999999564e+02
5.318420399999999972e+02 4.683883499999999458e+02
5.291975599999999531e+02 4.670327899999999204e+02
5.269308299999999008e+02 4.651993599999998992e+02
5.250551999999998998e+02 4.629718899999999167e+02
5.235805899999999156e+02 4.604345499999999447e+02
5.225182499999999663e+02 4.576693399999999201e+02
5.218820499999999356e+02 4.547581699999998932e+02
5.216813199999999142e+02 4.517852299999998991e+02
5.219300899999999501e+02 4.488344199999999091e+02
5.226394199999999728e+02 4.459858599999998887e+02
5.238191899999999350e+02 4.433235799999998790e+02
5.254848999999999251e+02 4.409315699999998515e+02
5.276460899999999583e+02 4.388918499999998630e+02
5.303145299999999907e+02 4.372883899999998789e+02
5.335017500000000155e+02 4.362033099999998740e+02
5.366533100000000331e+02 4.354053199999998469e+02
5.396691600000000335e+02 4.352752499999998577e+02
5.425121700000000828e+02 4.357424499999998488e+02
5.451513800000001311e+02 4.367425299999998742e+02
5.475534800000001496e+02 4.382050699999998642e+02
5.496853800000001229e+02 4.400617899999998599e+02
5.515161400000001777e+02 4.422481099999998833e+02
5.530105300000001307e+02 4.446936899999998900e+02
5.548618100000001050e+02 4.500968899999999167e+02
5.551522200000000566e+02 4.529195899999999142e+02
5.549780700000000024e+02 4.557298899999998980e+02
5.543020400000000336e+02 4.584632499999999027e+02
5.530950599999999895e+02 4.610492999999999029e+02
5.513219299999999521e+02 4.634235999999999081e+02
5.489516599999999471e+02 4.655157099999998991e+02
5.465545999999999367e+02 4.671547299999999154e+02
5.439141999999999371e+02 4.683558099999999058e+02
5.411083299999999099e+02 4.690938599999998928e+02
5.382153999999999314e+02 4.693374199999998950e+02
5.382155999999999949e+02 4.693374099999999771e+02
