4.985739100000000121e+02 4.547858499999999822e+02
4.952089799999999968e+02 4.546323099999999613e+02
4.922003599999999892e+02 4.538367899999999509e+02
4.895558699999999703e+02 4.524812299999999254e+02
4.872891399999999749e+02 4.506477999999999042e+02
4.854136099999999487e+02 4.484203399999998965e+02
4.839387999999999579e+02 4.458829699999998866e+02
4.828765699999999583e+02 4.431176799999998934e+02
4.822403599999999528e+02 4.402066099999998983e+02
4.820396299999999314e+02 4.372336799999998789e+02
4.822879899999999225e+02 4.342828499999998826e+02
4.829973299999999199e+02 4.314342899999998622e+02
4.841770999999999390e+02 4.287720199999998840e+02
4.858428199999999606e+02 4.263799099999998816e+02
4.880040099999999370e+02 4.243401899999998932e+02
4.906725399999999127e+02 4.227368299999998840e+02
4.938596599999999057e+02 4.216517499999998790e+02
4.970113199999998983e+02 4.208537599999998520e+02
5.000270599999998922e+02 4.207236899999998627e+02
5.028701899999998659e+02 4.211908099999998853e+02
5.055092999999998824e+02 4.221908699999999044e+02
5.079113899999998694e+02 4.236534199999999259e+02
5.100432999999998742e+02 4.255101399999999217e+02
5.118740499999998974e+02 4.276965499999999452e+02
5.133684299999998757e+02 4.301421299999999519e+02
5.152197199999998247e+02 4.355453399999999533e+02
5.155105499999998528e+02 4.383679399999999760e+02
5.153363799999998491e+02 4.411783499999999663e+02
5.146603499999998803e+02 4.439116999999999393e+02
5.134533699999998362e+02 4.464977499999999395e+02
5.116802399999998556e+02 4.488720499999999447e+02
5.093098699999998757e+02 4.509641399999999294e+02
5.069129099999998971e+02 4.526031899999999268e+02
5.042725099999998974e+02 4.538042699999999172e+02
5.014666499999999019e+02 4.545422099999998977e+02
4.985737099999998918e+02 4.547858699999998748e+02
4.985739100000000121e+02 4.547858499999999822e+02
