8.821135500000000320e+02 4.619720500000000243e+02
8.787485000000000355e+02 4.618185900000000288e+02
8.757399000000000342e+02 4.610229800000000182e+02
8.730954900000000407e+02 4.596675299999999993e+02
8.708286900000000514e+02 4.578339799999999968e+02
8.689531300000001011e+02 4.556066299999999956e+02
8.674784400000000915e+02 4.530691699999999855e+02
8.664161100000001170e+02 4.503038599999999860e+02
8.657799000000001115e+02 4.473927999999999656e+02
8.655791700000000901e+02 4.444198599999999715e+02
8.658275300000001380e+02 4.414690399999999499e+02
8.665368700000001354e+02 4.386204699999999548e+02
8.677166200000001481e+02 4.359582899999999768e+02
8.693823500000002014e+02 4.335661999999999807e+02
8.715436400000002095e+02 4.315264799999999923e+02
8.742120800000002419e+02 4.299230200000000082e+02
8.773993000000002667e+02 4.288379400000000032e+02
8.805508600000002843e+02 4.280399499999999762e+02
8.835666000000003351e+02 4.279098699999999553e+02
8.864097100000003593e+02 4.283770899999999529e+02
8.890488200000003189e+02 4.293771599999999466e+02
8.914509100000003627e+02 4.308397999999999683e+02
8.935829100000003109e+02 4.326965299999999957e+02
8.954136700000003657e+02 4.348828500000000190e+02
8.969079600000003438e+02 4.373284199999999942e+02
8.987592400000003181e+02 4.427316099999999892e+02
8.990501600000003464e+02 4.455543299999999931e+02
8.988759200000002920e+02 4.483645300000000020e+02
8.981998800000003484e+02 4.510979800000000068e+02
8.969929000000003043e+02 4.536840300000000070e+02
8.952198700000003555e+02 4.560583500000000186e+02
8.928494900000004009e+02 4.581505400000000350e+02
8.904525400000004538e+02 4.597894800000000259e+02
8.878120300000005045e+02 4.609905500000000416e+02
8.850062800000005154e+02 4.617285100000000284e+02
8.821133300000004738e+02 4.619721700000000055e+02
8.821135500000000320e+02 4.619720500000000243e+02
