4.657617000000000189e+02 4.853176500000000146e+02
4.623966700000000287e+02 4.851641000000000190e+02
4.593881600000000276e+02 4.843685000000000400e+02
4.567436600000000340e+02 4.830130300000000148e+02
4.544768500000000131e+02 4.811794899999999870e+02
4.526012900000000059e+02 4.789521300000000110e+02
4.511265900000000215e+02 4.764147700000000327e+02
4.500643600000000220e+02 4.736494800000000396e+02
4.494281400000000417e+02 4.707384100000000444e+02
4.492274300000000267e+02 4.677653700000000185e+02
4.494761000000000308e+02 4.648145600000000286e+02
4.501854300000000535e+02 4.619659800000000018e+02
4.513652000000000726e+02 4.593036999999999921e+02
4.530309200000000942e+02 4.569117099999999709e+02
4.551922000000000708e+02 4.548719899999999825e+02
4.578606400000000463e+02 4.532685299999999984e+02
4.610478500000000395e+02 4.521835500000000252e+02
4.641994100000000572e+02 4.513855599999999981e+02
4.672152500000000828e+02 4.512554999999999836e+02
4.700582800000000816e+02 4.517225999999999999e+02
4.726973900000000981e+02 4.527226699999999937e+02
4.750994900000001167e+02 4.541852200000000153e+02
4.772314900000001217e+02 4.560419400000000110e+02
4.790622400000001448e+02 4.582283600000000092e+02
4.805566200000001231e+02 4.606739400000000160e+02
4.824079100000001290e+02 4.660771400000000426e+02
4.826983300000001122e+02 4.688997400000000653e+02
4.825240800000001400e+02 4.717100400000000491e+02
4.818481500000001461e+02 4.744434000000000538e+02
4.806411600000001272e+02 4.770295500000000288e+02
4.788680300000001466e+02 4.794038500000000340e+02
4.764976600000001667e+02 4.814959400000000187e+02
4.741007000000001881e+02 4.831349900000000162e+02
4.714602000000002135e+02 4.843360600000000318e+02
4.686544400000001929e+02 4.850740100000000439e+02
4.657614900000002081e+02 4.853176800000000526e+02
4.657617000000000189e+02 4.853176500000000146e+02
