7.786111499999999523e+02 1.519085400000000163e+02
7.752462099999999054e+02 1.517549999999999955e+02
7.722375899999999547e+02 1.509594799999999850e+02
7.695931099999999105e+02 1.496039200000000164e+02
7.673263799999998582e+02 1.477704899999999952e+02
7.654508399999998574e+02 1.455430300000000443e+02
7.639761399999998730e+02 1.430056900000000724e+02
7.629138099999998985e+02 1.402403800000000729e+02
7.622775899999999183e+02 1.373293000000001030e+02
7.620768799999999601e+02 1.343562700000001087e+02
7.623256499999999960e+02 1.314054500000000871e+02
7.630349700000000439e+02 1.285569900000000416e+02
7.642147400000000061e+02 1.258947100000000319e+02
7.658804499999999962e+02 1.235027000000000044e+02
7.680417499999999791e+02 1.214628900000000158e+02
7.707101799999999230e+02 1.198595300000000634e+02
7.738972999999999729e+02 1.187744400000000269e+02
7.770489599999999655e+02 1.179764599999999746e+02
7.800647000000000162e+02 1.178463799999999537e+02
7.829078100000000404e+02 1.183135999999999513e+02
7.855469300000000885e+02 1.193136599999999135e+02
7.879490400000000818e+02 1.207761099999999033e+02
7.900810300000000552e+02 1.226329299999998739e+02
7.919116900000000214e+02 1.248192399999999225e+02
7.934060600000000250e+02 1.272649199999999610e+02
7.952573600000000624e+02 1.326680299999999306e+02
7.955478700000001027e+02 1.354907299999999850e+02
7.953736200000000736e+02 1.383010299999999688e+02
7.946975900000001047e+02 1.410343899999999167e+02
7.934906100000000606e+02 1.436204299999999421e+02
7.917174800000000232e+02 1.459947399999999789e+02
7.893472000000000435e+02 1.480869299999999384e+02
7.869501500000000078e+02 1.497258699999999862e+02
7.843097300000000587e+02 1.509270500000000084e+02
7.815038800000000947e+02 1.516649999999999636e+02
7.786109500000001162e+02 1.519085599999999658e+02
7.786111499999999523e+02 1.519085400000000163e+02
