7.236070600000000468e+02 2.519813199999999824e+02
7.202421199999999999e+02 2.518277699999999868e+02
7.172335000000000491e+02 2.510322599999999511e+02
7.145891100000000051e+02 2.496767199999999320e+02
7.123223000000000411e+02 2.478431599999998980e+02
7.104467500000000655e+02 2.456158099999998967e+02
7.089719400000000178e+02 2.430784499999998616e+02
7.079097199999999930e+02 2.403131499999998368e+02
7.072734100000000126e+02 2.374019699999998920e+02
7.070727900000000545e+02 2.344290499999998474e+02
7.073215400000000272e+02 2.314783299999998007e+02
7.080308899999999994e+02 2.286296699999998054e+02
7.092106400000000122e+02 2.259674899999997706e+02
7.108762699999999768e+02 2.235753699999997934e+02
7.130375599999999849e+02 2.215356599999997798e+02
7.157060000000000173e+02 2.199321899999997640e+02
7.188931999999999789e+02 2.188472199999997656e+02
7.220447799999999461e+02 2.180491399999997384e+02
7.250606199999999717e+02 2.179190599999997175e+02
7.279037200000000212e+02 2.183863799999996900e+02
7.305427500000000691e+02 2.193863399999996773e+02
7.329449300000001131e+02 2.208489899999997306e+02
7.350768300000000863e+02 2.227056999999997515e+02
7.369076000000001159e+02 2.248920199999997749e+02
7.384019800000000942e+02 2.273375999999997248e+02
7.402532600000000684e+02 2.327407999999996946e+02
7.405440800000001218e+02 2.355634999999997490e+02
7.403698300000000927e+02 2.383737999999997328e+02
7.396939000000000988e+02 2.411071699999997691e+02
7.384869100000000799e+02 2.436933099999997694e+02
7.367137900000001309e+02 2.460675199999997176e+02
7.343435100000001512e+02 2.481597199999997656e+02
7.319464600000001155e+02 2.497986499999997250e+02
7.293059600000001410e+02 2.509997299999997722e+02
7.265001900000000887e+02 2.517377799999998160e+02
7.236072600000001103e+02 2.519813499999997930e+02
7.236070600000000468e+02 2.519813199999999824e+02
