5.948403899999999567e+02 3.691612499999999955e+02
5.914753599999999096e+02 3.690076999999999998e+02
5.884667299999998704e+02 3.682121900000000210e+02
5.858223499999999149e+02 3.668566299999999956e+02
5.835555199999998877e+02 3.650231899999999996e+02
5.816799799999998868e+02 3.627957400000000234e+02
5.802052799999999024e+02 3.602583800000000451e+02
5.791430499999999029e+02 3.574930900000000520e+02
5.785067299999999477e+02 3.545820100000000252e+02
5.783060099999999011e+02 3.516090699999999742e+02
5.785547799999999370e+02 3.486582599999999275e+02
5.792641099999999597e+02 3.458096899999999323e+02
5.804439800000000105e+02 3.431474199999998973e+02
5.821095900000000256e+02 3.407554099999998698e+02
5.842708800000000338e+02 3.387156999999998561e+02
5.869393200000000661e+02 3.371122299999998404e+02
5.901265400000000909e+02 3.360271599999998671e+02
5.932781000000001086e+02 3.352291599999998652e+02
5.962939400000001342e+02 3.350990999999999076e+02
5.991369500000001835e+02 3.355662999999999556e+02
6.017760700000002316e+02 3.365663599999999178e+02
6.041781600000002754e+02 3.380289199999999710e+02
6.063101700000003120e+02 3.398856399999999667e+02
6.081409200000002784e+02 3.420720499999999902e+02
6.096353000000002567e+02 3.445176299999999401e+02
6.114864900000002308e+02 3.499208199999999351e+02
6.117770100000002458e+02 3.527434299999999325e+02
6.116027600000002167e+02 3.555537299999999163e+02
6.109268200000002480e+02 3.582871999999999275e+02
6.097197400000002290e+02 3.608732299999999213e+02
6.079467200000002549e+02 3.632474499999999011e+02
6.055764400000002752e+02 3.653396399999999176e+02
6.031793800000002648e+02 3.669786799999999403e+02
6.005388700000003155e+02 3.681797499999999559e+02
5.977331200000003264e+02 3.689177099999999427e+02
5.948401700000002847e+02 3.691613699999999199e+02
5.948403899999999567e+02 3.691612499999999955e+02
