5.846168499999999995e+02 3.253659000000000106e+02
5.812519099999999526e+02 3.252123500000000149e+02
5.782432999999999765e+02 3.244167499999999791e+02
5.755987999999999829e+02 3.230612800000000107e+02
5.733320899999999938e+02 3.212277500000000146e+02
5.714564500000000180e+02 3.190002900000000636e+02
5.699817500000000337e+02 3.164629300000000285e+02
5.689195200000000341e+02 3.136976399999999785e+02
5.682832000000000789e+02 3.107865500000000338e+02
5.680824800000000323e+02 3.078136200000000144e+02
5.683309400000000551e+02 3.048628099999999677e+02
5.690402800000000525e+02 3.020142399999999725e+02
5.702200500000000147e+02 2.993519499999999880e+02
5.718856700000000046e+02 2.969598399999999856e+02
5.740470599999999877e+02 2.949201500000000351e+02
5.767153899999999567e+02 2.933167700000000195e+02
5.799026000000000067e+02 2.922317000000000462e+02
5.830541699999999992e+02 2.914337100000000191e+02
5.860700100000000248e+02 2.913036399999999730e+02
5.889130300000000489e+02 2.917707399999999325e+02
5.915521500000000970e+02 2.927707999999998947e+02
5.939543300000001409e+02 2.942334599999999227e+02
5.960863300000000891e+02 2.960901899999998932e+02
5.979170000000001437e+02 2.982764899999998534e+02
5.994113800000001220e+02 3.007220699999998033e+02
6.012626600000000963e+02 3.061252799999997478e+02
6.015535800000001245e+02 3.089479899999997770e+02
6.013793300000000954e+02 3.117582899999997608e+02
6.007033000000001266e+02 3.144916399999997338e+02
5.994963200000000825e+02 3.170776899999997340e+02
5.977231900000000451e+02 3.194519899999996824e+02
5.953529100000000653e+02 3.215441899999997304e+02
5.929558600000000297e+02 3.231831299999997782e+02
5.903153399999999920e+02 3.243842999999998256e+02
5.875095900000000029e+02 3.251222499999997808e+02
5.846166399999999612e+02 3.253659199999997327e+02
5.846168499999999995e+02 3.253659000000000106e+02
