6.370304399999999987e+02 3.825426299999999742e+02
6.336653900000000021e+02 3.823891699999999787e+02
6.306567700000000514e+02 3.815936599999999999e+02
6.280123800000000074e+02 3.802381100000000060e+02
6.257455700000000434e+02 3.784045600000000036e+02
6.238700300000000425e+02 3.761771100000000274e+02
6.223953300000000581e+02 3.736397600000000239e+02
6.213330900000000838e+02 3.708745600000000309e+02
6.206967900000000782e+02 3.679633700000000545e+02
6.204960600000000568e+02 3.649904400000000351e+02
6.207444200000001047e+02 3.620396200000000135e+02
6.214537600000001021e+02 3.591910599999999931e+02
6.226336200000000645e+02 3.565287900000000150e+02
6.242993400000000292e+02 3.541367799999999875e+02
6.264605199999999741e+02 3.520970599999999990e+02
6.291289600000000064e+02 3.504936000000000149e+02
6.323160800000000563e+02 3.494085200000000668e+02
6.354677500000000236e+02 3.486105400000000145e+02
6.384835900000000493e+02 3.484804599999999937e+02
6.413266100000000733e+02 3.489475700000000415e+02
6.439657300000001214e+02 3.499476300000000037e+02
6.463679100000001654e+02 3.514102800000000570e+02
6.484998100000001386e+02 3.532670000000000528e+02
6.503305800000001682e+02 3.554533200000000761e+02
6.518249600000001465e+02 3.578989100000000576e+02
6.536761500000001206e+02 3.633020900000000779e+02
6.539670600000001741e+02 3.661248000000000502e+02
6.537928100000001450e+02 3.689351100000000656e+02
6.531168800000001511e+02 3.716684700000000703e+02
6.519098000000001321e+02 3.742545100000000957e+02
6.501366700000000947e+02 3.766288100000001009e+02
6.477663900000001149e+02 3.787210200000001237e+02
6.453694400000001679e+02 3.803599600000001146e+02
6.427289400000001933e+02 3.815610300000001303e+02
6.399230700000001661e+02 3.822990700000001425e+02
6.370301400000001877e+02 3.825426300000001447e+02
6.370304399999999987e+02 3.825426299999999742e+02
