5.080262099999999919e+02 4.982574900000000184e+02
5.046611800000000017e+02 4.981039299999999912e+02
5.016525599999999940e+02 4.973084200000000124e+02
4.990081700000000069e+02 4.959528799999999933e+02
4.967413500000000113e+02 4.941194199999999910e+02
4.948658100000000104e+02 4.918919700000000148e+02
4.933910999999999945e+02 4.893546200000000113e+02
4.923288699999999949e+02 4.865893199999999865e+02
4.916925600000000145e+02 4.836782499999999914e+02
4.914918299999999931e+02 4.807052999999999656e+02
4.917402000000000157e+02 4.777544799999999441e+02
4.924495300000000384e+02 4.749059199999999237e+02
4.936293000000000575e+02 4.722436399999999139e+02
4.952950300000000539e+02 4.698515399999998863e+02
4.974563100000000304e+02 4.678118299999998726e+02
5.001247400000000312e+02 4.662084699999998634e+02
5.033119600000000560e+02 4.651233899999998584e+02
5.064635200000000737e+02 4.643253999999998314e+02
5.094793700000000740e+02 4.641953199999998105e+02
5.123223900000000413e+02 4.646624299999998016e+02
5.149615000000000009e+02 4.656624999999997954e+02
5.173636000000000195e+02 4.671250399999997853e+02
5.194955899999999929e+02 4.689818599999998128e+02
5.213263500000000477e+02 4.711681799999998361e+02
5.228206400000000258e+02 4.736137599999998429e+02
5.246719200000000001e+02 4.790169499999998379e+02
5.249628400000000283e+02 4.818396599999998102e+02
5.247885800000000245e+02 4.846499699999998256e+02
5.241126500000000306e+02 4.873833299999998303e+02
5.229055700000000115e+02 4.899693699999998557e+02
5.211325400000000627e+02 4.923436899999998673e+02
5.187621800000000576e+02 4.944357799999998520e+02
5.163652100000000473e+02 4.960748199999998747e+02
5.137247000000000980e+02 4.972759999999998968e+02
5.109189400000000774e+02 4.980139499999999089e+02
5.080259100000000672e+02 4.982574999999999363e+02
5.080262099999999919e+02 4.982574900000000184e+02
