1.042301600000000008e+03 3.175289900000000216e+02
1.038936599999999999e+03 3.173755499999999756e+02
1.035928000000000111e+03 3.165799399999999650e+02
1.033283600000000206e+03 3.152243799999999965e+02
1.031016800000000103e+03 3.133909400000000005e+02
1.029141200000000026e+03 3.111634800000000496e+02
1.027666500000000042e+03 3.086261200000000144e+02
1.026604299999999967e+03 3.058609300000000530e+02
1.025968000000000075e+03 3.029497500000001082e+02
1.025767299999999977e+03 2.999768200000000888e+02
1.026015599999999949e+03 2.970260000000000673e+02
1.026724999999999909e+03 2.941774300000000721e+02
1.027904699999999821e+03 2.915151500000000624e+02
1.029570399999999836e+03 2.891231500000000096e+02
1.031731699999999819e+03 2.870833400000000211e+02
1.034400199999999813e+03 2.854799699999999802e+02
1.037587399999999889e+03 2.843949000000000069e+02
1.040738899999999830e+03 2.835969099999999798e+02
1.043754599999999755e+03 2.834668199999999842e+02
1.046597799999999779e+03 2.839340399999999818e+02
1.049236999999999853e+03 2.849341200000000072e+02
1.051638999999999896e+03 2.863966599999999971e+02
1.053770999999999958e+03 2.882533700000000181e+02
1.055601599999999962e+03 2.904397900000000163e+02
1.057096000000000004e+03 2.928853699999999662e+02
1.058947300000000041e+03 2.982885699999999360e+02
1.059237800000000107e+03 3.011111699999999018e+02
1.059063700000000154e+03 3.039214899999999489e+02
1.058387600000000248e+03 3.066548399999999219e+02
1.057180600000000140e+03 3.092409799999999223e+02
1.055407500000000027e+03 3.116152799999998706e+02
1.053037199999999984e+03 3.137073899999999185e+02
1.050640200000000050e+03 3.153464199999999664e+02
1.047999800000000050e+03 3.165475099999999884e+02
1.045193899999999985e+03 3.172854499999999689e+02
1.042300999999999931e+03 3.175291199999999208e+02
1.042301600000000008e+03 3.175289900000000216e+02
