9.778927599999999529e+02 3.772788400000000024e+02
9.745277299999999059e+02 3.771252900000000068e+02
9.715191099999999551e+02 3.763297800000000279e+02
9.688747199999999111e+02 3.749742200000000025e+02
9.666079099999999471e+02 3.731406799999999748e+02
9.647323599999999715e+02 3.709133199999999988e+02
9.632576599999999871e+02 3.683758700000000204e+02
9.621954399999999623e+02 3.656105800000000272e+02
9.615591099999999187e+02 3.626995900000000006e+02
9.613583999999999605e+02 3.597265600000000063e+02
9.616067600000000084e+02 3.567757399999999848e+02
9.623160900000000311e+02 3.539271699999999896e+02
9.634959600000000819e+02 3.512649099999999862e+02
9.651615800000000718e+02 3.488728899999999840e+02
9.673228600000001052e+02 3.468331799999999703e+02
9.699913000000001375e+02 3.452297099999999546e+02
9.731785200000001623e+02 3.441446399999999812e+02
9.763300800000001800e+02 3.433466499999999542e+02
9.793459300000001804e+02 3.432165799999999081e+02
9.821889400000002297e+02 3.436837799999999561e+02
9.848280600000002778e+02 3.446837399999999434e+02
9.872301600000002963e+02 3.461462899999999081e+02
9.893621500000002698e+02 3.480031199999998535e+02
9.911929100000003245e+02 3.501894299999999021e+02
9.926873000000002776e+02 3.526350199999998836e+02
9.945384800000002770e+02 3.580381999999999039e+02
9.948294000000003052e+02 3.608609199999999078e+02
9.946551400000003014e+02 3.636712199999998916e+02
9.939791200000003073e+02 3.664045699999998646e+02
9.927721400000002632e+02 3.689906199999998648e+02
9.909990100000002258e+02 3.713649299999998448e+02
9.886287300000002460e+02 3.734571199999998612e+02
9.862317800000002990e+02 3.750960699999998837e+02
9.835912700000003497e+02 3.762971399999998994e+02
9.807855000000002974e+02 3.770351999999999180e+02
9.778924700000003440e+02 3.772787499999999454e+02
9.778927599999999529e+02 3.772788400000000024e+02
