8.426614399999999705e+02 9.548542999999995118e+01
8.392963700000000244e+02 9.533216999999990549e+01
8.362878500000000486e+02 9.453666999999995824e+01
8.336433600000000297e+02 9.318110999999998967e+01
8.313765399999999772e+02 9.134765000000004420e+01
8.295009999999999764e+02 8.912021000000004278e+01
8.280262999999999920e+02 8.658280999999999494e+01
8.269640699999999924e+02 8.381754999999998290e+01
8.263278599999999869e+02 8.090640999999993710e+01
8.261271299999999655e+02 7.793352999999990516e+01
8.263757999999999129e+02 7.498268999999993412e+01
8.270851199999999608e+02 7.213419999999996435e+01
8.282649999999999864e+02 6.947185000000001764e+01
8.299307099999999764e+02 6.707988999999997759e+01
8.320919099999999844e+02 6.504004999999995107e+01
8.347603299999999535e+02 6.343674999999996089e+01
8.379475499999999784e+02 6.235164999999994961e+01
8.410991299999999455e+02 6.155354999999997290e+01
8.441149599999999964e+02 6.142354000000000269e+01
8.469580099999999447e+02 6.189044000000001233e+01
8.495971299999999928e+02 6.289043000000003758e+01
8.519993200000000115e+02 6.435307000000000244e+01
8.541312199999999848e+02 6.620978999999999814e+01
8.559619900000000143e+02 6.839607999999998356e+01
8.574562700000000177e+02 7.084171000000003460e+01
8.593075499999999920e+02 7.624491999999997915e+01
8.595984799999999950e+02 7.906755999999995765e+01
8.594242100000000164e+02 8.187790999999992891e+01
8.587482899999999972e+02 8.461123999999995249e+01
8.575412199999999530e+02 8.719725999999991473e+01
8.557681599999999662e+02 8.957174999999995180e+01
8.533977999999999611e+02 9.166378999999994903e+01
8.510008500000000140e+02 9.330273999999997159e+01
8.483603500000000395e+02 9.450380999999993037e+01
8.455545799999999872e+02 9.524186999999994896e+01
8.426616299999999455e+02 9.548552999999992608e+01
8.426614399999999705e+02 9.548542999999995118e+01
