6.259777599999999893e+02 3.415111900000000560e+02
6.226127299999999423e+02 3.413576400000000604e+02
6.196042099999999664e+02 3.405621300000000247e+02
6.169597199999999475e+02 3.392065700000000561e+02
6.146928999999998950e+02 3.373731300000000601e+02
6.128173599999998942e+02 3.351456700000001092e+02
6.113426499999999351e+02 3.326083100000000741e+02
6.102804199999999355e+02 3.298430300000001125e+02
6.096441199999999299e+02 3.269318400000000793e+02
6.094433899999999085e+02 3.239589100000000599e+02
6.096918399999999565e+02 3.210081900000000132e+02
6.104011799999999539e+02 3.181596200000000181e+02
6.115809499999999161e+02 3.154973400000000083e+02
6.132466699999998809e+02 3.131052499999999554e+02
6.154078599999999142e+02 3.110655299999999670e+02
6.180762899999998581e+02 3.094621599999999262e+02
6.212635099999998829e+02 3.083770799999999781e+02
6.244150699999999006e+02 3.075790899999999510e+02
6.274309099999999262e+02 3.074490299999999934e+02
6.302739199999999755e+02 3.079162300000000414e+02
6.329130400000000236e+02 3.089162900000000036e+02
6.353152300000000423e+02 3.103788500000000568e+02
6.374471399999999903e+02 3.122355600000000777e+02
6.392779000000000451e+02 3.144218900000000758e+02
6.407722700000000486e+02 3.168675600000000259e+02
6.426234500000000480e+02 3.222707500000000209e+02
6.429143800000000510e+02 3.250933700000000499e+02
6.427401300000000219e+02 3.279036700000000337e+02
6.420642000000000280e+02 3.306370299999999816e+02
6.408572100000000091e+02 3.332231799999999566e+02
6.390840900000000602e+02 3.355973899999999048e+02
6.367137100000001055e+02 3.376895699999998897e+02
6.343167600000001585e+02 3.393285199999999122e+02
6.316762500000002092e+02 3.405296899999999596e+02
6.288704900000002453e+02 3.412676399999999148e+02
6.259775500000002921e+02 3.415112999999998920e+02
6.259777599999999893e+02 3.415111900000000560e+02
