4.562441200000000094e+02 4.429011100000000170e+02
4.528790900000000192e+02 4.427475499999999897e+02
4.498705600000000118e+02 4.419520400000000109e+02
4.472259799999999927e+02 4.405964799999999855e+02
4.449592499999999973e+02 4.387630499999999643e+02
4.430837099999999964e+02 4.365355899999999565e+02
4.416090100000000120e+02 4.339982299999999782e+02
4.405466800000000376e+02 4.312329199999999787e+02
4.399104600000000573e+02 4.283218599999999583e+02
4.397097400000000675e+02 4.253489199999999641e+02
4.399581000000000586e+02 4.223980899999999679e+02
4.406675400000000309e+02 4.195495399999999790e+02
4.418473000000000184e+02 4.168872700000000009e+02
4.435130300000000148e+02 4.144951599999999985e+02
4.456742199999999912e+02 4.124554400000000101e+02
4.483426499999999919e+02 4.108520800000000008e+02
4.515298700000000167e+02 4.097669999999999959e+02
4.546814300000000344e+02 4.089690099999999688e+02
4.576972700000000600e+02 4.088389499999999543e+02
4.605402900000000841e+02 4.093060499999999706e+02
4.631794000000001006e+02 4.103061199999999644e+02
4.655815000000001191e+02 4.117686699999999860e+02
4.677135100000000989e+02 4.136253899999999817e+02
4.695442600000001221e+02 4.158118099999999799e+02
4.710386400000001004e+02 4.182573899999999867e+02
4.728899200000000747e+02 4.236605900000000133e+02
4.731807500000001028e+02 4.264831900000000360e+02
4.730064900000000989e+02 4.292935900000000515e+02
4.723305600000001050e+02 4.320269600000000310e+02
4.711234800000000860e+02 4.346130000000000564e+02
4.693504500000000803e+02 4.369873100000000363e+02
4.669800800000001004e+02 4.390794000000000210e+02
4.645831200000001218e+02 4.407184400000000437e+02
4.619426200000001472e+02 4.419195100000000593e+02
4.591368600000001265e+02 4.426574700000000462e+02
4.562439100000001417e+02 4.429011300000000233e+02
4.562441200000000094e+02 4.429011100000000170e+02
