5.642731199999999490e+02 3.978105499999999779e+02
5.609081799999999021e+02 3.976570099999999570e+02
5.578995599999999513e+02 3.968614899999999466e+02
5.552551699999999073e+02 3.955059499999999275e+02
5.529883499999998548e+02 3.936724999999999000e+02
5.511128099999998540e+02 3.914450399999998922e+02
5.496381099999998696e+02 3.889076899999998886e+02
5.485757799999998952e+02 3.861423899999998639e+02
5.479395799999998644e+02 3.832312199999998370e+02
5.477388499999998430e+02 3.802582799999998429e+02
5.479871999999998025e+02 3.773075499999998215e+02
5.486965499999997746e+02 3.744588999999998009e+02
5.498763199999997369e+02 3.717966199999997912e+02
5.515420299999997269e+02 3.694046099999997637e+02
5.537033199999997350e+02 3.673649099999997816e+02
5.563717599999997674e+02 3.657614399999997659e+02
5.595588599999997541e+02 3.646764499999997611e+02
5.627105399999998099e+02 3.638783799999997655e+02
5.657262799999998606e+02 3.637482899999997699e+02
5.685694099999998343e+02 3.642154099999997925e+02
5.712085199999997940e+02 3.652154699999998115e+02
5.736105999999997493e+02 3.666781099999998332e+02
5.757425999999996975e+02 3.685348399999998605e+02
5.775732699999997521e+02 3.707211399999998775e+02
5.790676499999997304e+02 3.731667299999998590e+02
5.809189399999996795e+02 3.785699299999998857e+02
5.812098499999997330e+02 3.813926399999998580e+02
5.810355999999997039e+02 3.842029499999998734e+02
5.803595699999997350e+02 3.869362899999998717e+02
5.791525799999997162e+02 3.895224399999998468e+02
5.773795599999997421e+02 3.918966599999998266e+02
5.750091799999997875e+02 3.939888499999998430e+02
5.726122299999998404e+02 3.956277999999998656e+02
5.699717199999998911e+02 3.968289699999998561e+02
5.671659599999999273e+02 3.975669199999998682e+02
5.642729299999999739e+02 3.978104699999998957e+02
5.642731199999999490e+02 3.978105499999999779e+02
