7.565968800000000556e+02 2.244800900000000183e+02
7.532318500000000085e+02 2.243265400000000227e+02
7.502232300000000578e+02 2.235310299999999870e+02
7.475788400000000138e+02 2.221754700000000184e+02
7.453120199999999613e+02 2.203420300000000225e+02
7.434364799999999605e+02 2.181145700000000716e+02
7.419617700000000013e+02 2.155772200000001249e+02
7.408995400000000018e+02 2.128119200000001001e+02
7.402632300000000214e+02 2.099008400000001302e+02
7.400625099999999748e+02 2.069278100000001359e+02
7.403108700000000226e+02 2.039770800000001145e+02
7.410202000000000453e+02 2.011285200000000941e+02
7.421999700000000075e+02 1.984662400000000844e+02
7.438657000000000608e+02 1.960741400000000567e+02
7.460269800000000942e+02 1.940344300000000430e+02
7.486954100000000381e+02 1.924310600000000022e+02
7.518826300000000629e+02 1.913459900000000289e+02
7.550341900000000805e+02 1.905479900000000271e+02
7.580500300000001062e+02 1.904179300000000694e+02
7.608930600000001050e+02 1.908850300000000288e+02
7.635321700000000646e+02 1.918851000000000795e+02
7.659342700000000832e+02 1.933476500000000442e+02
7.680662700000000314e+02 1.952043700000000399e+02
7.698970199999999977e+02 1.973907900000000382e+02
7.713913199999999506e+02 1.998362700000000132e+02
7.732425899999999501e+02 2.052395599999999831e+02
7.735335199999999531e+02 2.080621800000000121e+02
7.733592599999999493e+02 2.108724799999999959e+02
7.726833199999999806e+02 2.136059400000000323e+02
7.714762399999999616e+02 2.161919800000000578e+02
7.697031299999999874e+02 2.185661900000000060e+02
7.673328500000000076e+02 2.206583799999999655e+02
7.649357999999999720e+02 2.222973200000000134e+02
7.622953800000000228e+02 2.234985000000000355e+02
7.594896200000000590e+02 2.242364499999999907e+02
7.565966800000001058e+02 2.244801199999999426e+02
7.565968800000000556e+02 2.244800900000000183e+02
