5.308466799999999921e+02 4.277933100000000195e+02
5.274817500000000337e+02 4.276397600000000239e+02
5.244731199999999944e+02 4.268442600000000198e+02
5.218286399999999503e+02 4.254886999999999944e+02
5.195619299999999612e+02 4.236551699999999983e+02
5.176862699999999222e+02 4.214277900000000159e+02
5.162115799999999126e+02 4.188903400000000374e+02
5.151493399999999383e+02 4.161251400000000444e+02
5.145131399999999076e+02 4.132139700000000175e+02
5.143124099999998862e+02 4.102410399999999981e+02
5.145611799999999221e+02 4.072902300000000082e+02
5.152704099999999698e+02 4.044416499999999814e+02
5.164502800000000207e+02 4.017793800000000033e+02
5.181159999999999854e+02 3.993873800000000074e+02
5.202772800000000188e+02 3.973476699999999937e+02
5.229456199999999626e+02 3.957441999999999780e+02
5.261328399999999874e+02 3.946591199999999731e+02
5.292844000000000051e+02 3.938611299999999460e+02
5.323002500000000055e+02 3.937310499999999251e+02
5.351432399999999916e+02 3.941983599999999228e+02
5.377823700000000144e+02 3.951983199999999101e+02
5.401845500000000584e+02 3.966609799999999382e+02
5.423164600000000064e+02 3.985176899999999591e+02
5.441472200000000612e+02 4.007040199999999572e+02
5.456416100000000142e+02 4.031495899999999324e+02
5.474928899999999885e+02 4.085527899999999590e+02
5.477832999999999402e+02 4.113754899999999566e+02
5.476091499999998859e+02 4.141857999999999720e+02
5.469331199999999171e+02 4.169191499999999451e+02
5.457261399999998730e+02 4.195051999999999452e+02
5.439530099999998356e+02 4.218794999999999504e+02
5.415827299999998559e+02 4.239717099999999732e+02
5.391856799999998202e+02 4.256106399999999894e+02
5.365452599999998711e+02 4.268118200000000115e+02
5.337394099999999071e+02 4.275497599999999920e+02
5.308464799999999286e+02 4.277933400000000006e+02
5.308466799999999921e+02 4.277933100000000195e+02
