6.927994899999999916e+02 2.810088500000000522e+02
6.894345600000000331e+02 2.808553200000000061e+02
6.864259299999999939e+02 2.800598099999999704e+02
6.837815500000000384e+02 2.787042500000000018e+02
6.815147200000000112e+02 2.768708100000000059e+02
6.796391700000000355e+02 2.746434500000000298e+02
6.781644800000000259e+02 2.721059900000000198e+02
6.771021400000000767e+02 2.693407799999999952e+02
6.764659400000000460e+02 2.664296199999999999e+02
6.762652100000000246e+02 2.634566899999999805e+02
6.765135700000000725e+02 2.605058599999999842e+02
6.772229100000000699e+02 2.576572999999999638e+02
6.784027800000001207e+02 2.549950199999999541e+02
6.800683900000001358e+02 2.526030099999999265e+02
6.822296700000001692e+02 2.505633099999998876e+02
6.848981200000001763e+02 2.489598399999998719e+02
6.880852400000002262e+02 2.478747599999999238e+02
6.912369000000002188e+02 2.470767699999998968e+02
6.942526400000002695e+02 2.469466899999998759e+02
6.970957600000002685e+02 2.474138099999998985e+02
6.997348800000003166e+02 2.484138799999999492e+02
7.021369600000002720e+02 2.498765199999999140e+02
7.042689600000002201e+02 2.517332499999998845e+02
7.060996300000002748e+02 2.539195499999998447e+02
7.075940100000002531e+02 2.563651499999998578e+02
7.094452900000002273e+02 2.617683399999998528e+02
7.097362100000002556e+02 2.645910599999998567e+02
7.095619700000002013e+02 2.674012599999998656e+02
7.088859300000002577e+02 2.701346999999998388e+02
7.076789500000002135e+02 2.727207499999998390e+02
7.059058200000001762e+02 2.750950599999998758e+02
7.035355500000001712e+02 2.771871599999998352e+02
7.011385900000001357e+02 2.788261999999998579e+02
6.984980900000001611e+02 2.800272699999998167e+02
6.956923200000001088e+02 2.807653299999998353e+02
6.927993900000001304e+02 2.810088899999998375e+02
6.927994899999999916e+02 2.810088500000000522e+02
