7.617068600000000060e+02 6.211022399999999379e+02
7.583421399999999721e+02 6.209408799999999928e+02
7.553355399999999236e+02 6.201383100000000468e+02
7.526941799999999603e+02 6.187764799999999923e+02
7.504317899999999781e+02 6.169376999999999498e+02
7.485614499999999225e+02 6.147058999999999287e+02
7.470926499999999351e+02 6.121650099999999384e+02
7.460368899999999712e+02 6.093972899999999981e+02
7.454075199999999768e+02 6.064846999999999753e+02
7.452139200000000301e+02 6.035112500000000182e+02
7.454694700000000012e+02 6.005610099999998965e+02
7.461855299999999716e+02 5.977142400000000180e+02
7.473715899999999692e+02 5.950547299999999495e+02
7.490428600000000188e+02 5.926665899999999283e+02
7.512089300000000094e+02 5.906319499999999607e+02
7.538811000000000604e+02 5.890347299999998540e+02
7.570708700000000135e+02 5.879571799999998802e+02
7.602242999999999711e+02 5.871665100000000166e+02
7.632403699999999844e+02 5.870432399999999689e+02
7.660823199999999815e+02 5.875171199999999772e+02
7.687191199999999753e+02 5.885233499999999367e+02
7.711177599999999757e+02 5.899915599999999358e+02
7.732453699999999799e+02 5.918533199999999397e+02
7.750709499999999252e+02 5.940438699999999699e+02
7.765596199999998817e+02 5.964930899999999383e+02
7.783981499999998732e+02 6.019005300000000034e+02
7.786822199999999157e+02 6.047239600000000337e+02
7.785015699999999015e+02 6.075337799999999788e+02
7.778191899999999350e+02 6.102655700000000252e+02
7.766061199999999189e+02 6.128488399999999956e+02
7.748274799999999232e+02 6.152189899999999625e+02
7.724521799999998848e+02 6.173055200000000013e+02
7.700514199999998937e+02 6.189389099999999644e+02
7.674080799999999272e+02 6.201338599999999133e+02
7.646005599999999731e+02 6.208651800000000094e+02
7.617070899999999938e+02 6.211020399999999881e+02
7.617068600000000060e+02 6.211022399999999379e+02
