6.828637400000000071e+02 2.377984099999999899e+02
6.794986999999999853e+02 2.376448599999999942e+02
6.764901800000000094e+02 2.368493600000000470e+02
6.738456899999999905e+02 2.354937900000001036e+02
6.715789700000000266e+02 2.336603600000000824e+02
6.697034300000000258e+02 2.314329000000001315e+02
6.682286300000000665e+02 2.288955500000001848e+02
6.671664000000000669e+02 2.261302500000001601e+02
6.665301000000000613e+02 2.232190700000002153e+02
6.663294600000000401e+02 2.202462400000001708e+02
6.665777300000000878e+02 2.172953100000001996e+02
6.672871700000000601e+02 2.144467600000001539e+02
6.684669400000000223e+02 2.117844800000001442e+02
6.701326500000000124e+02 2.093924700000001167e+02
6.722939400000000205e+02 2.073527700000000777e+02
6.749623800000000529e+02 2.057493100000000368e+02
6.781495000000001028e+02 2.046642100000000255e+02
6.813010500000001457e+02 2.038663199999999733e+02
6.843168900000001713e+02 2.037362499999999272e+02
6.871600100000001703e+02 2.042033699999999499e+02
6.897991400000001931e+02 2.052033399999999119e+02
6.922012200000001485e+02 2.066659799999998768e+02
6.943332200000000967e+02 2.085226999999998725e+02
6.961638900000001513e+02 2.107090099999999211e+02
6.976582600000001548e+02 2.131546899999999596e+02
6.995095600000001923e+02 2.185577899999999545e+02
6.998004700000002458e+02 2.213804999999999836e+02
6.996262200000002167e+02 2.241908099999999422e+02
6.989501900000002479e+02 2.269241599999999153e+02
6.977432000000002290e+02 2.295102999999999156e+02
6.959700800000002801e+02 2.318845099999998638e+02
6.935998000000003003e+02 2.339767099999999118e+02
6.912027500000002647e+02 2.356156399999998712e+02
6.885622400000003154e+02 2.368168099999999185e+02
6.857564800000003515e+02 2.375547699999999622e+02
6.828635500000003731e+02 2.377983399999999392e+02
6.828637400000000071e+02 2.377984099999999899e+02
