7.848578499999999849e+02 5.488153099999999540e+02
7.814929099999999380e+02 5.486617699999999331e+02
7.784842999999999620e+02 5.478661500000000615e+02
7.758398999999999432e+02 5.465107000000000426e+02
7.735730899999999792e+02 5.446771599999999580e+02
7.716975400000000036e+02 5.424497999999999820e+02
7.702228499999999940e+02 5.399123399999999720e+02
7.691606100000000197e+02 5.371471500000000106e+02
7.685242900000000645e+02 5.342360699999999269e+02
7.683235800000001063e+02 5.312630399999999327e+02
7.685723400000000538e+02 5.283122199999999111e+02
7.692816700000000765e+02 5.254637499999998909e+02
7.704614500000001271e+02 5.228013799999998810e+02
7.721271600000001172e+02 5.204093699999998535e+02
7.742884500000001253e+02 5.183696599999998398e+02
7.769567900000000691e+02 5.167661899999998241e+02
7.801440100000000939e+02 5.156811099999997623e+02
7.832955700000001116e+02 5.148831199999997352e+02
7.863114100000001372e+02 5.147530499999998028e+02
7.891544200000001865e+02 5.152202499999998508e+02
7.917936500000001843e+02 5.162202299999997877e+02
7.941957300000001396e+02 5.176828799999998409e+02
7.963276400000000876e+02 5.195395899999998619e+02
7.981584000000001424e+02 5.217259099999998853e+02
7.996527700000001460e+02 5.241715899999998101e+02
8.015040700000001834e+02 5.295746899999998050e+02
8.017945800000002237e+02 5.323973999999998341e+02
8.016203200000002198e+02 5.352076999999997042e+02
8.009443000000002257e+02 5.379410499999996773e+02
7.997374100000001818e+02 5.405271999999997661e+02
7.979642800000001444e+02 5.429015099999996892e+02
7.955939100000001645e+02 5.449935999999996739e+02
7.931969500000001290e+02 5.466326499999996713e+02
7.905564400000001797e+02 5.478337099999996553e+02
7.877506900000001906e+02 5.485716699999995853e+02
7.848576400000001740e+02 5.488153199999997014e+02
7.848578499999999849e+02 5.488153099999999540e+02
