8.501829999999999927e+02 4.910752600000000143e+02
8.468179599999999709e+02 4.909216900000000123e+02
8.438093400000000202e+02 4.901262000000000398e+02
8.411649499999999762e+02 4.887706400000000144e+02
8.388981299999999237e+02 4.869371899999999869e+02
8.370225899999999228e+02 4.847097400000000107e+02
8.355478999999999132e+02 4.821722900000000323e+02
8.344856599999999389e+02 4.794070800000000077e+02
8.338494399999999587e+02 4.764960100000000125e+02
8.336487300000000005e+02 4.735229800000000182e+02
8.338973899999999730e+02 4.705721599999999967e+02
8.346067199999999957e+02 4.677236899999999764e+02
8.357866000000000213e+02 4.650613299999999981e+02
8.374522100000000364e+02 4.626693199999999706e+02
8.396135000000000446e+02 4.606295999999999822e+02
8.422819400000000769e+02 4.590261399999999981e+02
8.454691400000000385e+02 4.579411600000000249e+02
8.486207100000000310e+02 4.571431699999999978e+02
8.516365600000000313e+02 4.570129999999999768e+02
8.544795599999999922e+02 4.574802999999999997e+02
8.571186900000000151e+02 4.584802700000000186e+02
8.595207699999999704e+02 4.599429100000000403e+02
8.616527699999999186e+02 4.617996400000000676e+02
8.634835399999999481e+02 4.639859600000000910e+02
8.649778199999999515e+02 4.664315300000000661e+02
8.668291099999999005e+02 4.718347200000000612e+02
8.671196199999999408e+02 4.746574400000000651e+02
8.669453599999999369e+02 4.774677400000000489e+02
8.662694399999999177e+02 4.802011000000000536e+02
8.650623599999998987e+02 4.827871300000000474e+02
8.632893299999999499e+02 4.851614500000000589e+02
8.609189499999999953e+02 4.872536400000000754e+02
8.585220000000000482e+02 4.888925900000000979e+02
8.558814800000000105e+02 4.900937600000000884e+02
8.530757300000000214e+02 4.908317100000001005e+02
8.501827900000000682e+02 4.910752800000000775e+02
8.501829999999999927e+02 4.910752600000000143e+02
