9.705056899999999587e+02 3.341028099999999768e+02
9.671406599999999116e+02 3.339492400000000316e+02
9.641321399999999358e+02 3.331537500000000591e+02
9.614876499999999169e+02 3.317981900000000905e+02
9.592208399999999529e+02 3.299646400000001449e+02
9.573452899999999772e+02 3.277372800000001689e+02
9.558705899999999929e+02 3.251998300000001336e+02
9.548083599999999933e+02 3.224345400000000836e+02
9.541720500000000129e+02 3.195234600000001137e+02
9.539713199999999915e+02 3.165505200000001196e+02
9.542200900000000274e+02 3.135997100000000728e+02
9.549295299999999997e+02 3.107511500000000524e+02
9.561091900000000123e+02 3.080888600000000679e+02
9.577749099999999771e+02 3.056968500000000404e+02
9.599361900000000105e+02 3.036571500000000015e+02
9.626046300000000429e+02 3.020536899999999605e+02
9.657918500000000677e+02 3.009686100000000124e+02
9.689434200000000601e+02 3.001706199999999853e+02
9.719591600000001108e+02 3.000405299999999897e+02
9.748022700000001350e+02 3.005077499999999873e+02
9.774413900000001831e+02 3.015077199999999493e+02
9.798434800000002269e+02 3.029703599999999142e+02
9.819754800000001751e+02 3.048270899999998846e+02
9.838062400000002299e+02 3.070134099999999080e+02
9.853005300000002080e+02 3.094589799999998831e+02
9.871518100000001823e+02 3.148621699999998782e+02
9.874427300000002106e+02 3.176848899999998821e+02
9.872684800000001815e+02 3.204951899999998659e+02
9.865925500000001875e+02 3.232285499999998137e+02
9.853854700000001685e+02 3.258145899999998392e+02
9.836124400000002197e+02 3.281889099999998507e+02
9.812420600000002651e+02 3.302810899999998355e+02
9.788451100000003180e+02 3.319200399999998581e+02
9.762046100000003435e+02 3.331211099999998169e+02
9.733988400000002912e+02 3.338591699999998355e+02
9.705059000000003380e+02 3.341027299999998377e+02
9.705056899999999587e+02 3.341028099999999768e+02
