1.020885200000000054e+03 3.888524499999999762e+02
1.017520600000000059e+03 3.886910999999999490e+02
1.014513900000000035e+03 3.878884199999999396e+02
1.011872700000000009e+03 3.865266899999999168e+02
1.009610099999999989e+03 3.846878999999998996e+02
1.007739799999999946e+03 3.824561099999999101e+02
1.006271099999999933e+03 3.799153399999999010e+02
1.005215299999999957e+03 3.771475099999998974e+02
1.004585899999999924e+03 3.742349099999998998e+02
1.004392399999999952e+03 3.712615699999998924e+02
1.004647899999999936e+03 3.683113299999998844e+02
1.005363899999999944e+03 3.654643499999999108e+02
1.006549999999999955e+03 3.628049399999999309e+02
1.008221199999999953e+03 3.604166999999999348e+02
1.010387299999999982e+03 3.583821599999999421e+02
1.013059499999999957e+03 3.567849399999999491e+02
1.016249199999999973e+03 3.557073899999999753e+02
1.019402699999999982e+03 3.549168199999999729e+02
1.022418800000000033e+03 3.547935599999999567e+02
1.025260700000000043e+03 3.552673299999999585e+02
1.027897500000000036e+03 3.562735599999999749e+02
1.030296199999999999e+03 3.577418799999999806e+02
1.032423700000000053e+03 3.596035299999999779e+02
1.034249400000000151e+03 3.617941899999999578e+02
1.035737900000000081e+03 3.642432999999999765e+02
1.037576600000000099e+03 3.696508499999999913e+02
1.037860600000000204e+03 3.724741799999999898e+02
1.037680000000000291e+03 3.752839999999999918e+02
1.036997600000000375e+03 3.780158799999999815e+02
1.035784400000000460e+03 3.805990499999999770e+02
1.034005800000000363e+03 3.829691899999999691e+02
1.031630500000000438e+03 3.850558199999999829e+02
1.029229800000000523e+03 3.866891200000000026e+02
1.026586600000000544e+03 3.878840700000000083e+02
1.023778900000000590e+03 3.886153899999999908e+02
1.020885500000000548e+03 3.888522499999999695e+02
1.020885200000000054e+03 3.888524499999999762e+02
