6.898947399999999561e+02 6.365058699999999590e+02
6.865296999999999343e+02 6.363523099999999886e+02
6.835211799999999585e+02 6.355568100000000413e+02
6.808766899999999396e+02 6.342012499999999591e+02
6.786098799999999756e+02 6.323677000000000135e+02
6.767343299999999999e+02 6.301403500000000122e+02
6.752596200000000408e+02 6.276029899999999770e+02
6.741974000000000160e+02 6.248377000000000407e+02
6.735610800000000609e+02 6.219266099999999824e+02
6.733603700000001027e+02 6.189535799999999881e+02
6.736088200000001507e+02 6.160028700000000299e+02
6.743181500000001733e+02 6.131543000000000347e+02
6.754979200000001356e+02 6.104920299999999997e+02
6.771636500000001888e+02 6.080999199999999973e+02
6.793249300000002222e+02 6.060602099999999837e+02
6.819932800000002544e+02 6.044567399999999679e+02
6.851804800000002160e+02 6.033717599999999948e+02
6.883320500000002085e+02 6.025737699999999677e+02
6.913478900000002341e+02 6.024437000000000353e+02
6.941909000000002834e+02 6.029108999999999696e+02
6.968300200000003315e+02 6.039108699999999317e+02
6.992322100000003502e+02 6.053735300000000734e+02
7.013641100000003235e+02 6.072302400000000944e+02
7.031948700000003782e+02 6.094165600000000040e+02
7.046892600000003313e+02 6.118621400000000676e+02
7.065405400000003056e+02 6.172653400000000374e+02
7.068314600000003338e+02 6.200880500000000666e+02
7.066572000000003300e+02 6.228983500000000504e+02
7.059811800000003359e+02 6.256317100000001119e+02
7.047742000000002918e+02 6.282177500000000236e+02
7.030010700000002544e+02 6.305920600000000604e+02
7.006307900000002746e+02 6.326842500000000200e+02
6.982337400000002390e+02 6.343231900000000678e+02
6.955933200000002898e+02 6.355243700000000899e+02
6.927874700000003259e+02 6.362623200000000452e+02
6.898945200000002842e+02 6.365059800000000223e+02
6.898947399999999561e+02 6.365058699999999590e+02
