7.218656300000000101e+02 6.086586399999999912e+02
7.185005899999999883e+02 6.085050699999999324e+02
7.154920700000000124e+02 6.077095799999999599e+02
7.128475799999999936e+02 6.063540100000000166e+02
7.105807599999999411e+02 6.045205599999999322e+02
7.087052199999999402e+02 6.022931100000000697e+02
7.072305199999999559e+02 5.997557600000000093e+02
7.061681899999999814e+02 5.969904500000000098e+02
7.055319700000000012e+02 5.940793800000000147e+02
7.053312499999999545e+02 5.911064400000000205e+02
7.055796199999999772e+02 5.881555200000000241e+02
7.062890499999999747e+02 5.853070700000000670e+02
7.074688099999999622e+02 5.826447900000000573e+02
7.091344399999999268e+02 5.802526700000000801e+02
7.112957299999999350e+02 5.782129700000000412e+02
7.139641699999999673e+02 5.766095100000000002e+02
7.171513699999999290e+02 5.755245300000001407e+02
7.203029499999998961e+02 5.747264400000001388e+02
7.233187899999999217e+02 5.745963700000000927e+02
7.261617999999999711e+02 5.750635700000000270e+02
7.288009200000000192e+02 5.760636300000001029e+02
7.312031100000000379e+02 5.775261900000000423e+02
7.333350199999999859e+02 5.793829100000000381e+02
7.351657800000000407e+02 5.815692200000000867e+02
7.366601500000000442e+02 5.840149100000000999e+02
7.385114500000000817e+02 5.894180100000000948e+02
7.388022700000001350e+02 5.922407100000000355e+02
7.386280100000001312e+02 5.950510100000001330e+02
7.379520800000001373e+02 5.977843700000000808e+02
7.367449900000001435e+02 6.003705000000001064e+02
7.349719600000001947e+02 6.027448300000000927e+02
7.326015900000002148e+02 6.048369100000001026e+02
7.302046300000001793e+02 6.064759600000001001e+02
7.275641300000002047e+02 6.076770300000000589e+02
7.247583700000002409e+02 6.084149900000001026e+02
7.218653300000001991e+02 6.086586400000001049e+02
7.218656300000000101e+02 6.086586399999999912e+02
