1.001548300000000040e+03 3.048519800000000259e+02
9.981832300000000942e+02 3.046984300000000303e+02
9.951747100000001183e+02 3.039029199999999946e+02
9.925303200000000743e+02 3.025473700000000008e+02
9.902634000000000469e+02 3.007139200000000301e+02
9.883879600000000210e+02 2.984864700000000539e+02
9.869132500000000618e+02 2.959491200000001072e+02
9.858509200000000874e+02 2.931838100000001077e+02
9.852147100000000819e+02 2.902727300000001378e+02
9.850139900000000353e+02 2.872997000000001435e+02
9.852627499999999827e+02 2.843489900000001853e+02
9.859720899999999801e+02 2.815003300000001900e+02
9.871518499999999676e+02 2.788381500000001552e+02
9.888175800000000208e+02 2.764460400000001528e+02
9.909787599999999657e+02 2.744063300000001391e+02
9.936471999999999980e+02 2.728028600000001234e+02
9.968344100000000481e+02 2.717178800000001502e+02
9.999859800000000405e+02 2.709198000000001230e+02
1.003001800000000003e+03 2.707897200000001021e+02
1.005844799999999964e+03 2.712568200000000616e+02
1.008483899999999949e+03 2.722569800000001123e+02
1.010886099999999942e+03 2.737195400000001655e+02
1.013017999999999915e+03 2.755762500000001864e+02
1.014848799999999869e+03 2.777625700000002098e+02
1.016343099999999822e+03 2.802082400000001599e+02
1.018194499999999834e+03 2.856113500000001295e+02
1.018484999999999786e+03 2.884340600000001587e+02
1.018310699999999770e+03 2.912443500000001677e+02
1.017634699999999725e+03 2.939777200000002040e+02
1.016427699999999732e+03 2.965638600000002043e+02
1.014654699999999707e+03 2.989381700000002411e+02
1.012284299999999689e+03 3.010302600000002258e+02
1.009887399999999730e+03 3.026693000000002485e+02
1.007246899999999755e+03 3.038703700000002073e+02
1.004441099999999778e+03 3.046083300000002509e+02
1.001548099999999749e+03 3.048518800000002784e+02
1.001548300000000040e+03 3.048519800000000259e+02
