8.181441099999999551e+02 5.200280500000000075e+02
8.147790699999999333e+02 5.198745000000000118e+02
8.117704499999999825e+02 5.190789899999999761e+02
8.091260599999999386e+02 5.177234399999999823e+02
8.068592399999998861e+02 5.158899900000000116e+02
8.049836999999998852e+02 5.136625300000000607e+02
8.035089899999999261e+02 5.111251800000000003e+02
8.024467699999999013e+02 5.083598799999999756e+02
8.018104499999999462e+02 5.054488099999999804e+02
8.016098199999998997e+02 5.024758799999999610e+02
8.018584899999998470e+02 4.995250499999999647e+02
8.025678299999998444e+02 4.966764899999999443e+02
8.037476899999998068e+02 4.940142199999999661e+02
8.054133099999997967e+02 4.916221999999999639e+02
8.075745899999998301e+02 4.895824999999999818e+02
8.102430299999998624e+02 4.879790399999999977e+02
8.134302499999998872e+02 4.868939599999999928e+02
8.165818199999998797e+02 4.860959699999999657e+02
8.195976599999999053e+02 4.859658899999999448e+02
8.224406699999999546e+02 4.864330999999999676e+02
8.250797799999999143e+02 4.874331699999999614e+02
8.274819799999999077e+02 4.888957299999999577e+02
8.296138799999998810e+02 4.907524299999999471e+02
8.314446299999998473e+02 4.929388599999999201e+02
8.329389199999998254e+02 4.953844299999998952e+02
8.347902099999997745e+02 5.007875199999999154e+02
8.350811299999998027e+02 5.036102399999999193e+02
8.349068699999997989e+02 5.064205399999999031e+02
8.342308499999998048e+02 5.091538899999998762e+02
8.330238599999997859e+02 5.117400399999998513e+02
8.312507299999997485e+02 5.141143399999998564e+02
8.288804599999997436e+02 5.162064499999999043e+02
8.264834999999997081e+02 5.178454899999999270e+02
8.238429899999997588e+02 5.190465699999998606e+02
8.210371399999997948e+02 5.197844999999998663e+02
8.181441899999997531e+02 5.200281699999998182e+02
8.181441099999999551e+02 5.200280500000000075e+02
