9.381839599999999564e+02 3.610103399999999851e+02
9.348189299999999093e+02 3.608567899999999895e+02
9.318103999999999587e+02 3.600612899999999854e+02
9.291659099999999398e+02 3.587057299999999600e+02
9.268991899999999760e+02 3.568722899999999640e+02
9.250236499999999751e+02 3.546448299999999563e+02
9.235489499999999907e+02 3.521074899999999843e+02
9.224867199999999912e+02 3.493421899999999596e+02
9.218504100000000108e+02 3.464311000000000149e+02
9.216496899999999641e+02 3.434580700000000206e+02
9.218984399999999368e+02 3.405073600000000624e+02
9.226077799999999343e+02 3.376587900000000673e+02
9.237875499999998965e+02 3.349965200000000323e+02
9.254532799999999497e+02 3.326044100000000299e+02
9.276145599999999831e+02 3.305647000000000162e+02
9.302830000000000155e+02 3.289612399999999752e+02
9.334701099999999769e+02 3.278762399999999388e+02
9.366216699999999946e+02 3.270782499999999118e+02
9.396375100000000202e+02 3.269481899999999541e+02
9.424805400000000191e+02 3.274153000000000020e+02
9.451197500000000673e+02 3.284153800000000274e+02
9.475218500000000859e+02 3.298779200000000174e+02
9.496537500000000591e+02 3.317346400000000131e+02
9.514845100000001139e+02 3.339209600000000364e+02
9.529788800000001174e+02 3.363666299999999865e+02
9.548301700000000665e+02 3.417698299999999563e+02
9.551206900000000815e+02 3.445924400000000105e+02
9.549464400000000524e+02 3.474027499999999691e+02
9.542704100000000835e+02 3.501360899999999674e+02
9.530634200000000646e+02 3.527222399999999425e+02
9.512904000000000906e+02 3.550964499999999475e+02
9.489200200000001360e+02 3.571886499999999387e+02
9.465230700000001889e+02 3.588275899999999297e+02
9.438825600000002396e+02 3.600287599999999202e+02
9.410768000000002758e+02 3.607667099999999323e+02
9.381838600000003225e+02 3.610103799999999410e+02
9.381839599999999564e+02 3.610103399999999851e+02
