7.427709899999999834e+02 5.363789500000000317e+02
7.394059599999999364e+02 5.362254000000000360e+02
7.363973299999998972e+02 5.354298900000000003e+02
7.337529499999999416e+02 5.340743299999999181e+02
7.314861199999999144e+02 5.322408900000000358e+02
7.296105899999998883e+02 5.300134299999999712e+02
7.281358799999999292e+02 5.274760799999999108e+02
7.270736499999999296e+02 5.247107899999999745e+02
7.264373399999999492e+02 5.217997000000000298e+02
7.262366099999999278e+02 5.188267699999998968e+02
7.264849699999999757e+02 5.158759499999998752e+02
7.271943099999999731e+02 5.130273799999999937e+02
7.283741800000000239e+02 5.103651199999999335e+02
7.300398000000000138e+02 5.079729999999999563e+02
7.322010900000000220e+02 5.059332899999999427e+02
7.348695199999999659e+02 5.043299199999999587e+02
7.380567399999999907e+02 5.032448499999999854e+02
7.412083000000000084e+02 5.024468599999999583e+02
7.442241400000000340e+02 5.023167899999999690e+02
7.470671500000000833e+02 5.027839899999999602e+02
7.497062600000000430e+02 5.037840599999999540e+02
7.521083600000000615e+02 5.052466199999999503e+02
7.542403600000000097e+02 5.071033399999999460e+02
7.560711099999999760e+02 5.092897499999999695e+02
7.575653999999999542e+02 5.117353299999999763e+02
7.594166999999999916e+02 5.171384299999999712e+02
7.597076100000000451e+02 5.199611399999998866e+02
7.595333600000000160e+02 5.227714399999999841e+02
7.588574300000000221e+02 5.255047999999999320e+02
7.576503400000000283e+02 5.280909399999999323e+02
7.558772200000000794e+02 5.304651499999999942e+02
7.535069400000000996e+02 5.325573399999999538e+02
7.511099800000000641e+02 5.341963899999999512e+02
7.484694700000001149e+02 5.353974599999999100e+02
7.456636200000001509e+02 5.361354099999999789e+02
7.427707700000001978e+02 5.363790799999999308e+02
7.427709899999999834e+02 5.363789500000000317e+02
