7.116966700000000401e+02 5.644708100000000286e+02
7.083316300000000183e+02 5.643172399999999698e+02
7.053231100000000424e+02 5.635217599999999720e+02
7.026786200000000235e+02 5.621661899999999150e+02
7.004118100000000595e+02 5.603326399999999694e+02
6.985362600000000839e+02 5.581052799999999934e+02
6.970615600000000995e+02 5.555679299999999330e+02
6.959993300000001000e+02 5.528026399999999967e+02
6.953630100000001448e+02 5.498915600000000268e+02
6.951623000000001866e+02 5.469185199999999440e+02
6.954106600000002345e+02 5.439676999999999225e+02
6.961200800000002573e+02 5.411192499999999654e+02
6.972998500000002196e+02 5.384569699999999557e+02
6.989654800000001842e+02 5.360648499999999785e+02
7.011267600000002176e+02 5.340251499999999396e+02
7.037952100000002247e+02 5.324216799999999239e+02
7.069824100000001863e+02 5.313367099999999255e+02
7.101339700000002040e+02 5.305387199999998984e+02
7.131498200000002043e+02 5.304086399999998775e+02
7.159928400000002284e+02 5.308757499999999254e+02
7.186319500000001881e+02 5.318758299999999508e+02
7.210340500000002066e+02 5.333383599999999660e+02
7.231660500000001548e+02 5.351950899999999365e+02
7.249968000000001211e+02 5.373815199999999095e+02
7.264911900000000742e+02 5.398270999999999731e+02
7.283423800000000483e+02 5.452301799999999048e+02
7.286333000000000766e+02 5.480528999999999087e+02
7.284590500000000475e+02 5.508631999999998925e+02
7.277831200000000536e+02 5.535965499999998656e+02
7.265761300000000347e+02 5.561827099999998154e+02
7.248030100000000857e+02 5.585569199999998773e+02
7.224326300000001311e+02 5.606490999999998621e+02
7.200356800000001840e+02 5.622880499999998847e+02
7.173951600000001463e+02 5.634892199999999320e+02
7.145893100000001823e+02 5.642271599999999125e+02
7.116964600000002292e+02 5.644708399999998392e+02
7.116966700000000401e+02 5.644708100000000286e+02
