8.724135499999999865e+02 4.222305900000000065e+02
8.690486200000000281e+02 4.220770499999999856e+02
8.660400100000000521e+02 4.212814300000000003e+02
8.633956100000000333e+02 4.199259799999999814e+02
8.611287899999999809e+02 4.180925399999999854e+02
8.592532499999999800e+02 4.158650799999999776e+02
8.577785400000000209e+02 4.133277199999999993e+02
8.567162100000000464e+02 4.105624099999999999e+02
8.560800100000000157e+02 4.076512500000000045e+02
8.558792899999999690e+02 4.046783100000000104e+02
8.561280499999999165e+02 4.017275000000000205e+02
8.568373899999999139e+02 3.988789400000000001e+02
8.580171499999999014e+02 3.962166599999999903e+02
8.596828699999998662e+02 3.938246499999999628e+02
8.618440499999998110e+02 3.917849299999999744e+02
8.645125899999998182e+02 3.901814799999999650e+02
8.676997199999998429e+02 3.890963899999999853e+02
8.708512799999998606e+02 3.882983999999999583e+02
8.738671199999998862e+02 3.881683299999999690e+02
8.767101399999999103e+02 3.886354299999999853e+02
8.793493599999999333e+02 3.896355100000000107e+02
8.817514399999998886e+02 3.910981500000000324e+02
8.838834399999998368e+02 3.929548800000000597e+02
8.857141099999998914e+02 3.951411900000000514e+02
8.872084899999998697e+02 3.975867700000000582e+02
8.890597799999998188e+02 4.029899700000000848e+02
8.893505899999997837e+02 4.058126700000000824e+02
8.891764399999997295e+02 4.086229800000000978e+02
8.885004099999997607e+02 4.113563400000001025e+02
8.872934299999997165e+02 4.139423900000001026e+02
8.855202999999996791e+02 4.163166900000001078e+02
8.831499299999996992e+02 4.184087800000000925e+02
8.807529699999996637e+02 4.200478200000001152e+02
8.781124699999996892e+02 4.212489000000001056e+02
8.753066999999996369e+02 4.219869500000000926e+02
8.724137699999996585e+02 4.222305100000000948e+02
8.724135499999999865e+02 4.222305900000000065e+02
