8.085192600000000311e+02 4.778598299999999881e+02
8.051543300000000727e+02 4.777062799999999925e+02
8.021457100000001219e+02 4.769107700000000136e+02
7.995012200000001030e+02 4.755552099999999882e+02
7.972345100000001139e+02 4.737216699999999605e+02
7.953589600000001383e+02 4.714943199999999592e+02
7.938842500000001792e+02 4.689569699999999557e+02
7.928219200000002047e+02 4.661916599999999562e+02
7.921857100000001992e+02 4.632805899999999610e+02
7.919849900000001526e+02 4.603075499999999352e+02
7.922333600000001752e+02 4.573567299999999136e+02
7.929426800000002231e+02 4.545082699999999249e+02
7.941224500000001854e+02 4.518459899999999152e+02
7.957881800000002386e+02 4.494538799999999128e+02
7.979494600000002720e+02 4.474141799999999307e+02
8.006179000000003043e+02 4.458107199999999466e+02
8.038051200000003291e+02 4.447256399999999417e+02
8.069566800000003468e+02 4.439276499999999146e+02
8.099724200000003975e+02 4.437976599999998939e+02
8.128155400000003965e+02 4.442647799999999165e+02
8.154546600000004446e+02 4.452647399999999038e+02
8.178567500000004884e+02 4.467273799999999255e+02
8.199887500000004366e+02 4.485841099999999528e+02
8.218194100000004028e+02 4.507704199999999446e+02
8.233138000000003558e+02 4.532160099999999261e+02
8.251650800000003301e+02 4.586191999999999211e+02
8.254560000000003583e+02 4.614419199999999250e+02
8.252817400000003545e+02 4.642522199999999089e+02
8.246057200000003604e+02 4.669855699999998819e+02
8.233987300000003415e+02 4.695717099999998823e+02
8.216256100000003926e+02 4.719459199999998873e+02
8.192553200000004381e+02 4.740381299999999101e+02
8.168583800000004658e+02 4.756770699999999010e+02
8.142178600000004280e+02 4.768782399999998916e+02
8.114121000000004642e+02 4.776161999999998784e+02
8.085190600000004224e+02 4.778598499999998808e+02
8.085192600000000311e+02 4.778598299999999881e+02
