9.857268000000000256e+02 4.170252100000000155e+02
9.823621900000000551e+02 4.168637600000000134e+02
9.793554000000000315e+02 4.160610700000000293e+02
9.767141300000000683e+02 4.146993500000000381e+02
9.744517400000000862e+02 4.128605700000000525e+02
9.725814000000000306e+02 4.106287700000000314e+02
9.711126000000000431e+02 4.080878800000000410e+02
9.700568400000000793e+02 4.053201600000000440e+02
9.694274700000000848e+02 4.024075700000000211e+02
9.692338600000000497e+02 3.994342200000000389e+02
9.694894100000000208e+02 3.964839800000000309e+02
9.702054799999999659e+02 3.936371100000000069e+02
9.713915399999999636e+02 3.909776100000000270e+02
9.730628100000000131e+02 3.885894600000000310e+02
9.752288800000000037e+02 3.865548200000000065e+02
9.779010399999999663e+02 3.849576999999999884e+02
9.810908200000000079e+02 3.838800499999999829e+02
9.842442399999999907e+02 3.830894799999999805e+02
9.872604099999999789e+02 3.829662199999999643e+02
9.901022699999999759e+02 3.834399799999999914e+02
9.927390500000000202e+02 3.844463200000000143e+02
9.951377899999999954e+02 3.859145399999999881e+02
9.972653199999999742e+02 3.877761899999999855e+02
9.990909899999999197e+02 3.899668599999999969e+02
1.000579599999999914e+03 3.924159599999999841e+02
1.002418199999999956e+03 3.978234099999999671e+02
1.002702199999999948e+03 4.006468299999999658e+02
1.002521599999999921e+03 4.034567699999999491e+02
1.001839099999999917e+03 4.061884399999999573e+02
1.000626099999999951e+03 4.087717099999999846e+02
9.988474299999999175e+02 4.111418600000000083e+02
9.964721399999999676e+02 4.132283899999999903e+02
9.940713700000000017e+02 4.148617800000000102e+02
9.914280300000000352e+02 4.160567199999999843e+02
9.886205100000000812e+02 4.167880499999999984e+02
9.857270400000001018e+02 4.170249099999999771e+02
9.857268000000000256e+02 4.170252100000000155e+02
