7.779458700000000135e+02 5.057275000000000205e+02
7.745809199999999919e+02 5.055740600000000313e+02
7.715723000000000411e+02 5.047785500000000525e+02
7.689279099999999971e+02 5.034230000000000587e+02
7.666611000000000331e+02 5.015894500000000562e+02
7.647855500000000575e+02 4.993620900000000802e+02
7.633107600000000730e+02 4.968246400000001017e+02
7.622486100000000988e+02 4.940594500000000835e+02
7.616123100000000932e+02 4.911482700000000818e+02
7.614115900000000465e+02 4.881753300000000877e+02
7.616599500000000944e+02 4.852245100000000662e+02
7.623692900000000918e+02 4.823759500000000457e+02
7.635490500000000793e+02 4.797136700000000360e+02
7.652147700000000441e+02 4.773216600000000085e+02
7.673760500000000775e+02 4.752819600000000264e+02
7.700444900000001098e+02 4.736784900000000107e+02
7.732317000000001599e+02 4.725935200000000123e+02
7.763832800000001271e+02 4.717954200000000355e+02
7.793991200000001527e+02 4.716653500000000463e+02
7.822421300000002020e+02 4.721325600000000691e+02
7.848812400000001617e+02 4.731326300000000629e+02
7.872833300000002055e+02 4.745952700000000846e+02
7.894153400000002421e+02 4.764518900000001054e+02
7.912459900000002335e+02 4.786383000000001289e+02
7.927403800000001866e+02 4.810838800000001356e+02
7.945916600000001608e+02 4.864870800000001623e+02
7.948825800000001891e+02 4.893097900000001346e+02
7.947083200000001852e+02 4.921201000000001500e+02
7.940324000000001661e+02 4.948534500000001231e+02
7.928253200000001470e+02 4.974394900000001485e+02
7.910521900000001096e+02 4.998138000000001284e+02
7.886819200000001047e+02 5.019059000000001447e+02
7.862849600000000692e+02 5.035449500000001422e+02
7.836444400000000314e+02 5.047461200000001327e+02
7.808386800000000676e+02 5.054840700000001448e+02
7.779456500000001142e+02 5.057276300000001470e+02
7.779458700000000135e+02 5.057275000000000205e+02
