8.420037499999999682e+02 4.488436500000000251e+02
8.386387099999999464e+02 4.486900899999999979e+02
8.356301899999999705e+02 4.478946000000000254e+02
8.329856999999999516e+02 4.465390300000000252e+02
8.307188899999999876e+02 4.447054800000000228e+02
8.288433400000000120e+02 4.424781200000000467e+02
8.273686300000000529e+02 4.399407700000000432e+02
8.263064000000000533e+02 4.371754800000000500e+02
8.256700900000000729e+02 4.342644000000000233e+02
8.254693800000001147e+02 4.312913700000000290e+02
8.257181400000000622e+02 4.283405500000000075e+02
8.264274700000000848e+02 4.254920799999999872e+02
8.276073300000000472e+02 4.228298100000000090e+02
8.292729600000000119e+02 4.204377099999999814e+02
8.314342400000000453e+02 4.183979899999999930e+02
8.341026699999999892e+02 4.167946299999999837e+02
8.372898900000000140e+02 4.157095499999999788e+02
8.404414600000000064e+02 4.149115599999999517e+02
8.434573100000000068e+02 4.147813899999999308e+02
8.463003200000000561e+02 4.152485899999999219e+02
8.489394300000000158e+02 4.162486599999999157e+02
8.513415300000000343e+02 4.177112099999999373e+02
8.534735299999999825e+02 4.195679299999999330e+02
8.553043000000000120e+02 4.217542499999999563e+02
8.567986700000000155e+02 4.241999299999999380e+02
8.586499700000000530e+02 4.296030299999999329e+02
8.589403800000000047e+02 4.324257299999999304e+02
8.587662199999999757e+02 4.352360399999999458e+02
8.580901999999999816e+02 4.379693899999999189e+02
8.568832099999999627e+02 4.405555399999998940e+02
8.551100900000000138e+02 4.429297399999998675e+02
8.527398100000000341e+02 4.450219399999998586e+02
8.503427599999999984e+02 4.466608699999998748e+02
8.477023400000000493e+02 4.478620599999998717e+02
8.448964900000000853e+02 4.485999999999998522e+02
8.420035400000000436e+02 4.488436599999998293e+02
8.420037499999999682e+02 4.488436500000000251e+02
