6.803753400000000511e+02 5.955403099999999768e+02
6.770103000000000293e+02 5.953867499999998927e+02
6.740017800000000534e+02 5.945912499999999454e+02
6.713572900000000345e+02 5.932356800000000021e+02
6.690904800000000705e+02 5.914021399999999176e+02
6.672149300000000949e+02 5.891747899999999163e+02
6.657402300000001105e+02 5.866374299999999948e+02
6.646780000000001110e+02 5.838721399999999448e+02
6.640417000000001053e+02 5.809609499999999116e+02
6.638409700000000839e+02 5.779880200000000059e+02
6.640897200000000566e+02 5.750372999999999593e+02
6.647991600000000290e+02 5.721887500000000273e+02
6.659789299999999912e+02 5.695264700000000175e+02
6.676445499999999811e+02 5.671343600000000151e+02
6.698058399999999892e+02 5.650946400000000267e+02
6.724742699999999331e+02 5.634912799999999606e+02
6.756614899999999579e+02 5.624061999999998989e+02
6.788130499999999756e+02 5.616082099999998718e+02
6.818288099999999758e+02 5.614780399999999645e+02
6.846718999999999369e+02 5.619453499999999622e+02
6.873110299999999597e+02 5.629453099999998358e+02
6.897131099999999151e+02 5.644079599999998891e+02
6.918451199999999517e+02 5.662646799999998848e+02
6.936757799999999179e+02 5.684509999999999081e+02
6.951702599999998711e+02 5.708965799999998580e+02
6.970214499999998452e+02 5.762997799999999415e+02
6.973123599999998987e+02 5.791224899999999707e+02
6.971381099999998696e+02 5.819327899999998408e+02
6.964621799999998757e+02 5.846661499999999023e+02
6.952550899999998819e+02 5.872522899999999026e+02
6.934820699999999078e+02 5.896264999999998508e+02
6.911116899999999532e+02 5.917186899999999241e+02
6.887147400000000061e+02 5.933576399999999467e+02
6.860742199999999684e+02 5.945588099999999940e+02
6.832684699999999793e+02 5.952967599999999493e+02
6.803755199999999377e+02 5.955404199999999264e+02
6.803753400000000511e+02 5.955403099999999768e+02
