9.057022100000000364e+02 3.922100699999999733e+02
9.023372699999999895e+02 3.920565199999999777e+02
8.993286600000000135e+02 3.912609099999999671e+02
8.966841600000000199e+02 3.899054499999999734e+02
8.944174400000000560e+02 3.880720199999999522e+02
8.925418000000000802e+02 3.858445499999999697e+02
8.910670900000001211e+02 3.833072099999999978e+02
8.900048700000000963e+02 3.805418999999999983e+02
8.893686500000001161e+02 3.776308399999999779e+02
8.891678400000000693e+02 3.746577899999999772e+02
8.894166100000001052e+02 3.717069699999999557e+02
8.901260300000001280e+02 3.688585199999999418e+02
8.913058100000001787e+02 3.661961399999999571e+02
8.929715200000001687e+02 3.638041299999999296e+02
8.951327100000002019e+02 3.617644199999999159e+02
8.978011500000002343e+02 3.601609499999999002e+02
9.009883600000002843e+02 3.590759799999999018e+02
9.041399200000003020e+02 3.582779899999998747e+02
9.071557600000003276e+02 3.581479099999998539e+02
9.099987800000003517e+02 3.586150199999998449e+02
9.126380000000003747e+02 3.596150899999998387e+02
9.150399900000003299e+02 3.610776299999998287e+02
9.171720000000003665e+02 3.629343499999998244e+02
9.190027500000003329e+02 3.651207699999998226e+02
9.204971300000003112e+02 3.675663599999998041e+02
9.223484200000002602e+02 3.729695499999997992e+02
9.226389400000002752e+02 3.757921599999997966e+02
9.224646900000002461e+02 3.786024699999998120e+02
9.217886500000003025e+02 3.813359099999997852e+02
9.205816700000002584e+02 3.839219599999997854e+02
9.188085400000002210e+02 3.862962599999997906e+02
9.164382700000002160e+02 3.883883699999997816e+02
9.140412100000002056e+02 3.900273999999997727e+02
9.114007000000002563e+02 3.912284699999997883e+02
9.085949500000002672e+02 3.919664199999998004e+02
9.057020000000002256e+02 3.922100899999998092e+02
9.057022100000000364e+02 3.922100699999999733e+02
