7.348988500000000386e+02 4.925623299999999745e+02
7.315338199999999915e+02 4.924087699999999472e+02
7.285253000000000156e+02 4.916132699999999431e+02
7.258808099999999968e+02 4.902577099999999177e+02
7.236139899999999443e+02 4.884242699999999218e+02
7.217384499999999434e+02 4.861968099999999140e+02
7.202637399999999843e+02 4.836594599999999105e+02
7.192015099999999848e+02 4.808941699999999173e+02
7.185652000000000044e+02 4.779830799999999158e+02
7.183644699999999830e+02 4.750101499999998964e+02
7.186128400000000056e+02 4.720593199999999001e+02
7.193222700000000032e+02 4.692107599999998797e+02
7.205020399999999654e+02 4.665484899999999016e+02
7.221676699999999300e+02 4.641563799999998992e+02
7.243289499999999634e+02 4.621166599999999107e+02
7.269973799999999073e+02 4.605132999999999015e+02
7.301845999999999322e+02 4.594282199999998966e+02
7.333361599999999498e+02 4.586302299999998695e+02
7.363520099999999502e+02 4.585001599999998803e+02
7.391950299999999743e+02 4.589672599999998965e+02
7.418341399999999339e+02 4.599673299999998903e+02
7.442362399999999525e+02 4.614298799999999119e+02
7.463682399999999006e+02 4.632865999999999076e+02
7.481989899999998670e+02 4.654730199999999058e+02
7.496933799999998200e+02 4.679185999999999126e+02
7.515446599999997943e+02 4.733217999999999392e+02
7.518351699999998345e+02 4.761445099999999115e+02
7.516609299999997802e+02 4.789547099999999205e+02
7.509848899999998366e+02 4.816881599999999253e+02
7.497779099999997925e+02 4.842742099999999255e+02
7.480047799999997551e+02 4.866485099999999306e+02
7.456345099999997501e+02 4.887406099999999469e+02
7.432375499999997146e+02 4.903796499999999696e+02
7.405970499999997401e+02 4.915807299999999600e+02
7.377911899999996876e+02 4.923186699999999405e+02
7.348982499999997344e+02 4.925623299999999176e+02
7.348988500000000386e+02 4.925623299999999745e+02
