7.988370899999999892e+02 4.348391599999999926e+02
7.954720599999999422e+02 4.346855999999999653e+02
7.924635299999999916e+02 4.338901099999999929e+02
7.898190399999999727e+02 4.325345499999999674e+02
7.875522199999999202e+02 4.307010899999999651e+02
7.856766799999999193e+02 4.284736399999999890e+02
7.842019799999999350e+02 4.259362899999999854e+02
7.831397499999999354e+02 4.231709899999999607e+02
7.825034399999999550e+02 4.202599099999999339e+02
7.823027199999999084e+02 4.172868699999999080e+02
7.825514699999998811e+02 4.143361599999998930e+02
7.832608099999998785e+02 4.114875999999998726e+02
7.844405799999998408e+02 4.088253199999998628e+02
7.861063099999998940e+02 4.064332099999998604e+02
7.882675899999999274e+02 4.043935099999998783e+02
7.909360299999999597e+02 4.027900499999998942e+02
7.941231399999999212e+02 4.017050599999998894e+02
7.972747999999999138e+02 4.009070799999998940e+02
8.002905399999999645e+02 4.007769899999998984e+02
8.031336699999999382e+02 4.012441099999999210e+02
8.057727799999998979e+02 4.022441699999999400e+02
8.081749599999999418e+02 4.037068299999999681e+02
8.103068799999999783e+02 4.055634499999999889e+02
8.121375299999999697e+02 4.077498499999999808e+02
8.136319099999999480e+02 4.101954399999999623e+02
8.154831999999998970e+02 4.155986299999999574e+02
8.157737099999999373e+02 4.184213399999999297e+02
8.155994699999998829e+02 4.212315499999999133e+02
8.149235299999999143e+02 4.239649999999999181e+02
8.137164499999998952e+02 4.265510399999999436e+02
8.119434199999999464e+02 4.289253599999999551e+02
8.095730499999999665e+02 4.310174499999999398e+02
8.071760899999999310e+02 4.326564999999999372e+02
8.045355899999999565e+02 4.338575699999999529e+02
8.017298199999999042e+02 4.345956199999999399e+02
7.988367899999999509e+02 4.348391799999999421e+02
7.988370899999999892e+02 4.348391599999999926e+02
