7.662366200000000163e+02 4.637865899999999897e+02
7.628715799999999945e+02 4.636330399999999941e+02
7.598630600000000186e+02 4.628375300000000152e+02
7.572186699999999746e+02 4.614819800000000214e+02
7.549518600000000106e+02 4.596484399999999937e+02
7.530763100000000350e+02 4.574210800000000177e+02
7.516015200000000505e+02 4.548836100000000329e+02
7.505392700000001014e+02 4.521184300000000462e+02
7.499030600000000959e+02 4.492073500000000195e+02
7.497023500000001377e+02 4.462343200000000252e+02
7.499511100000000852e+02 4.432835000000000036e+02
7.506604500000000826e+02 4.404349399999999832e+02
7.518402200000000448e+02 4.377726599999999735e+02
7.535059300000000349e+02 4.353806499999999460e+02
7.556672200000000430e+02 4.333409499999999639e+02
7.583355599999999868e+02 4.317374699999999734e+02
7.615227800000000116e+02 4.306523899999999685e+02
7.646743400000000292e+02 4.298543999999999414e+02
7.676901800000000549e+02 4.297243399999999269e+02
7.705331900000001042e+02 4.301915399999999181e+02
7.731724200000001019e+02 4.311915299999999434e+02
7.755745000000000573e+02 4.326541699999999651e+02
7.777064000000000306e+02 4.345108799999999860e+02
7.795371700000000601e+02 4.366972000000000094e+02
7.810315500000000384e+02 4.391427800000000161e+02
7.828828399999999874e+02 4.445459800000000428e+02
7.831736499999999523e+02 4.473686800000000403e+02
7.829993999999999232e+02 4.501789800000000241e+02
7.823234699999999293e+02 4.529123500000000035e+02
7.811163899999999103e+02 4.554983900000000290e+02
7.793433599999999615e+02 4.578727000000000089e+02
7.769729800000000068e+02 4.599648900000000253e+02
7.745760300000000598e+02 4.616038400000000479e+02
7.719355100000000220e+02 4.628050100000000384e+02
7.691297600000000330e+02 4.635429600000000505e+02
7.662368300000000545e+02 4.637865300000000275e+02
7.662366200000000163e+02 4.637865899999999897e+02
