7.042193300000000136e+02 5.212039800000000014e+02
7.008544000000000551e+02 5.210504300000000057e+02
6.978457900000000791e+02 5.202548300000000836e+02
6.952012900000000855e+02 5.188993600000000015e+02
6.929345800000000963e+02 5.170658300000000054e+02
6.910589300000001458e+02 5.148384599999999409e+02
6.895842300000001615e+02 5.123010100000000193e+02
6.885220100000001366e+02 5.095357200000000262e+02
6.878856900000001815e+02 5.066246300000000247e+02
6.876850600000001350e+02 5.036517100000000369e+02
6.879337300000000823e+02 5.007008800000000406e+02
6.886431700000000546e+02 4.978523300000000518e+02
6.898228300000000672e+02 4.951900300000000357e+02
6.914885500000000320e+02 4.927980400000000145e+02
6.936498300000000654e+02 4.907583200000000261e+02
6.963182700000000978e+02 4.891548600000000420e+02
6.995054900000001226e+02 4.880697800000000370e+02
7.026570600000001150e+02 4.872717900000000100e+02
7.056729000000001406e+02 4.871417200000000207e+02
7.085159100000001899e+02 4.876089200000000119e+02
7.111550400000002128e+02 4.886088900000000308e+02
7.135571200000001681e+02 4.900715400000000272e+02
7.156891200000001163e+02 4.919282600000000230e+02
7.175198900000001458e+02 4.941145800000000463e+02
7.190142600000001494e+02 4.965602600000000280e+02
7.208654600000000983e+02 5.019633400000000165e+02
7.211559700000001385e+02 5.047860600000000204e+02
7.209817100000001346e+02 5.075963600000000042e+02
7.203057900000001155e+02 5.103297200000000089e+02
7.190988000000000966e+02 5.129158700000000408e+02
7.173256700000000592e+02 5.152901699999999892e+02
7.149553000000000793e+02 5.173822599999999738e+02
7.125583300000000690e+02 5.190213099999999713e+02
7.099178300000000945e+02 5.202223799999999301e+02
7.071120800000001054e+02 5.209603299999999990e+02
7.042191300000000638e+02 5.212039999999999509e+02
7.042193300000000136e+02 5.212039800000000014e+02
