9.283263100000000350e+02 3.203410300000000461e+02
9.249612700000000132e+02 3.201874800000000505e+02
9.219527500000000373e+02 3.193919800000001032e+02
9.193082500000000437e+02 3.180365100000001348e+02
9.170414400000000796e+02 3.162029700000001640e+02
9.151658900000001040e+02 3.139756100000001879e+02
9.136911900000001197e+02 3.114381500000001779e+02
9.126289700000000948e+02 3.086728700000002164e+02
9.119926500000001397e+02 3.057617800000002717e+02
9.117919200000001183e+02 3.027888500000002523e+02
9.120406900000001542e+02 2.998380400000002055e+02
9.127501300000001265e+02 2.969894800000001851e+02
9.139298900000001140e+02 2.943272000000001754e+02
9.155955100000001039e+02 2.919351900000001478e+02
9.177568100000000868e+02 2.898953800000001593e+02
9.204252300000000560e+02 2.882920100000001185e+02
9.236124500000000808e+02 2.872069300000001704e+02
9.267640200000000732e+02 2.864089400000001433e+02
9.297798600000000988e+02 2.862788700000000972e+02
9.326228700000001481e+02 2.867460700000001452e+02
9.352620800000001964e+02 2.877461600000001454e+02
9.376640800000002400e+02 2.892086900000001606e+02
9.397960800000001882e+02 2.910654100000001563e+02
9.416268300000001545e+02 2.932518300000001545e+02
9.431212200000001076e+02 2.956974100000001044e+02
9.449725000000000819e+02 3.011006100000000743e+02
9.452629300000000967e+02 3.039232100000000401e+02
9.450887700000000677e+02 3.067335199999999986e+02
9.444127300000001242e+02 3.094669800000000350e+02
9.432057500000000800e+02 3.120530200000000605e+02
9.414326200000000426e+02 3.144273300000000972e+02
9.390622600000000375e+02 3.165194100000001072e+02
9.366652900000000272e+02 3.181584600000001046e+02
9.340247900000000527e+02 3.193595300000000634e+02
9.312190300000000889e+02 3.200974900000001071e+02
9.283260900000001357e+02 3.203411500000000842e+02
9.283263100000000350e+02 3.203410300000000461e+02
