8.662271799999999757e+02 3.762947300000000155e+02
8.628621499999999287e+02 3.761411800000000198e+02
8.598535299999999779e+02 3.753456700000000410e+02
8.572091199999999844e+02 3.739902100000000473e+02
8.549423199999999952e+02 3.721566700000000196e+02
8.530667799999999943e+02 3.699292100000000119e+02
8.515919699999999466e+02 3.673918500000000336e+02
8.505298399999999219e+02 3.646265700000000152e+02
8.498935299999999415e+02 3.617154800000000137e+02
8.496927999999999201e+02 3.587425499999999943e+02
8.499415699999999561e+02 3.557917299999999727e+02
8.506508999999999787e+02 3.529431599999999776e+02
8.518306699999999410e+02 3.502808800000000247e+02
8.534963999999999942e+02 3.478887899999999718e+02
8.556576800000000276e+02 3.458490699999999833e+02
8.583261099999999715e+02 3.442457100000000310e+02
8.615132300000000214e+02 3.431606199999999944e+02
8.646647900000000391e+02 3.423626299999999674e+02
8.676806400000000394e+02 3.422325599999999213e+02
8.705237600000000384e+02 3.426996699999999691e+02
8.731628699999999981e+02 3.436997400000000198e+02
8.755649600000000419e+02 3.451623900000000731e+02
8.776969599999999900e+02 3.470191100000000688e+02
8.795276199999999562e+02 3.492054200000001174e+02
8.810220099999999093e+02 3.516510000000000673e+02
8.828732899999998835e+02 3.570542000000000940e+02
8.831638099999998985e+02 3.598769100000000662e+02
8.829895499999998947e+02 3.626872100000000501e+02
8.823135199999999259e+02 3.654205500000000484e+02
8.811066399999999703e+02 3.680066200000000549e+02
8.793335099999999329e+02 3.703809200000000601e+02
8.769631499999999278e+02 3.724730100000000448e+02
8.745661799999999175e+02 3.741120600000000422e+02
8.719256699999999682e+02 3.753132300000000328e+02
8.691199100000000044e+02 3.760511800000000449e+02
8.662269800000000259e+02 3.762947400000000471e+02
8.662271799999999757e+02 3.762947300000000155e+02
