9.583988500000000386e+02 2.918696700000000419e+02
9.550339200000000801e+02 2.917161300000000210e+02
9.520252900000000409e+02 2.909206300000000738e+02
9.493808099999999968e+02 2.895650600000001305e+02
9.471140799999999444e+02 2.877316200000001345e+02
9.452385499999999183e+02 2.855041700000001583e+02
9.437637399999998706e+02 2.829668100000001232e+02
9.427015099999998711e+02 2.802015100000000984e+02
9.420652999999998656e+02 2.772904400000001033e+02
9.418645799999998189e+02 2.743174100000001090e+02
9.421133399999997664e+02 2.713666900000000624e+02
9.428226699999997891e+02 2.685181200000000672e+02
9.440024399999997513e+02 2.658558300000000827e+02
9.456681699999998045e+02 2.634637400000000298e+02
9.478294499999998379e+02 2.614240300000000161e+02
9.504978799999997818e+02 2.598206700000000637e+02
9.536849999999998317e+02 2.587355800000000272e+02
9.568366599999998243e+02 2.579375999999999749e+02
9.598525099999998247e+02 2.578075299999999288e+02
9.626955199999998740e+02 2.582747299999999768e+02
9.653346299999998337e+02 2.592748000000000275e+02
9.677367199999998775e+02 2.607373400000000174e+02
9.698687299999999141e+02 2.625940699999999879e+02
9.716993899999998803e+02 2.647803800000000365e+02
9.731937599999998838e+02 2.672260600000000750e+02
9.750450499999998328e+02 2.726292500000000700e+02
9.753355699999998478e+02 2.754518600000001243e+02
9.751613199999998187e+02 2.782621700000000828e+02
9.744852799999998751e+02 2.809956100000000561e+02
9.732782999999998310e+02 2.835816600000000562e+02
9.715052799999998570e+02 2.859558800000000929e+02
9.691348999999999023e+02 2.880480700000000525e+02
9.667379399999998668e+02 2.896871100000000752e+02
9.640974299999999175e+02 2.908881900000001224e+02
9.612916799999999284e+02 2.916261400000000776e+02
9.583986399999998866e+02 2.918697900000000800e+02
9.583988500000000386e+02 2.918696700000000419e+02
