9.944401400000000422e+02 2.622163600000000088e+02
9.910750900000000456e+02 2.620628900000000385e+02
9.880664800000000696e+02 2.612672800000000279e+02
9.854220800000000509e+02 2.599118399999999838e+02
9.831552700000000868e+02 2.580782799999999497e+02
9.812797300000000860e+02 2.558508299999999736e+02
9.798049300000001267e+02 2.533134699999999384e+02
9.787428000000001020e+02 2.505481799999998884e+02
9.781064800000001469e+02 2.476371099999998933e+02
9.779057600000001003e+02 2.446641699999998991e+02
9.781545200000000477e+02 2.417133499999998776e+02
9.788638600000000451e+02 2.388647899999998572e+02
9.800436300000000074e+02 2.362025099999998474e+02
9.817093399999999974e+02 2.338104999999998199e+02
9.838706399999999803e+02 2.317706999999998061e+02
9.865390699999999242e+02 2.301673399999998537e+02
9.897261899999999741e+02 2.290822499999998172e+02
9.928777499999999918e+02 2.282842599999997901e+02
9.958935900000000174e+02 2.281541799999997693e+02
9.987367199999999912e+02 2.286212999999997919e+02
1.001375800000000027e+03 2.296213699999998425e+02
1.003777900000000045e+03 2.310839099999998325e+02
1.005909899999999993e+03 2.329407399999997779e+02
1.007740599999999972e+03 2.351270399999997380e+02
1.009235000000000014e+03 2.375726299999997764e+02
1.011086199999999963e+03 2.429758199999997714e+02
1.011376800000000003e+03 2.457985199999998258e+02
1.011202499999999986e+03 2.486088399999998728e+02
1.010526600000000030e+03 2.513421899999998459e+02
1.009319500000000062e+03 2.539282199999998966e+02
1.007546500000000037e+03 2.563025499999998829e+02
1.005176100000000019e+03 2.583947299999998677e+02
1.002779099999999971e+03 2.600336799999998902e+02
1.000138599999999997e+03 2.612347499999998490e+02
9.973328699999999571e+02 2.619728099999998676e+02
9.944399300000000039e+02 2.622163699999998698e+02
9.944401400000000422e+02 2.622163600000000088e+02
