7.911148600000000215e+02 3.946215100000000007e+02
7.877498100000000250e+02 3.944680500000000052e+02
7.847412000000000489e+02 3.936724399999999946e+02
7.820968000000000302e+02 3.923169899999999757e+02
7.798299900000000662e+02 3.904834399999999732e+02
7.779544500000000653e+02 3.882559899999999971e+02
7.764797500000000809e+02 3.857186399999999935e+02
7.754174000000000433e+02 3.829534400000000005e+02
7.747812000000000126e+02 3.800422599999999989e+02
7.745804799999999659e+02 3.770693200000000047e+02
7.748292399999999134e+02 3.741185100000000148e+02
7.755385799999999108e+02 3.712699499999999944e+02
7.767183499999998730e+02 3.686076699999999846e+02
7.783840599999998631e+02 3.662156599999999571e+02
7.805453399999998965e+02 3.641759599999999750e+02
7.832137899999999036e+02 3.625724899999999593e+02
7.864009099999999535e+02 3.614873999999999796e+02
7.895525699999999460e+02 3.606894299999999589e+02
7.925683099999999968e+02 3.605593399999999633e+02
7.954114200000000210e+02 3.610265599999999608e+02
7.980505299999999806e+02 3.620266199999999799e+02
8.004526299999999992e+02 3.634891599999999698e+02
8.025846199999999726e+02 3.653459799999999973e+02
8.044153900000000021e+02 3.675323000000000206e+02
8.059096700000000055e+02 3.699778800000000274e+02
8.077609499999999798e+02 3.753810800000000540e+02
8.080514799999999696e+02 3.782036800000000767e+02
8.078772099999999909e+02 3.810140800000000922e+02
8.072012899999999718e+02 3.837474500000000717e+02
8.059943099999999276e+02 3.863334900000000971e+02
8.042211799999998902e+02 3.887078000000000770e+02
8.018508099999999104e+02 3.907999000000000933e+02
7.994538499999998749e+02 3.924389300000000844e+02
7.968133399999999256e+02 3.936400000000001000e+02
7.940075899999999365e+02 3.943779600000000869e+02
7.911146399999998948e+02 3.946216300000000956e+02
7.911148600000000215e+02 3.946215100000000007e+02
