8.223116499999999860e+02 3.662884999999999991e+02
8.189467099999999391e+02 3.661349599999999782e+02
8.159380899999999883e+02 3.653394499999999994e+02
8.132935899999999947e+02 3.639839900000000057e+02
8.110268800000000056e+02 3.621504499999999780e+02
8.091512400000000298e+02 3.599229899999999702e+02
8.076765400000000454e+02 3.573856299999999919e+02
8.066143100000000459e+02 3.546203399999999988e+02
8.059780900000000656e+02 3.517092599999999720e+02
8.057773700000000190e+02 3.487363299999999526e+02
8.060257300000000669e+02 3.457855099999999311e+02
8.067350700000000643e+02 3.429369399999999359e+02
8.079148300000000518e+02 3.402746599999999262e+02
8.095805500000000166e+02 3.378826599999998734e+02
8.117418400000000247e+02 3.358428499999998849e+02
8.144101699999999937e+02 3.342394799999998440e+02
8.175973900000000185e+02 3.331543999999998960e+02
8.207489600000000110e+02 3.323564099999998689e+02
8.237648000000000366e+02 3.322263399999998228e+02
8.266078100000000859e+02 3.326935399999998708e+02
8.292470200000001341e+02 3.336936199999998962e+02
8.316491200000001527e+02 3.351561699999998609e+02
8.337811200000001008e+02 3.370128899999998566e+02
8.356117700000000923e+02 3.391992999999998801e+02
8.371061600000000453e+02 3.416448799999998300e+02
8.389574400000000196e+02 3.470480799999997998e+02
8.392479500000000598e+02 3.498707899999998290e+02
8.390737100000000055e+02 3.526809899999998379e+02
8.383976700000000619e+02 3.554144299999998111e+02
8.371906900000000178e+02 3.580004899999997861e+02
8.354176600000000690e+02 3.603747999999997660e+02
8.330472900000000891e+02 3.624668899999997507e+02
8.306503300000000536e+02 3.641059299999997734e+02
8.280098300000000791e+02 3.653069999999997890e+02
8.252039700000000266e+02 3.660449499999998011e+02
8.223111300000000483e+02 3.662886199999998098e+02
8.223116499999999860e+02 3.662884999999999991e+02
