7.580723699999999781e+02 4.222627200000000016e+02
7.547073399999999310e+02 4.221091599999999744e+02
7.516987299999999550e+02 4.213135499999999638e+02
7.490543299999999363e+02 4.199580999999999449e+02
7.467875199999999722e+02 4.181245499999999424e+02
7.449119699999999966e+02 4.158971999999999412e+02
7.434372700000000123e+02 4.133597499999999627e+02
7.423750499999999874e+02 4.105944499999999380e+02
7.417388300000000072e+02 4.076833799999999428e+02
7.415380999999999858e+02 4.047104399999999487e+02
7.417867699999999331e+02 4.017596199999999271e+02
7.424961099999999306e+02 3.989110599999999067e+02
7.436759699999998929e+02 3.962487899999999286e+02
7.453415999999998576e+02 3.938566799999999262e+02
7.475028899999998657e+02 3.918169699999999125e+02
7.501713099999998349e+02 3.902135999999999285e+02
7.533585299999998597e+02 3.891285299999999552e+02
7.565100999999998521e+02 3.883305399999999281e+02
7.595258899999998903e+02 3.882000499999999192e+02
7.623689899999999398e+02 3.886673699999998917e+02
7.650080999999998994e+02 3.896674299999999107e+02
7.674101999999999180e+02 3.911299699999999007e+02
7.695421999999998661e+02 3.929866999999999280e+02
7.713728599999998323e+02 3.951730099999999197e+02
7.728672499999997854e+02 3.976185999999999012e+02
7.747185299999997596e+02 4.030217899999998963e+02
7.750093499999998130e+02 4.058444899999998938e+02
7.748351899999997840e+02 4.086548099999998840e+02
7.741591699999997900e+02 4.113881599999998571e+02
7.729521699999997963e+02 4.139743099999998321e+02
7.711790399999997589e+02 4.163486099999998373e+02
7.688087799999997287e+02 4.184407199999998284e+02
7.664117299999996931e+02 4.200796399999998130e+02
7.637712099999996553e+02 4.212808199999998351e+02
7.609654599999996663e+02 4.220187699999998472e+02
7.580725099999996246e+02 4.222624399999998559e+02
7.580723699999999781e+02 4.222627200000000016e+02
