9.543493099999999458e+02 2.474612700000000132e+02
9.509842799999998988e+02 2.473077200000000175e+02
9.479757599999999229e+02 2.465122099999999818e+02
9.453312699999999040e+02 2.451566500000000133e+02
9.430644499999998516e+02 2.433232000000000426e+02
9.411889099999998507e+02 2.410957500000000664e+02
9.397141999999998916e+02 2.385583900000000313e+02
9.386519699999998920e+02 2.357930999999999813e+02
9.380156599999999116e+02 2.328820200000000114e+02
9.378149499999999534e+02 2.299089900000000171e+02
9.380636999999999261e+02 2.269582699999999704e+02
9.387730299999999488e+02 2.241096999999999753e+02
9.399527999999999111e+02 2.214474199999999655e+02
9.416185299999999643e+02 2.190553199999999379e+02
9.437798099999999977e+02 2.170156099999999242e+02
9.464482399999999416e+02 2.154122399999998834e+02
9.496354599999999664e+02 2.143271699999999100e+02
9.527870199999999841e+02 2.135291799999998830e+02
9.558028699999999844e+02 2.133991099999998369e+02
9.586458900000000085e+02 2.138662099999997963e+02
9.612849999999999682e+02 2.148662899999998217e+02
9.636870999999999867e+02 2.163288399999997864e+02
9.658190999999999349e+02 2.181855599999997821e+02
9.676497499999999263e+02 2.203719699999998056e+02
9.691441399999998794e+02 2.228175499999997555e+02
9.709954299999998284e+02 2.282206499999997504e+02
9.712859499999998434e+02 2.310433499999998048e+02
9.711116899999998395e+02 2.338536499999997886e+02
9.704357699999998204e+02 2.365870099999997365e+02
9.692287799999998015e+02 2.391731599999997115e+02
9.674556399999997893e+02 2.415474699999997483e+02
9.650853799999997591e+02 2.436395699999997078e+02
9.626883099999997739e+02 2.452785999999997557e+02
9.600479099999997743e+02 2.464796799999998029e+02
9.572420499999997219e+02 2.472176299999997582e+02
9.543491099999997687e+02 2.474612899999997353e+02
9.543493099999999458e+02 2.474612700000000132e+02
