6.074566200000000435e+02 6.089646599999999808e+02
6.040915899999999965e+02 6.088111000000000104e+02
6.010829599999999573e+02 6.080155999999999494e+02
5.984385800000000017e+02 6.066600399999999809e+02
5.961717499999999745e+02 6.048265899999998965e+02
5.942962199999999484e+02 6.025991400000000340e+02
5.928215099999999893e+02 6.000617799999999988e+02
5.917591800000000148e+02 5.972964799999999741e+02
5.911229700000000093e+02 5.943854099999999789e+02
5.909222499999999627e+02 5.914123799999999846e+02
5.911706199999999853e+02 5.884615499999999884e+02
5.918799400000000333e+02 5.856130900000000565e+02
5.930597999999999956e+02 5.829508200000000215e+02
5.947254299999999603e+02 5.805587000000000444e+02
5.968867199999999684e+02 5.785190000000000055e+02
5.995551600000000008e+02 5.769155400000000782e+02
6.027422800000000507e+02 5.758304500000001553e+02
6.058939400000000433e+02 5.750324700000001030e+02
6.089097700000000941e+02 5.749024900000001708e+02
6.117528000000000930e+02 5.753696000000001050e+02
6.143919100000000526e+02 5.763696600000000672e+02
6.167940100000000712e+02 5.778322000000000571e+02
6.189260100000000193e+02 5.796889400000001160e+02
6.207567700000000741e+02 5.818752600000001394e+02
6.222510400000001027e+02 5.843209300000000894e+02
6.241023300000000518e+02 5.897241200000000845e+02
6.243932600000000548e+02 5.925467400000001135e+02
6.242190000000000509e+02 5.953570400000000973e+02
6.235429700000000821e+02 5.980903900000000704e+02
6.223359800000000632e+02 6.006765300000000707e+02
6.205629600000000892e+02 6.030507600000000821e+02
6.181925800000001345e+02 6.051429500000001553e+02
6.157956300000001875e+02 6.067818900000000895e+02
6.131551200000002382e+02 6.079830600000000231e+02
6.103493600000002743e+02 6.087210200000000668e+02
6.074563200000002325e+02 6.089646700000000692e+02
6.074566200000000435e+02 6.089646599999999808e+02
