9.200874199999999519e+02 2.762890700000000379e+02
9.167223799999999301e+02 2.761355200000000423e+02
9.137138599999999542e+02 2.753400200000000950e+02
9.110693699999999353e+02 2.739844500000001517e+02
9.088025499999998829e+02 2.721510100000001557e+02
9.069270099999998820e+02 2.699235500000002048e+02
9.054522999999999229e+02 2.673862100000002329e+02
9.043900799999998981e+02 2.646209000000002334e+02
9.037537599999999429e+02 2.617098200000002635e+02
9.035530299999999215e+02 2.587368900000002441e+02
9.038013999999999442e+02 2.557860700000002225e+02
9.045108299999999417e+02 2.529375200000001769e+02
9.056905999999999040e+02 2.502752400000001671e+02
9.073562199999998938e+02 2.478832200000001649e+02
9.095175099999999020e+02 2.458434100000001763e+02
9.121859399999998459e+02 2.442400400000001355e+02
9.153731599999998707e+02 2.431549700000001621e+02
9.185247199999998884e+02 2.423569800000001351e+02
9.215405699999998888e+02 2.422269100000000890e+02
9.243835799999999381e+02 2.426941100000001370e+02
9.270226899999998977e+02 2.436941800000001876e+02
9.294247899999999163e+02 2.451567300000001524e+02
9.315567899999998644e+02 2.470134500000001481e+02
9.333875399999998308e+02 2.491998700000001463e+02
9.348818199999998342e+02 2.516454400000001215e+02
9.367331099999997832e+02 2.570486300000001165e+02
9.370240399999997862e+02 2.598712500000001455e+02
9.368497799999997824e+02 2.626815500000001293e+02
9.361738599999997632e+02 2.654149100000000772e+02
9.349668599999997696e+02 2.680010600000000522e+02
9.331937299999997322e+02 2.703753700000000890e+02
9.308233699999997270e+02 2.724674500000000990e+02
9.284263999999997168e+02 2.741065000000000964e+02
9.257858999999997422e+02 2.753075700000000552e+02
9.229801399999997784e+02 2.760455300000000989e+02
9.200871999999998252e+02 2.762891800000001012e+02
9.200874199999999519e+02 2.762890700000000379e+02
