8.536657999999999902e+02 3.362780800000000454e+02
8.503007599999999684e+02 3.361246200000000499e+02
8.472922499999999673e+02 3.353290300000001025e+02
8.446477399999999989e+02 3.339735700000001088e+02
8.423809400000000096e+02 3.321400200000001632e+02
8.405053800000000592e+02 3.299126600000001872e+02
8.390306900000000496e+02 3.273752100000001519e+02
8.379684600000000501e+02 3.246099100000001272e+02
8.373321500000000697e+02 3.216988300000001573e+02
8.371315200000000232e+02 3.187259000000001379e+02
8.373801899999999705e+02 3.157750800000001163e+02
8.380895199999999932e+02 3.129265200000000959e+02
8.392693900000000440e+02 3.102642500000000609e+02
8.409351000000000340e+02 3.078722400000000334e+02
8.430964000000000169e+02 3.058324400000000196e+02
8.457647299999999859e+02 3.042290699999999788e+02
8.489519500000000107e+02 3.031439900000000307e+02
8.521035100000000284e+02 3.023460000000000036e+02
8.551193600000000288e+02 3.022159199999999828e+02
8.579623800000000529e+02 3.026830300000000307e+02
8.606014900000000125e+02 3.036830899999999929e+02
8.630036800000000312e+02 3.051457400000000462e+02
8.651355899999999792e+02 3.070023600000000670e+02
8.669663399999999456e+02 3.091887900000000400e+02
8.684607299999998986e+02 3.116343699999999899e+02
8.703119099999998980e+02 3.170375500000000102e+02
8.706028299999999263e+02 3.198602600000000393e+02
8.704285699999999224e+02 3.226705699999999979e+02
8.697525499999999283e+02 3.254039199999999710e+02
8.685455699999998842e+02 3.279899699999999712e+02
8.667725399999999354e+02 3.303642899999999827e+02
8.644021699999999555e+02 3.324563799999999674e+02
8.620052099999999200e+02 3.340954199999999901e+02
8.593646999999999707e+02 3.352964899999999489e+02
8.565589299999999184e+02 3.360345499999999674e+02
8.536658999999999651e+02 3.362780999999999949e+02
8.536657999999999902e+02 3.362780800000000454e+02
