9.235329199999999901e+02 4.751745199999999727e+02
9.201682899999999563e+02 4.750131699999999455e+02
9.171616099999999960e+02 4.742104899999999361e+02
9.145203400000000329e+02 4.728487699999999450e+02
9.122578399999999874e+02 4.710099699999999530e+02
9.103875100000000202e+02 4.687781799999999635e+02
9.089187900000000582e+02 4.662373999999999796e+02
9.078630400000000691e+02 4.634695800000000077e+02
9.072335800000000745e+02 4.605569899999999848e+02
9.070400700000001279e+02 4.575836400000000026e+02
9.072956100000001243e+02 4.546334100000000262e+02
9.080115900000000693e+02 4.517865100000000211e+02
9.091976500000000669e+02 4.491270200000000159e+02
9.108690100000001166e+02 4.467388799999999947e+02
9.130350900000000820e+02 4.447042299999999955e+02
9.157072400000000698e+02 4.431071099999999774e+02
9.188969300000001112e+02 4.420294599999999718e+02
9.220503500000000940e+02 4.412388899999999694e+02
9.250664200000001074e+02 4.411156099999999469e+02
9.279083800000000792e+02 4.415893899999999235e+02
9.305451700000000983e+02 4.425956299999999146e+02
9.329438100000000986e+02 4.440638399999999137e+02
9.350714300000000776e+02 4.459256099999998924e+02
9.368969900000000735e+02 4.481162599999998974e+02
9.383856700000001183e+02 4.505653699999999162e+02
9.402243000000000848e+02 4.559728199999998992e+02
9.405082700000000386e+02 4.587962399999998979e+02
9.403276200000000244e+02 4.616060799999999062e+02
9.396452500000000327e+02 4.643378499999998894e+02
9.384321800000000167e+02 4.669211199999999167e+02
9.366535300000000461e+02 4.692912699999999404e+02
9.342783400000000711e+02 4.713777999999999224e+02
9.318774700000000166e+02 4.730111999999999171e+02
9.292341499999999996e+02 4.742060399999999163e+02
9.264266199999999571e+02 4.749374699999999052e+02
9.235331599999999526e+02 4.751742199999998775e+02
9.235329199999999901e+02 4.751745199999999727e+02
