6.716433299999999917e+02 5.521929600000000846e+02
6.682782899999999700e+02 5.520394000000000005e+02
6.652696700000000192e+02 5.512438899999999649e+02
6.626252799999999752e+02 5.498883299999999963e+02
6.603584599999999227e+02 5.480548900000000003e+02
6.584829199999999219e+02 5.458274400000000242e+02
6.570082199999999375e+02 5.432900899999999638e+02
6.559459899999999379e+02 5.405247899999999390e+02
6.553096699999999828e+02 5.376136999999999944e+02
6.551089600000000246e+02 5.346406700000000001e+02
6.553573099999999840e+02 5.316899499999999534e+02
6.560667499999999563e+02 5.288414000000000215e+02
6.572465099999999438e+02 5.261791200000000117e+02
6.589121399999999085e+02 5.237870100000000093e+02
6.610734299999999166e+02 5.217472900000000209e+02
6.637418499999998858e+02 5.201439299999999548e+02
6.669290699999999106e+02 5.190588500000000067e+02
6.700806399999999030e+02 5.182608599999999797e+02
6.730964799999999286e+02 5.181307899999999336e+02
6.759394999999999527e+02 5.185978900000000067e+02
6.785786200000000008e+02 5.195979600000000573e+02
6.809807100000000446e+02 5.210605100000000220e+02
6.831127200000000812e+02 5.229172300000000178e+02
6.849434700000000475e+02 5.251036500000000160e+02
6.864378500000000258e+02 5.275492300000000796e+02
6.882891300000000001e+02 5.329524300000000494e+02
6.885799700000000030e+02 5.357750300000000152e+02
6.884057099999999991e+02 5.385853300000001127e+02
6.877297700000000304e+02 5.413188000000000102e+02
6.865227899999999863e+02 5.439048400000001493e+02
6.847496599999999489e+02 5.462791500000000724e+02
6.823792899999999690e+02 5.483712300000000823e+02
6.799823299999999335e+02 5.500102800000000798e+02
6.773418299999999590e+02 5.512113500000000386e+02
6.745360699999999952e+02 5.519493100000000823e+02
6.716431300000000419e+02 5.521929700000000594e+02
6.716433299999999917e+02 5.521929600000000846e+02
