6.942171299999999974e+02 4.822283400000000029e+02
6.908520899999999756e+02 4.820747900000000072e+02
6.878435699999999997e+02 4.812792800000000284e+02
6.851990799999999808e+02 4.799237200000000030e+02
6.829323600000000170e+02 4.780902899999999818e+02
6.810567200000000412e+02 4.758628199999999993e+02
6.795820200000000568e+02 4.733254699999999957e+02
6.785197900000000573e+02 4.705601800000000026e+02
6.778835700000000770e+02 4.676490999999999758e+02
6.776828500000000304e+02 4.646761699999999564e+02
6.779316099999999778e+02 4.617253499999999349e+02
6.786409499999999753e+02 4.588767899999999145e+02
6.798207199999999375e+02 4.562145099999999047e+02
6.814864299999999275e+02 4.538224999999998772e+02
6.836477299999999104e+02 4.517826999999998634e+02
6.863160599999998794e+02 4.501793199999998478e+02
6.895032799999999042e+02 4.490942399999998429e+02
6.926548399999999219e+02 4.482962499999998158e+02
6.956706799999999475e+02 4.481661799999998266e+02
6.985136899999999969e+02 4.486333899999998494e+02
7.011529000000000451e+02 4.496334699999998747e+02
7.035550000000000637e+02 4.510960099999998647e+02
7.056869100000000117e+02 4.529527199999998857e+02
7.075176500000000033e+02 4.551391399999998839e+02
7.090120399999999563e+02 4.575847199999998907e+02
7.108632199999999557e+02 4.629879199999999173e+02
7.111537499999999454e+02 4.658105199999999400e+02
7.109795899999999165e+02 4.686208399999999301e+02
7.103035599999999476e+02 4.713542899999999349e+02
7.090965799999999035e+02 4.739403299999999604e+02
7.073234599999999546e+02 4.763145399999999654e+02
7.049531799999999748e+02 4.784067399999999566e+02
7.025561299999999392e+02 4.800456699999999728e+02
6.999157099999999900e+02 4.812468499999999949e+02
6.971098600000000260e+02 4.819848000000000070e+02
6.942169099999999844e+02 4.822284599999999841e+02
6.942171299999999974e+02 4.822283400000000029e+02
