9.109375499999999874e+02 2.343544900000000553e+02
9.075726099999999406e+02 2.342009400000000596e+02
9.045639899999999898e+02 2.334054300000000239e+02
9.019194999999999709e+02 2.320498700000000554e+02
8.996527800000000070e+02 2.302164300000000594e+02
8.977771400000000313e+02 2.279889700000001085e+02
8.963024300000000721e+02 2.254516200000001618e+02
8.952402100000000473e+02 2.226863200000001370e+02
8.946038900000000922e+02 2.197752400000001671e+02
8.944032600000000457e+02 2.168023100000001477e+02
8.946516300000000683e+02 2.138514900000001262e+02
8.953609600000000910e+02 2.110029300000001058e+02
8.965407300000000532e+02 2.083406500000000960e+02
8.982064600000001064e+02 2.059485500000000684e+02
9.003677300000000514e+02 2.039089400000000296e+02
9.030361700000000837e+02 2.023054799999999886e+02
9.062232900000001337e+02 2.012203799999999774e+02
9.093749500000001262e+02 2.004224100000000135e+02
9.123907000000001517e+02 2.002923200000000179e+02
9.152338200000001507e+02 2.007594400000000405e+02
9.178729300000001103e+02 2.017595100000000912e+02
9.202750300000001289e+02 2.032220500000000811e+02
9.224070300000000771e+02 2.050787700000000768e+02
9.242376800000000685e+02 2.072651800000001003e+02
9.257321700000001101e+02 2.097107700000001387e+02
9.275833500000001095e+02 2.151139600000001337e+02
9.278742800000001125e+02 2.179365700000001880e+02
9.277000200000001087e+02 2.207468800000001465e+02
9.270240900000001147e+02 2.234803300000000945e+02
9.258170100000000957e+02 2.260663800000000947e+02
9.240438800000000583e+02 2.284406800000000430e+02
9.216736100000000533e+02 2.305327800000000025e+02
9.192766500000000178e+02 2.321718299999999999e+02
9.166361400000000685e+02 2.333728999999999587e+02
9.138302700000000414e+02 2.341109399999999141e+02
9.109373400000000629e+02 2.343545099999998911e+02
9.109375499999999874e+02 2.343544900000000553e+02
