5.995007600000000139e+02 5.675375000000000227e+02
5.961356299999999919e+02 5.673839399999999387e+02
5.931271000000000413e+02 5.665884399999999914e+02
5.904826100000000224e+02 5.652328800000000228e+02
5.882158900000000585e+02 5.633994399999999132e+02
5.863403500000000577e+02 5.611719799999999623e+02
5.848655500000000984e+02 5.586346200000000408e+02
5.838033200000000988e+02 5.558693299999999908e+02
5.831671100000000934e+02 5.529582499999999072e+02
5.829663800000000720e+02 5.499853200000000015e+02
5.832151400000000194e+02 5.470345099999999547e+02
5.839244800000000168e+02 5.441859399999999596e+02
5.851042499999999791e+02 5.415236599999999498e+02
5.867699800000000323e+02 5.391315599999999222e+02
5.889312600000000657e+02 5.370918499999999085e+02
5.915995900000000347e+02 5.354884699999998929e+02
5.947868100000000595e+02 5.344033899999999448e+02
5.979383700000000772e+02 5.336053999999999178e+02
6.009542100000001028e+02 5.334753399999998464e+02
6.037972200000001521e+02 5.339425399999997808e+02
6.064364400000001751e+02 5.349426199999998062e+02
6.088385300000002189e+02 5.364051599999997961e+02
6.109705400000002555e+02 5.382618799999997918e+02
6.128011900000002470e+02 5.404482899999998153e+02
6.142955700000002253e+02 5.428938699999998789e+02
6.161468600000001743e+02 5.482970699999998487e+02
6.164373700000002145e+02 5.511197799999998779e+02
6.162631300000001602e+02 5.539299799999998868e+02
6.155870900000002166e+02 5.566634299999998348e+02
6.143801100000001725e+02 5.592494799999999486e+02
6.126070800000002237e+02 5.616237899999998717e+02
6.102367100000002438e+02 5.637158799999998564e+02
6.078397500000002083e+02 5.653549299999998539e+02
6.051992400000002590e+02 5.665559999999998126e+02
6.023933900000002950e+02 5.672939399999997931e+02
5.995004400000002533e+02 5.675376099999998587e+02
5.995007600000000139e+02 5.675375000000000227e+02
