9.421801299999999628e+02 2.074839500000000498e+02
9.388149999999999409e+02 2.073303900000000795e+02
9.358064799999999650e+02 2.065348900000001322e+02
9.331620899999999210e+02 2.051793400000001384e+02
9.308952699999998686e+02 2.033458900000001677e+02
9.290197299999998677e+02 2.011184300000002168e+02
9.275450199999999086e+02 1.985810800000002700e+02
9.264826899999999341e+02 1.958157800000002453e+02
9.258464799999999286e+02 1.929047100000002501e+02
9.256457599999998820e+02 1.899316700000002811e+02
9.258945299999999179e+02 1.869808500000002596e+02
9.266038699999999153e+02 1.841322900000002392e+02
9.277837299999998777e+02 1.814700200000002042e+02
9.294493599999998423e+02 1.790779100000002018e+02
9.316105499999998756e+02 1.770382000000001881e+02
9.342790699999998196e+02 1.754348400000002357e+02
9.374661999999998443e+02 1.743497500000001992e+02
9.406177599999998620e+02 1.735517600000001721e+02
9.436335999999998876e+02 1.734216900000001260e+02
9.464765999999998485e+02 1.738890000000001237e+02
9.491157199999998966e+02 1.748889600000001110e+02
9.515179199999998900e+02 1.763515100000000757e+02
9.536498199999998633e+02 1.782082300000000714e+02
9.554806699999999182e+02 1.803946600000000444e+02
9.569749599999998964e+02 1.828402399999999943e+02
9.588262399999998706e+02 1.882434200000000146e+02
9.591167599999998856e+02 1.910661300000000438e+02
9.589424999999998818e+02 1.938764400000000023e+02
9.582664699999999129e+02 1.966097899999999754e+02
9.570594799999998941e+02 1.991959299999999757e+02
9.552864599999999200e+02 2.015701500000000124e+02
9.529160799999999654e+02 2.036623399999999720e+02
9.505190299999999297e+02 2.053012699999999313e+02
9.478786199999999553e+02 2.065024499999999534e+02
9.450727599999999029e+02 2.072403999999999087e+02
9.421798199999999497e+02 2.074840599999998858e+02
9.421801299999999628e+02 2.074839500000000498e+02
