8.929384700000000521e+02 5.056884400000000142e+02
8.895738500000001068e+02 5.055269900000000121e+02
8.865671400000001086e+02 5.047245000000000346e+02
8.839258900000000949e+02 5.033626900000000433e+02
8.816633900000000494e+02 5.015238900000000513e+02
8.797930499999999938e+02 4.992921000000000618e+02
8.783242500000000064e+02 4.967512100000000714e+02
8.772684900000000425e+02 4.939834900000000744e+02
8.766391300000000228e+02 4.910709000000000515e+02
8.764455199999999877e+02 4.880974500000000376e+02
8.767010699999999588e+02 4.851472100000000296e+02
8.774171299999999292e+02 4.823004300000000057e+02
8.786031999999999016e+02 4.796409400000000005e+02
8.802744599999998627e+02 4.772527999999999793e+02
8.824405299999998533e+02 4.752181400000000053e+02
8.851126999999999043e+02 4.736209200000000124e+02
8.883024699999998575e+02 4.725433700000000385e+02
8.914558999999998150e+02 4.717528000000000361e+02
8.944719699999998284e+02 4.716295400000000200e+02
8.973139199999998254e+02 4.721033000000000470e+02
8.999507199999998193e+02 4.731095500000000698e+02
9.023493599999998196e+02 4.745777500000000941e+02
9.044769799999997986e+02 4.764395300000001043e+02
9.063025399999997944e+02 4.786301800000001094e+02
9.077912199999998393e+02 4.810792900000001282e+02
9.096297499999998308e+02 4.864867300000001364e+02
9.099138199999998733e+02 4.893101600000001099e+02
9.097331699999998591e+02 4.921199900000000866e+02
9.090507999999998674e+02 4.948517600000000698e+02
9.078377199999998766e+02 4.974350300000000971e+02
9.060590799999998808e+02 4.998051800000001208e+02
9.036837899999999308e+02 5.018917100000001028e+02
9.012830199999999650e+02 5.035251100000000974e+02
8.986396999999999480e+02 5.047199500000000967e+02
8.958321699999999055e+02 5.054513800000000856e+02
8.929387099999999009e+02 5.056881300000000579e+02
8.929384700000000521e+02 5.056884400000000142e+02
