6.628058700000000272e+02 5.108703800000000115e+02
6.594409200000000055e+02 5.107169400000000223e+02
6.564323100000000295e+02 5.099213300000000118e+02
6.537878200000000106e+02 5.085657699999999863e+02
6.515211000000000467e+02 5.067323299999999904e+02
6.496455600000000459e+02 5.045048699999999826e+02
6.481707600000000866e+02 5.019675100000000043e+02
6.471085100000001376e+02 4.992023100000000113e+02
6.464723100000001068e+02 4.962911399999999844e+02
6.462715900000000602e+02 4.933182099999999650e+02
6.465199500000001080e+02 4.903673799999999687e+02
6.472292900000001055e+02 4.875188199999999483e+02
6.484090500000000930e+02 4.848565399999999386e+02
6.500747700000000577e+02 4.824645299999999111e+02
6.522360500000000911e+02 4.804248299999999290e+02
6.549043900000000349e+02 4.788213599999999133e+02
6.580916100000000597e+02 4.777362799999999083e+02
6.612431800000000521e+02 4.769382899999998813e+02
6.642590200000000777e+02 4.768082099999998604e+02
6.671021400000000767e+02 4.772753299999998831e+02
6.697412500000000364e+02 4.782753899999999021e+02
6.721433400000000802e+02 4.797380299999999238e+02
6.742753500000001168e+02 4.815946699999999510e+02
6.761060100000000830e+02 4.837810699999999429e+02
6.776003900000000613e+02 4.862266599999999244e+02
6.794516700000000355e+02 4.916298499999999194e+02
6.797426000000000386e+02 4.944524699999998916e+02
6.795683300000000600e+02 4.972628699999999071e+02
6.788923100000000659e+02 4.999962099999999054e+02
6.776853300000000218e+02 5.025822699999998804e+02
6.759123000000000729e+02 5.049565799999998603e+02
6.735419300000000931e+02 5.070486699999998450e+02
6.711448700000000827e+02 5.086877099999998677e+02
6.685044600000001083e+02 5.098887899999998581e+02
6.656986000000000558e+02 5.106268299999998703e+02
6.628056600000001026e+02 5.108703999999998473e+02
6.628058700000000272e+02 5.108703800000000115e+02
