8.464530200000000377e+02 2.949107800000000452e+02
8.430880700000000161e+02 2.947573300000000245e+02
8.400794600000000401e+02 2.939617200000000139e+02
8.374349799999999959e+02 2.926061500000000706e+02
8.351682499999999436e+02 2.907727200000000494e+02
8.332926099999999678e+02 2.885452600000000984e+02
8.318180099999999584e+02 2.860079200000001265e+02
8.307556799999999839e+02 2.832426100000001270e+02
8.301194699999999784e+02 2.803315400000001318e+02
8.299187399999999570e+02 2.773586000000001377e+02
8.301675099999999929e+02 2.744077800000001162e+02
8.308768400000000156e+02 2.715592200000000958e+02
8.320566099999999778e+02 2.688969500000000608e+02
8.337223400000000311e+02 2.665048400000000584e+02
8.358836200000000645e+02 2.644651400000000194e+02
8.385519500000000335e+02 2.628617500000000291e+02
8.417391700000000583e+02 2.617766800000000558e+02
8.448907300000000760e+02 2.609786900000000287e+02
8.479065700000001016e+02 2.608486199999999826e+02
8.507496000000001004e+02 2.613157300000000305e+02
8.533888100000001486e+02 2.623158000000000811e+02
8.557909100000001672e+02 2.637783400000000711e+02
8.579228100000001405e+02 2.656350600000000668e+02
8.597535600000001068e+02 2.678214700000000903e+02
8.612479500000000598e+02 2.702670600000001286e+02
8.630992300000000341e+02 2.756702600000000984e+02
8.633900500000000875e+02 2.784929600000001528e+02
8.632157900000000836e+02 2.813032700000001114e+02
8.625398600000000897e+02 2.840366200000000845e+02
8.613327800000000707e+02 2.866226600000001099e+02
8.595597500000001219e+02 2.889969800000001214e+02
8.571893900000001167e+02 2.910890700000001061e+02
8.547924200000001065e+02 2.927281200000001036e+02
8.521519200000001319e+02 2.939291900000000624e+02
8.493461500000000797e+02 2.946672300000000178e+02
8.464532200000001012e+02 2.949108099999999695e+02
8.464530200000000377e+02 2.949107800000000452e+02
