6.293735000000000355e+02 5.390051300000000083e+02
6.260084600000000137e+02 5.388515700000000379e+02
6.229998500000000377e+02 5.380559700000000021e+02
6.203554500000000189e+02 5.367005199999999832e+02
6.180886400000000549e+02 5.348669700000000375e+02
6.162130900000000793e+02 5.326396099999999478e+02
6.147383900000000949e+02 5.301022600000000011e+02
6.136761600000000954e+02 5.273369599999999764e+02
6.130398600000000897e+02 5.244257900000000063e+02
6.128391300000000683e+02 5.214528499999998985e+02
6.130878800000000410e+02 5.185021299999999655e+02
6.137972300000000132e+02 5.156534699999999702e+02
6.149769999999999754e+02 5.129911899999999605e+02
6.166427099999999655e+02 5.105991799999999330e+02
6.188039999999999736e+02 5.085594799999999509e+02
6.214724400000000060e+02 5.069560199999999668e+02
6.246595499999999674e+02 5.058710299999999620e+02
6.278112199999999348e+02 5.050729499999999348e+02
6.308269599999999855e+02 5.049428699999999139e+02
6.336700600000000350e+02 5.054101899999998864e+02
6.363091800000000831e+02 5.064101599999999053e+02
6.387112700000001269e+02 5.078727999999999270e+02
6.408432700000000750e+02 5.097295199999999227e+02
6.426739400000001297e+02 5.119158299999999144e+02
6.441683200000001079e+02 5.143614199999999528e+02
6.460196000000000822e+02 5.197646099999999478e+02
6.463101200000000972e+02 5.225873199999998633e+02
6.461358600000000934e+02 5.253976199999998471e+02
6.454599400000000742e+02 5.281309799999999086e+02
6.442528600000000552e+02 5.307170199999998204e+02
6.424797300000000178e+02 5.330913299999998571e+02
6.401094500000000380e+02 5.351835299999997915e+02
6.377125000000000909e+02 5.368224799999998140e+02
6.350719900000001417e+02 5.380235499999998865e+02
6.322662200000000894e+02 5.387615999999998166e+02
6.293732900000001109e+02 5.390051599999999326e+02
6.293735000000000355e+02 5.390051300000000083e+02
