8.795087099999999509e+02 2.642621100000000069e+02
8.761437699999999040e+02 2.641085600000000113e+02
8.731351499999999533e+02 2.633130600000000641e+02
8.704906599999999344e+02 2.619574900000001207e+02
8.682239499999999452e+02 2.601239600000001246e+02
8.663483999999999696e+02 2.578966000000001486e+02
8.648735899999999219e+02 2.553592400000001135e+02
8.638113699999998971e+02 2.525939300000001140e+02
8.631751499999999169e+02 2.496828700000000936e+02
8.629743399999998701e+02 2.467098200000001498e+02
8.632230899999998428e+02 2.437591100000001916e+02
8.639325199999998404e+02 2.409105500000001712e+02
8.651122899999998026e+02 2.382482700000001614e+02
8.667780199999998558e+02 2.358561800000001085e+02
8.689391999999998006e+02 2.338164500000001453e+02
8.716076299999997445e+02 2.322130900000001930e+02
8.747948499999997694e+02 2.311280100000002449e+02
8.779464199999997618e+02 2.303300200000002178e+02
8.809622599999997874e+02 2.301999500000001717e+02
8.838052699999998367e+02 2.306671500000002197e+02
8.864443799999997964e+02 2.316672200000002704e+02
8.888465799999997898e+02 2.331297800000003235e+02
8.909784799999997631e+02 2.349864900000003445e+02
8.928092399999998179e+02 2.371728100000003678e+02
8.943036199999997962e+02 2.396184900000004063e+02
8.961549099999997452e+02 2.450215900000004012e+02
8.964453299999997853e+02 2.478442800000003672e+02
8.962711699999997563e+02 2.506546000000004142e+02
8.955951499999997623e+02 2.533879400000004125e+02
8.943881499999997686e+02 2.559740900000003876e+02
8.926150299999998197e+02 2.583483100000004242e+02
8.902447499999998399e+02 2.604405000000003838e+02
8.878476899999998295e+02 2.620795400000004065e+02
8.852071899999998550e+02 2.632806100000003653e+02
8.824014299999998912e+02 2.640185700000004090e+02
8.795084999999999127e+02 2.642621300000004112e+02
8.795087099999999509e+02 2.642621100000000069e+02
