7.257743600000000015e+02 4.533551400000000058e+02
7.224093299999999545e+02 4.532015900000000101e+02
7.194008099999999786e+02 4.524061000000000377e+02
7.167563199999999597e+02 4.510505300000000375e+02
7.144895999999999958e+02 4.492171000000000163e+02
7.126139600000000200e+02 4.469896200000000022e+02
7.111392500000000609e+02 4.444522800000000302e+02
7.100770200000000614e+02 4.416869800000000055e+02
7.094407100000000810e+02 4.387758999999999787e+02
7.092399900000000343e+02 4.358028599999999528e+02
7.094887600000000702e+02 4.328520499999999629e+02
7.101981800000000931e+02 4.300035899999999742e+02
7.113779500000000553e+02 4.273413099999999645e+02
7.130435800000000199e+02 4.249491999999999621e+02
7.152048600000000533e+02 4.229094999999999800e+02
7.178733000000000857e+02 4.213060299999999643e+02
7.210605100000001357e+02 4.202210599999999658e+02
7.242120700000001534e+02 4.194230599999999640e+02
7.272279200000001538e+02 4.192929799999999432e+02
7.300709300000002031e+02 4.197601899999999659e+02
7.327101500000002261e+02 4.207601699999999596e+02
7.351122400000002699e+02 4.222228199999999561e+02
7.372441400000002432e+02 4.240795199999999454e+02
7.390749000000002980e+02 4.262658499999999435e+02
7.405692700000003015e+02 4.287115299999999252e+02
7.424204700000002504e+02 4.341146199999999453e+02
7.427113900000002786e+02 4.369373399999999492e+02
7.425371300000002748e+02 4.397476399999999330e+02
7.418612100000002556e+02 4.424809999999999377e+02
7.406541300000002366e+02 4.450670299999999315e+02
7.388810900000001993e+02 4.474413599999999178e+02
7.365107200000002194e+02 4.495335399999999026e+02
7.341137600000001839e+02 4.511724899999999252e+02
7.314732500000002346e+02 4.523736599999999157e+02
7.286674900000002708e+02 4.531116099999999278e+02
7.257745500000003176e+02 4.533552699999999049e+02
7.257743600000000015e+02 4.533551400000000058e+02
