5.657398500000000467e+02 5.976506299999999783e+02
5.623748199999999997e+02 5.974970799999999826e+02
5.593663000000000238e+02 5.967015799999999217e+02
5.567218100000000049e+02 5.953460099999999784e+02
5.544550900000000411e+02 5.935125799999999572e+02
5.525794500000000653e+02 5.912851100000000315e+02
5.511047400000001062e+02 5.887477599999999711e+02
5.500425100000001066e+02 5.859824699999999211e+02
5.494063000000001011e+02 5.830713899999999512e+02
5.492055800000000545e+02 5.800983599999999569e+02
5.494543400000000020e+02 5.771476399999999103e+02
5.501636700000000246e+02 5.742990800000000036e+02
5.513434500000000753e+02 5.716367000000000189e+02
5.530090700000000652e+02 5.692446899999999914e+02
5.551703500000000986e+02 5.672049700000000030e+02
5.578387900000001309e+02 5.656015099999999620e+02
5.610260100000001557e+02 5.645164299999999002e+02
5.641775600000001987e+02 5.637185399999999618e+02
5.671934200000001738e+02 5.635883799999999155e+02
5.700364200000001347e+02 5.640556799999999384e+02
5.726755300000000943e+02 5.650557499999999891e+02
5.750777300000000878e+02 5.665183099999999286e+02
5.772096300000000610e+02 5.683750199999999495e+02
5.790403900000001158e+02 5.705613399999999729e+02
5.805347600000001194e+02 5.730070200000000114e+02
5.823860600000001568e+02 5.784101200000000063e+02
5.826765700000001971e+02 5.812328299999999217e+02
5.825023200000001680e+02 5.840431300000000192e+02
5.818262900000001991e+02 5.867764799999999923e+02
5.806193000000001803e+02 5.893626299999998537e+02
5.788461800000002313e+02 5.917368299999998271e+02
5.764759000000002516e+02 5.938290299999998751e+02
5.740788500000002159e+02 5.954679699999999229e+02
5.714384400000002415e+02 5.966691499999999451e+02
5.686325800000001891e+02 5.974070899999999256e+02
5.657396400000002359e+02 5.976507599999998774e+02
5.657398500000000467e+02 5.976506299999999783e+02
