8.145765099999999848e+02 3.225296399999999721e+02
8.112114699999999630e+02 3.223761799999999766e+02
8.082028599999999869e+02 3.215805699999999661e+02
8.055584699999999430e+02 3.202250299999999470e+02
8.032916499999998905e+02 3.183915700000000015e+02
8.014161099999998896e+02 3.161641200000000254e+02
7.999413999999999305e+02 3.136267700000000787e+02
7.988790799999999308e+02 3.108614600000000792e+02
7.982428599999999506e+02 3.079504000000000588e+02
7.980421299999999292e+02 3.049774500000000899e+02
7.982908999999999651e+02 3.020266400000000431e+02
7.990002299999999877e+02 2.991780800000000227e+02
8.001799999999999500e+02 2.965158000000000129e+02
8.018457199999999148e+02 2.941237899999999854e+02
8.040070099999999229e+02 2.920839899999999716e+02
8.066754399999998668e+02 2.904806300000000192e+02
8.098625599999999167e+02 2.893955399999999827e+02
8.130142199999999093e+02 2.885975599999999304e+02
8.160300699999999097e+02 2.884674799999999095e+02
8.188730799999999590e+02 2.889346899999999323e+02
8.215121899999999187e+02 2.899347699999999577e+02
8.239142899999999372e+02 2.913972999999999729e+02
8.260462899999998854e+02 2.932540299999999434e+02
8.278769399999998768e+02 2.954404399999999669e+02
8.293713199999998551e+02 2.978860300000000052e+02
8.312226099999998041e+02 3.032892200000000003e+02
8.315131199999998444e+02 3.061119200000000546e+02
8.313388799999997900e+02 3.089221300000000383e+02
8.306629399999998213e+02 3.116555900000000747e+02
8.294559599999997772e+02 3.142416300000001002e+02
8.276828299999997398e+02 3.166159500000001117e+02
8.253124599999997599e+02 3.187080400000000964e+02
8.229154999999997244e+02 3.203470800000001191e+02
8.202749999999997499e+02 3.215481500000000779e+02
8.174692399999997861e+02 3.222861100000001215e+02
8.145762999999998328e+02 3.225297700000000987e+02
8.145765099999999848e+02 3.225296399999999721e+02
