9.021640899999999874e+02 1.927470700000000079e+02
8.987990499999999656e+02 1.925935100000000375e+02
8.957905299999999897e+02 1.917980200000000650e+02
8.931460399999999709e+02 1.904424500000001217e+02
8.908793200000000070e+02 1.886090200000001005e+02
8.890037800000000061e+02 1.863815600000001496e+02
8.875289900000000216e+02 1.838441000000001395e+02
8.864667500000000473e+02 1.810788900000001149e+02
8.858304500000000417e+02 1.781677200000001449e+02
8.856297200000000203e+02 1.751947900000001255e+02
8.858784699999999930e+02 1.722440600000001041e+02
8.865879199999999400e+02 1.693954100000000835e+02
8.877675899999999274e+02 1.667331200000000990e+02
8.894332999999999174e+02 1.643411300000001347e+02
8.915945899999999256e+02 1.623014100000001463e+02
8.942630299999999579e+02 1.606979500000001053e+02
8.974502400000000080e+02 1.596129700000001321e+02
9.006018100000000004e+02 1.588148800000001302e+02
9.036176600000000008e+02 1.586848100000000841e+02
9.064606700000000501e+02 1.591520100000001321e+02
9.090997800000000097e+02 1.601520800000001827e+02
9.115018599999999651e+02 1.616147200000001476e+02
9.136338700000000017e+02 1.634714500000001181e+02
9.154646300000000565e+02 1.656577700000001414e+02
9.169590000000000600e+02 1.681034500000001799e+02
9.188102000000000089e+02 1.735065400000002001e+02
9.191007100000000491e+02 1.763292500000002292e+02
9.189264699999999948e+02 1.791394500000002381e+02
9.182505300000000261e+02 1.818729100000002745e+02
9.170435400000000072e+02 1.844590600000002496e+02
9.152704099999999698e+02 1.868333700000002864e+02
9.129001399999999649e+02 1.889254600000002711e+02
9.105030799999999545e+02 1.905645000000002938e+02
9.078625700000000052e+02 1.917655700000002525e+02
9.050568200000000161e+02 1.925035200000002078e+02
9.021638699999999744e+02 1.927471900000001597e+02
9.021640899999999874e+02 1.927470700000000079e+02
