7.850914599999999837e+02 3.501528100000000450e+02
7.817264099999999871e+02 3.499993500000000495e+02
7.787178000000000111e+02 3.492037400000000389e+02
7.760734099999999671e+02 3.478481900000000451e+02
7.738066900000000032e+02 3.460147600000000239e+02
7.719310500000000275e+02 3.437872800000000097e+02
7.704563400000000684e+02 3.412499400000000378e+02
7.693941000000000940e+02 3.384847399999999880e+02
7.687578000000000884e+02 3.355735600000000431e+02
7.685570800000000418e+02 3.326006200000000490e+02
7.688058399999999892e+02 3.296498100000000022e+02
7.695151799999999866e+02 3.268012499999999818e+02
7.706949399999999741e+02 3.241389699999999721e+02
7.723606700000000274e+02 3.217468599999999697e+02
7.745219399999999723e+02 3.197072499999999309e+02
7.771903800000000047e+02 3.181037899999998899e+02
7.803776000000000295e+02 3.170187099999999418e+02
7.835291700000000219e+02 3.162207199999999148e+02
7.865450100000000475e+02 3.160906499999998687e+02
7.893880300000000716e+02 3.165577499999998281e+02
7.920271500000001197e+02 3.175578199999998787e+02
7.944292300000000751e+02 3.190204599999998436e+02
7.965612300000000232e+02 3.208771899999998141e+02
7.983920000000000528e+02 3.230635099999998374e+02
7.998862800000000561e+02 3.255090799999998126e+02
8.017376700000000938e+02 3.309122899999997571e+02
8.020284800000000587e+02 3.337349899999998115e+02
8.018542300000000296e+02 3.365452999999997701e+02
8.011783000000000357e+02 3.392786599999997179e+02
7.999713199999999915e+02 3.418646999999997433e+02
7.981981899999999541e+02 3.442390099999997801e+02
7.958278199999999742e+02 3.463310999999997648e+02
7.934308599999999387e+02 3.479701399999997875e+02
7.907903599999999642e+02 3.491712099999997463e+02
7.879845899999999119e+02 3.499092699999997649e+02
7.850916599999999335e+02 3.501528299999997671e+02
7.850914599999999837e+02 3.501528100000000450e+02
