7.503873700000000326e+02 3.812650600000000054e+02
7.470223300000000108e+02 3.811116000000000099e+02
7.440137200000000348e+02 3.803159899999999993e+02
7.413693100000000413e+02 3.789605399999999804e+02
7.391025100000000521e+02 3.771269899999999780e+02
7.372269500000001017e+02 3.748996399999999767e+02
7.357522600000000921e+02 3.723621899999999982e+02
7.346900300000000925e+02 3.695968899999999735e+02
7.340537000000000489e+02 3.666859099999999785e+02
7.338529900000000907e+02 3.637128799999999842e+02
7.341013600000001134e+02 3.607620499999999879e+02
7.348106900000001360e+02 3.579134799999999927e+02
7.359905600000001868e+02 3.552512199999999893e+02
7.376561700000002020e+02 3.528592099999999618e+02
7.398174700000001849e+02 3.508193899999999985e+02
7.424859000000001288e+02 3.492160300000000461e+02
7.456731200000001536e+02 3.481309500000000980e+02
7.488246800000001713e+02 3.473329600000000710e+02
7.518405200000001969e+02 3.472028900000000249e+02
7.546835300000002462e+02 3.476700900000000729e+02
7.573226600000002691e+02 3.486700600000000350e+02
7.597248400000003130e+02 3.501327200000000630e+02
7.618567500000002610e+02 3.519894300000000840e+02
7.636875100000003158e+02 3.541757500000001073e+02
7.651817800000003444e+02 3.566214200000001142e+02
7.670330800000003819e+02 3.620245200000001091e+02
7.673240000000004102e+02 3.648472300000000814e+02
7.671497400000004063e+02 3.676575300000000652e+02
7.664737100000004375e+02 3.703908900000000699e+02
7.652667200000004186e+02 3.729770400000000450e+02
7.634936900000004698e+02 3.753513500000000249e+02
7.611232200000005150e+02 3.774434300000000349e+02
7.587262700000005680e+02 3.790823800000000574e+02
7.560857500000005302e+02 3.802835600000000795e+02
7.532800000000005411e+02 3.810215100000000916e+02
7.503870700000005627e+02 3.812650700000000938e+02
7.503873700000000326e+02 3.812650600000000054e+02
