6.553416999999999462e+02 4.687130900000000224e+02
6.519766499999999496e+02 4.685596300000000269e+02
6.489680399999999736e+02 4.677640300000000479e+02
6.463236399999999549e+02 4.664085800000000290e+02
6.440568299999999908e+02 4.645750300000000266e+02
6.421812800000000152e+02 4.623476700000000505e+02
6.407065900000000056e+02 4.598102300000000469e+02
6.396443400000000565e+02 4.570450300000000539e+02
6.390080400000000509e+02 4.541338500000000522e+02
6.388073200000000043e+02 4.511609100000000581e+02
6.390556800000000521e+02 4.482100900000000365e+02
6.397651000000000749e+02 4.453616400000000226e+02
6.409448800000001256e+02 4.426992600000000380e+02
6.426105000000001155e+02 4.403072400000000357e+02
6.447717800000001489e+02 4.382675400000000536e+02
6.474402200000001812e+02 4.366640800000000695e+02
6.506274300000002313e+02 4.355791000000000963e+02
6.537790100000001985e+02 4.347810100000000944e+02
6.567948500000002241e+02 4.346509300000000735e+02
6.596378600000002734e+02 4.351181400000000963e+02
6.622769700000002331e+02 4.361182100000000901e+02
6.646790700000002516e+02 4.375807500000000800e+02
6.668110700000001998e+02 4.394374800000001073e+02
6.686418300000002546e+02 4.416237900000000991e+02
6.701362100000002329e+02 4.440694800000001123e+02
6.719874900000002071e+02 4.494726700000001074e+02
6.722783200000002353e+02 4.522952800000001048e+02
6.721040600000002314e+02 4.551055900000001202e+02
6.714281400000002122e+02 4.578389400000000933e+02
6.702211500000001934e+02 4.604250900000000684e+02
6.684480200000001560e+02 4.627993900000000735e+02
6.660776500000001761e+02 4.648914900000000898e+02
6.636807000000002290e+02 4.665304400000001124e+02
6.610401800000001913e+02 4.677316100000001029e+02
6.582344300000002022e+02 4.684695600000001150e+02
6.553414800000001605e+02 4.687132200000000921e+02
6.553416999999999462e+02 4.687130900000000224e+02
