8.594545000000000528e+02 5.350408499999999776e+02
8.560898700000000190e+02 5.348795000000000073e+02
8.530831799999999703e+02 5.340769199999999728e+02
8.504419100000000071e+02 5.327151999999999816e+02
8.481794099999999617e+02 5.308763999999999896e+02
8.463090899999999692e+02 5.286445099999999684e+02
8.448403700000000072e+02 5.261037400000000162e+02
8.437846200000000181e+02 5.233359100000000126e+02
8.431551600000000235e+02 5.204233199999998760e+02
8.429616500000000769e+02 5.174499699999998938e+02
8.432171900000000733e+02 5.144997399999999743e+02
8.439331700000000183e+02 5.116528399999999692e+02
8.451192300000000159e+02 5.089933499999999640e+02
8.467905000000000655e+02 5.066052099999999427e+02
8.489565700000000561e+02 5.045705599999999436e+02
8.516287400000001071e+02 5.029733299999999190e+02
8.548184900000001107e+02 5.018958899999998948e+02
8.579719300000001567e+02 5.011052199999999175e+02
8.609881000000001450e+02 5.009819599999999014e+02
8.638300400000001673e+02 5.014558299999998781e+02
8.664668400000001611e+02 5.024620799999999008e+02
8.688654800000001615e+02 5.039302799999999252e+02
8.709930100000001403e+02 5.057919399999998973e+02
8.728186700000001110e+02 5.079825999999998771e+02
8.743072600000001557e+02 5.104317099999998959e+02
8.761458700000001727e+02 5.158392599999999675e+02
8.764299500000001899e+02 5.186625799999999344e+02
8.762492900000002010e+02 5.214725099999999429e+02
8.755668200000002344e+02 5.242042799999999261e+02
8.743537600000001930e+02 5.267874499999999216e+02
8.725751200000001973e+02 5.291575899999999137e+02
8.701999100000001590e+02 5.312442399999999907e+02
8.677990600000001677e+02 5.328775299999999788e+02
8.651557200000002013e+02 5.340724599999998645e+02
8.623482900000002473e+02 5.348038999999998850e+02
8.594547300000002679e+02 5.350406499999999141e+02
8.594545000000000528e+02 5.350408499999999776e+02
