6.226913799999999810e+02 4.974277000000000157e+02
6.193264500000000226e+02 4.972741599999999949e+02
6.163178400000000465e+02 4.964785499999999843e+02
6.136734400000000278e+02 4.951230999999999653e+02
6.114066300000000638e+02 4.932895599999999376e+02
6.095310900000000629e+02 4.910620999999999299e+02
6.080563700000000154e+02 4.885248399999999265e+02
6.069941400000000158e+02 4.857595499999999333e+02
6.063578400000000101e+02 4.828483699999999317e+02
6.061571099999999888e+02 4.798754399999999123e+02
6.064058800000000247e+02 4.769246199999998908e+02
6.071152200000000221e+02 4.740760499999998956e+02
6.082949800000000096e+02 4.714137699999998858e+02
6.099606999999999744e+02 4.690217699999998899e+02
6.121219800000000077e+02 4.669820599999998763e+02
6.147904200000000401e+02 4.653785899999998605e+02
6.179775400000000900e+02 4.642935099999998556e+02
6.211291100000000824e+02 4.634955199999998285e+02
6.241449500000001080e+02 4.633654499999998393e+02
6.269880600000001323e+02 4.638326599999998621e+02
6.296271800000001804e+02 4.648326399999998557e+02
6.320292700000002242e+02 4.662952899999998522e+02
6.341612700000001723e+02 4.681520099999998479e+02
6.359919300000001385e+02 4.703383199999998396e+02
6.374863200000000916e+02 4.727838999999998464e+02
6.393376000000000658e+02 4.781870999999998730e+02
6.396281200000000808e+02 4.810097999999998706e+02
6.394538600000000770e+02 4.838200999999998544e+02
6.387778400000000829e+02 4.865534499999998275e+02
6.375708400000000893e+02 4.891395999999998025e+02
6.357978300000000900e+02 4.915138199999997823e+02
6.334274400000000469e+02 4.936060099999997988e+02
6.310304000000000997e+02 4.952449499999997897e+02
6.283899900000001253e+02 4.964460299999997801e+02
6.255842200000000730e+02 4.971840799999997671e+02
6.226911900000001197e+02 4.974276299999997946e+02
6.226913799999999810e+02 4.974277000000000157e+02
