5.566373999999999569e+02 5.554572100000000319e+02
5.532723699999999099e+02 5.553036499999999478e+02
5.502637499999999591e+02 5.545081399999999121e+02
5.476193599999999151e+02 5.531525899999999183e+02
5.453525399999998626e+02 5.513191399999999476e+02
5.434769999999998618e+02 5.490916899999999714e+02
5.420022899999999026e+02 5.465543399999999110e+02
5.409400499999999283e+02 5.437891399999999749e+02
5.403037499999999227e+02 5.408779500000000553e+02
5.401030199999999013e+02 5.379050199999999222e+02
5.403517899999999372e+02 5.349542099999999891e+02
5.410611199999999599e+02 5.321056499999999687e+02
5.422408899999999221e+02 5.294433699999999590e+02
5.439066099999998869e+02 5.270513599999999315e+02
5.460678899999999203e+02 5.250116499999999178e+02
5.487363299999999526e+02 5.234081799999999021e+02
5.519234500000000025e+02 5.223230999999998403e+02
5.550751099999999951e+02 5.215251199999999017e+02
5.580909599999999955e+02 5.213950499999998556e+02
5.609339700000000448e+02 5.218622599999998783e+02
5.635730800000000045e+02 5.228623199999999542e+02
5.659751800000000230e+02 5.243248599999999442e+02
5.681071799999999712e+02 5.261815899999999147e+02
5.699378299999999626e+02 5.283679999999999382e+02
5.714322099999999409e+02 5.308135800000000017e+02
5.732835099999999784e+02 5.362166799999999967e+02
5.735740299999999934e+02 5.390393899999999121e+02
5.733997699999999895e+02 5.418496900000000096e+02
5.727237400000000207e+02 5.445830399999999827e+02
5.715167500000000018e+02 5.471691899999998441e+02
5.697437200000000530e+02 5.495434999999998809e+02
5.673733500000000731e+02 5.516355899999998655e+02
5.649763900000000376e+02 5.532746399999998630e+02
5.623358900000000631e+02 5.544757099999999355e+02
5.595301200000000108e+02 5.552137599999998656e+02
5.566370900000000574e+02 5.554573099999998931e+02
5.566373999999999569e+02 5.554572100000000319e+02
