7.172830699999999524e+02 4.111976900000000228e+02
7.139181199999999308e+02 4.110442400000000021e+02
7.109094999999999800e+02 4.102487300000000232e+02
7.082650099999999611e+02 4.088931699999999978e+02
7.059982999999999720e+02 4.070596299999999701e+02
7.041227499999999964e+02 4.048322699999999941e+02
7.026479399999999487e+02 4.022949100000000158e+02
7.015857199999999239e+02 3.995296200000000226e+02
7.009494999999999436e+02 3.966185399999999959e+02
7.007487899999999854e+02 3.936455100000000016e+02
7.009974499999999580e+02 3.906946899999999800e+02
7.017068699999999808e+02 3.878462299999999914e+02
7.028866500000000315e+02 3.851838599999999815e+02
7.045523699999999963e+02 3.827918499999999540e+02
7.067136500000000296e+02 3.807521399999999403e+02
7.093820000000000618e+02 3.791486599999999498e+02
7.125692000000000235e+02 3.780636899999999514e+02
7.157207700000000159e+02 3.772656999999999243e+02
7.187366600000000290e+02 3.771352299999999218e+02
7.215796800000000530e+02 3.776023399999999128e+02
7.242187900000000127e+02 3.786024099999999066e+02
7.266208900000000313e+02 3.800649499999998966e+02
7.287529000000000678e+02 3.819216699999998923e+02
7.305836500000000342e+02 3.841080899999998906e+02
7.320779300000000376e+02 3.865536599999998657e+02
7.339292199999999866e+02 3.919568599999998924e+02
7.342201300000000401e+02 3.947795699999998646e+02
7.340458899999999858e+02 3.975897799999998483e+02
7.333698500000000422e+02 4.003232299999998531e+02
7.321627700000000232e+02 4.029092699999998786e+02
7.303897400000000744e+02 4.052835899999998901e+02
7.280193700000000945e+02 4.073756799999998748e+02
7.256224100000000590e+02 4.090147199999998975e+02
7.229819100000000844e+02 4.102157899999999131e+02
7.201761500000001206e+02 4.109537499999999000e+02
7.172832000000000789e+02 4.111974099999998771e+02
7.172830699999999524e+02 4.111976900000000228e+02
