6.866283499999999549e+02 4.387907599999999775e+02
6.832633199999999078e+02 4.386372099999999818e+02
6.802547899999999572e+02 4.378417099999999778e+02
6.776103099999999131e+02 4.364861499999999523e+02
6.753434799999998859e+02 4.346526999999999248e+02
6.734679399999998850e+02 4.324252399999999170e+02
6.719932399999999006e+02 4.298878899999999135e+02
6.709310099999999011e+02 4.271225999999999203e+02
6.702946999999999207e+02 4.242115099999999188e+02
6.700939699999998993e+02 4.212385799999998994e+02
6.703427399999999352e+02 4.182877599999998779e+02
6.710520699999999579e+02 4.154391999999998575e+02
6.722318399999999201e+02 4.127769199999998477e+02
6.738975699999999733e+02 4.103848199999998201e+02
6.760588500000000067e+02 4.083451099999998064e+02
6.787272799999999506e+02 4.067417399999998224e+02
6.819144999999999754e+02 4.056566699999998491e+02
6.850660699999999679e+02 4.048585799999998471e+02
6.880817999999999302e+02 4.047285999999998580e+02
6.909249299999999039e+02 4.051957199999998807e+02
6.935640399999998635e+02 4.061957899999998745e+02
6.959661399999998821e+02 4.076583299999998644e+02
6.980981399999998303e+02 4.095150499999998601e+02
6.999287999999997965e+02 4.117013599999998519e+02
7.014231899999997495e+02 4.141469499999998334e+02
7.032744699999997238e+02 4.195501399999998284e+02
7.035649799999997640e+02 4.223728499999998007e+02
7.033907299999997349e+02 4.251831599999998161e+02
7.027146999999997661e+02 4.279165099999997892e+02
7.015078099999997221e+02 4.305026599999997643e+02
6.997346799999996847e+02 4.328769699999997442e+02
6.973643099999997048e+02 4.349690599999997289e+02
6.949673499999996693e+02 4.366080999999997516e+02
6.923268499999996948e+02 4.378091699999997672e+02
6.895210899999997309e+02 4.385471299999997541e+02
6.866281599999997525e+02 4.387906999999997311e+02
6.866283499999999549e+02 4.387907599999999775e+02
