7.402197999999999638e+02 3.388817800000000489e+02
7.368547499999999673e+02 3.387283200000000534e+02
7.338461399999999912e+02 3.379327100000000428e+02
7.312017399999999725e+02 3.365772699999999986e+02
7.289349199999999200e+02 3.347438200000000279e+02
7.270593799999999192e+02 3.325163600000000770e+02
7.255846699999999601e+02 3.299790100000001303e+02
7.245224499999999352e+02 3.272137100000001055e+02
7.238861299999999801e+02 3.243026400000001104e+02
7.236854200000000219e+02 3.213295900000001666e+02
7.239337800000000698e+02 3.183787700000001450e+02
7.246431000000001177e+02 3.155303100000000995e+02
7.258228700000000799e+02 3.128680300000000898e+02
7.274886000000001332e+02 3.104759200000000874e+02
7.296498800000001665e+02 3.084362200000000485e+02
7.323183300000001736e+02 3.068327500000000327e+02
7.355055300000001353e+02 3.057477800000000343e+02
7.386570900000001529e+02 3.049497900000000072e+02
7.416729400000001533e+02 3.048197099999999864e+02
7.445159600000001774e+02 3.052868200000000343e+02
7.471550700000001370e+02 3.062868900000000849e+02
7.495571700000001556e+02 3.077494300000000749e+02
7.516891700000001038e+02 3.096061500000000706e+02
7.535199200000000701e+02 3.117925700000000688e+02
7.550143100000000231e+02 3.142381600000001072e+02
7.568655999999999722e+02 3.196412500000001273e+02
7.571564200000000255e+02 3.224639500000001817e+02
7.569821699999999964e+02 3.252742600000001403e+02
7.563062400000000025e+02 3.280076100000001134e+02
7.550992599999999584e+02 3.305936700000000883e+02
7.533261299999999210e+02 3.329679800000001251e+02
7.509558499999999412e+02 3.350601700000000847e+02
7.485587999999999056e+02 3.366991100000001325e+02
7.459183799999999565e+02 3.379002900000001546e+02
7.431125299999999925e+02 3.386382400000001098e+02
7.402196000000000140e+02 3.388818000000001120e+02
7.402197999999999638e+02 3.388817800000000489e+02
