8.269596900000000232e+02 5.637468400000000202e+02
8.235949600000000146e+02 5.635854799999999614e+02
8.205883700000000545e+02 5.627829100000000153e+02
8.179471000000000913e+02 5.614211800000000494e+02
8.156845100000000457e+02 5.595822900000000573e+02
8.138142800000000534e+02 5.573505000000000109e+02
8.123454700000000912e+02 5.548096100000000206e+02
8.112897100000001274e+02 5.520418899999999667e+02
8.106602500000001328e+02 5.491292900000000827e+02
8.104667500000001610e+02 5.461558600000000752e+02
8.107222800000001826e+02 5.432057099999999537e+02
8.114383600000002161e+02 5.403588399999999865e+02
8.126244200000002138e+02 5.376993400000000065e+02
8.142956800000001749e+02 5.353111999999999853e+02
8.164617600000001403e+02 5.332765500000000429e+02
8.191339100000001281e+02 5.316794299999999112e+02
8.223236000000001695e+02 5.306017699999999877e+02
8.254770200000001523e+02 5.298111999999999853e+02
8.284931900000001406e+02 5.296879300000000512e+02
8.313351400000001377e+02 5.301617200000000594e+02
8.339719400000001315e+02 5.311679599999999937e+02
8.363705800000001318e+02 5.326361600000000180e+02
8.384982000000001108e+02 5.344979299999999967e+02
8.403237600000001066e+02 5.366885700000000270e+02
8.418124400000001515e+02 5.391376999999999953e+02
8.436509800000001178e+02 5.445451299999999719e+02
8.439350400000000718e+02 5.473685599999998885e+02
8.437543800000000829e+02 5.501784900000000107e+02
8.430720200000000659e+02 5.529101799999999685e+02
8.418589500000000498e+02 5.554934399999999641e+02
8.400803100000000541e+02 5.578635899999999310e+02
8.377050100000000157e+02 5.599501199999999699e+02
8.353042500000000246e+02 5.615835099999999329e+02
8.326609100000000581e+02 5.627784599999999955e+02
8.298533800000000156e+02 5.635098800000000665e+02
8.269598200000000361e+02 5.637466299999999819e+02
8.269596900000000232e+02 5.637468400000000202e+02
