6.468133900000000267e+02 4.243699300000000108e+02
6.434483500000000049e+02 4.242163699999999835e+02
6.404397300000000541e+02 4.234208600000000047e+02
6.377953400000000101e+02 4.220653199999999856e+02
6.355285300000000461e+02 4.202317699999999832e+02
6.336529800000000705e+02 4.180044100000000071e+02
6.321782800000000861e+02 4.154670600000000036e+02
6.311160500000000866e+02 4.127017599999999788e+02
6.304797300000001314e+02 4.097906699999999773e+02
6.302790200000001732e+02 4.068176399999999830e+02
6.305273700000001327e+02 4.038669199999999933e+02
6.312368100000001050e+02 4.010183700000000044e+02
6.324165700000000925e+02 3.983560899999999947e+02
6.340822000000000571e+02 3.959639799999999923e+02
6.362434900000000653e+02 3.939242699999999786e+02
6.389119300000000976e+02 3.923207999999999629e+02
6.420991500000001224e+02 3.912357299999999896e+02
6.452507000000001653e+02 3.904378399999999942e+02
6.482665400000001910e+02 3.903077599999999734e+02
6.511095600000002150e+02 3.907748699999999644e+02
6.537486800000002631e+02 3.917749399999999582e+02
6.561507700000003069e+02 3.932374799999999482e+02
6.582827800000003435e+02 3.950941999999999439e+02
6.601135300000003099e+02 3.972806199999999421e+02
6.616079100000002882e+02 3.997262099999999236e+02
6.634591900000002624e+02 4.051293999999999187e+02
6.637500100000003158e+02 4.079520999999999162e+02
6.635757700000002615e+02 4.107623099999998999e+02
6.628997400000002926e+02 4.134956599999998730e+02
6.616927500000002738e+02 4.160817999999998733e+02
6.599197200000003249e+02 4.184561199999998848e+02
6.575493500000003451e+02 4.205482199999999011e+02
6.551523900000003096e+02 4.221872599999999238e+02
6.525118900000003350e+02 4.233883199999999078e+02
6.497060300000002826e+02 4.241262699999999199e+02
6.468131900000003043e+02 4.243699499999999034e+02
6.468133900000000267e+02 4.243699300000000108e+02
