7.103949599999999691e+02 3.688899299999999926e+02
7.070299299999999221e+02 3.687363699999999653e+02
7.040214099999999462e+02 3.679408699999999612e+02
7.013769199999999273e+02 3.665853099999999358e+02
6.991101999999999634e+02 3.647518699999999399e+02
6.972345599999999877e+02 3.625244099999999321e+02
6.957598699999999781e+02 3.599869599999999537e+02
6.946976200000000290e+02 3.572217599999999607e+02
6.940613200000000234e+02 3.543105799999999590e+02
6.938605999999999767e+02 3.513376399999999649e+02
6.941090500000000247e+02 3.483869300000000067e+02
6.948183800000000474e+02 3.455383699999999862e+02
6.959981500000000096e+02 3.428760899999999765e+02
6.976638800000000629e+02 3.404839899999999489e+02
6.998251600000000963e+02 3.384442799999999352e+02
7.024935900000000402e+02 3.368409099999998944e+02
7.056807100000000901e+02 3.357558199999998578e+02
7.088323900000001458e+02 3.349577499999998054e+02
7.118481300000001966e+02 3.348276599999998098e+02
7.146912400000002208e+02 3.352948799999998073e+02
7.173303600000002689e+02 3.362948399999997946e+02
7.197324500000003127e+02 3.377574899999998479e+02
7.218643500000002859e+02 3.396141999999998689e+02
7.236951100000003407e+02 3.418005199999998922e+02
7.251895000000002938e+02 3.442460999999998421e+02
7.270407800000002680e+02 3.496492999999998119e+02
7.273316000000003214e+02 3.524719999999998095e+02
7.271574400000002925e+02 3.552823199999997996e+02
7.264814200000002984e+02 3.580156699999997727e+02
7.252744300000002795e+02 3.606018199999997478e+02
7.235013100000003305e+02 3.629760199999997212e+02
7.211310300000003508e+02 3.650682299999997440e+02
7.187339800000003152e+02 3.667071499999997286e+02
7.160934700000003659e+02 3.679082299999997190e+02
7.132877100000004020e+02 3.686462799999997060e+02
7.103947700000004488e+02 3.688898399999997082e+02
7.103949599999999691e+02 3.688899299999999926e+02
