8.401701900000000478e+02 2.517273500000000013e+02
8.368051600000000008e+02 2.515738000000000056e+02
8.337966300000000501e+02 2.507782899999999700e+02
8.311521400000000313e+02 2.494227300000000014e+02
8.288853199999999788e+02 2.475892900000000054e+02
8.270097799999999779e+02 2.453618300000000545e+02
8.255350799999999936e+02 2.428244800000001078e+02
8.244728499999999940e+02 2.400591900000000578e+02
8.238365300000000389e+02 2.371481000000001131e+02
8.236358200000000807e+02 2.341750700000001189e+02
8.238841900000001033e+02 2.312242500000000973e+02
8.245935100000001512e+02 2.283757800000000771e+02
8.257733800000002020e+02 2.257135100000000421e+02
8.274390000000001919e+02 2.233214000000000397e+02
8.296002900000002001e+02 2.212816900000000260e+02
8.322687300000002324e+02 2.196782200000000103e+02
8.354559300000001940e+02 2.185932500000000118e+02
8.386075000000001864e+02 2.177952599999999848e+02
8.416233400000002121e+02 2.176651899999999387e+02
8.444663600000002361e+02 2.181322899999998981e+02
8.471054800000002842e+02 2.191323499999998603e+02
8.495075700000003280e+02 2.205948999999998250e+02
8.516395800000003646e+02 2.224516299999997955e+02
8.534703300000003310e+02 2.246380399999998190e+02
8.549647100000003093e+02 2.270836199999997689e+02
8.568159000000002834e+02 2.324868199999997387e+02
8.571068300000002864e+02 2.353094299999997929e+02
8.569325700000002826e+02 2.381197299999997767e+02
8.562566400000002886e+02 2.408530899999997246e+02
8.550495500000002949e+02 2.434392299999997249e+02
8.532765200000003460e+02 2.458135499999997364e+02
8.509061500000003662e+02 2.479056299999997464e+02
8.485091900000003307e+02 2.495446799999997438e+02
8.458686900000003561e+02 2.507457499999997026e+02
8.430629300000003923e+02 2.514837099999997463e+02
8.401698900000003505e+02 2.517273599999997487e+02
8.401701900000000478e+02 2.517273500000000013e+02
