6.140000000000000000e+02 4.532500999999999749e+02
6.106349599999999782e+02 4.530966299999999478e+02
6.076263500000000022e+02 4.523010299999999688e+02
6.049819599999999582e+02 4.509454799999999750e+02
6.027151399999999057e+02 4.491120299999999474e+02
6.008395999999999049e+02 4.468845799999999713e+02
5.993647899999998572e+02 4.443472199999999930e+02
5.983025599999998576e+02 4.415819099999999935e+02
5.976663499999998521e+02 4.386708499999999731e+02
5.974656199999998307e+02 4.356979099999999789e+02
5.977143899999998666e+02 4.327470999999999890e+02
5.984237199999998893e+02 4.298985299999999938e+02
5.996034899999998515e+02 4.272362499999999841e+02
6.012692099999998163e+02 4.248442399999999566e+02
6.034304899999998497e+02 4.228045399999999745e+02
6.060989299999998821e+02 4.212010799999999904e+02
6.092860499999999320e+02 4.201159900000000107e+02
6.124376099999999497e+02 4.193179999999999836e+02
6.154534599999999500e+02 4.191879199999999628e+02
6.182965799999999490e+02 4.196550399999999854e+02
6.209356899999999087e+02 4.206551099999999792e+02
6.233377799999999525e+02 4.221177500000000009e+02
6.254697799999999006e+02 4.239744800000000282e+02
6.273004399999998668e+02 4.261607900000000200e+02
6.287948299999998198e+02 4.286063700000000267e+02
6.306461099999997941e+02 4.340095600000000218e+02
6.309370299999998224e+02 4.368322800000000257e+02
6.307627699999998185e+02 4.396425800000000095e+02
6.300867499999998245e+02 4.423759299999999826e+02
6.288797699999997803e+02 4.449619799999999827e+02
6.271066399999997429e+02 4.473362899999999627e+02
6.247363699999997380e+02 4.494283799999999474e+02
6.223393099999997276e+02 4.510674199999999701e+02
6.196987999999997783e+02 4.522684899999999857e+02
6.168930299999997260e+02 4.530065500000000043e+02
6.140000999999997475e+02 4.532501100000000065e+02
6.140000000000000000e+02 4.532500999999999749e+02
