6.792672000000000025e+02 3.955370399999999904e+02
6.759021599999999808e+02 3.953834799999999632e+02
6.728936400000000049e+02 3.945879799999999591e+02
6.702491499999999860e+02 3.932324199999999337e+02
6.679823400000000220e+02 3.913988699999999312e+02
6.661067900000000463e+02 3.891715199999999300e+02
6.646320800000000872e+02 3.866341699999999264e+02
6.635698600000000624e+02 3.838688699999999017e+02
6.629335600000000568e+02 3.809576799999999253e+02
6.627329300000000103e+02 3.779847599999999375e+02
6.629812799999999697e+02 3.750340399999999477e+02
6.636906099999999924e+02 3.721854799999999273e+02
6.648703799999999546e+02 3.695231999999999175e+02
6.665360099999999193e+02 3.671310899999999151e+02
6.686972899999999527e+02 3.650913699999999267e+02
6.713657199999998966e+02 3.634880099999999175e+02
6.745529399999999214e+02 3.624029299999999125e+02
6.777045199999998886e+02 3.616048399999999106e+02
6.807203599999999142e+02 3.614747699999999213e+02
6.835633699999999635e+02 3.619419699999999125e+02
6.862024799999999232e+02 3.629420399999999063e+02
6.886046799999999166e+02 3.644045899999999278e+02
6.907365799999998899e+02 3.662613099999999235e+02
6.925673499999999194e+02 3.684476299999999469e+02
6.940617299999998977e+02 3.708932099999999537e+02
6.959129199999998718e+02 3.762963999999999487e+02
6.962038299999999253e+02 3.791191099999999210e+02
6.960295799999998962e+02 3.819294099999999048e+02
6.953536499999999023e+02 3.846627799999998842e+02
6.941465699999998833e+02 3.872488199999999097e+02
6.923735399999999345e+02 3.896231299999998896e+02
6.900031599999999798e+02 3.917153199999999060e+02
6.876062100000000328e+02 3.933542699999999286e+02
6.849656899999999951e+02 3.945554399999999191e+02
6.821599400000000060e+02 3.952933899999999312e+02
6.792670100000000275e+02 3.955369599999999082e+02
6.792672000000000025e+02 3.955370399999999904e+02
