7.722986499999999523e+02 3.080226199999999608e+02
7.689337199999999939e+02 3.078690799999999399e+02
7.659251100000000179e+02 3.070734699999999293e+02
7.632807099999999991e+02 3.057180099999999356e+02
7.610139000000000351e+02 3.038844699999999648e+02
7.591383500000000595e+02 3.016571099999999888e+02
7.576635500000001002e+02 2.991196499999999787e+02
7.566013100000001259e+02 2.963544600000000173e+02
7.559651100000000952e+02 2.934432800000000725e+02
7.557643800000000738e+02 2.904703500000000531e+02
7.560127500000000964e+02 2.875195300000000316e+02
7.567220800000001191e+02 2.846709600000000364e+02
7.579018500000000813e+02 2.820086800000000267e+02
7.595675700000000461e+02 2.796166799999999739e+02
7.617288500000000795e+02 2.775769699999999602e+02
7.643972900000001118e+02 2.759734999999999445e+02
7.675844100000001617e+02 2.748884199999999964e+02
7.707359700000001794e+02 2.740904299999999694e+02
7.737518200000001798e+02 2.739603599999999233e+02
7.765948400000002039e+02 2.744274599999998827e+02
7.792340400000001637e+02 2.754276299999999083e+02
7.816361400000001822e+02 2.768901799999998730e+02
7.837681400000001304e+02 2.787468999999998687e+02
7.855987900000001218e+02 2.809333099999998922e+02
7.870931800000000749e+02 2.833788899999998421e+02
7.889444700000000239e+02 2.887819999999998117e+02
7.892353900000000522e+02 2.916047099999998409e+02
7.890611300000000483e+02 2.944150099999998247e+02
7.883851100000000542e+02 2.971483599999997978e+02
7.871781200000000354e+02 2.997345099999997728e+02
7.854050799999999981e+02 3.021088199999998096e+02
7.830347199999999930e+02 3.042009099999997943e+02
7.806377499999999827e+02 3.058399499999998170e+02
7.779972500000000082e+02 3.070410299999998642e+02
7.751914000000000442e+02 3.077789699999998447e+02
7.722985500000000911e+02 3.080226399999997966e+02
7.722986499999999523e+02 3.080226199999999608e+02
