5.813675799999999754e+02 4.836134400000000255e+02
5.780025399999999536e+02 4.834598799999999983e+02
5.749939299999999776e+02 4.826642800000000193e+02
5.723495299999999588e+02 4.813088200000000256e+02
5.700827199999999948e+02 4.794752799999999979e+02
5.682071700000000192e+02 4.772479200000000219e+02
5.667324700000000348e+02 4.747104800000000182e+02
5.656702400000000353e+02 4.719452699999999936e+02
5.650339200000000801e+02 4.690341899999999669e+02
5.648332100000001219e+02 4.660611599999999726e+02
5.650815700000001698e+02 4.631103399999999510e+02
5.657909900000001926e+02 4.602618899999999371e+02
5.669706600000001799e+02 4.575995899999999210e+02
5.686363900000002332e+02 4.552074899999998934e+02
5.707976700000002666e+02 4.531677799999998797e+02
5.734661000000002105e+02 4.515644099999998957e+02
5.766533200000002353e+02 4.504793399999999224e+02
5.798048800000002529e+02 4.496813399999999206e+02
5.828207300000002533e+02 4.495512799999999061e+02
5.856637500000002774e+02 4.500183799999999223e+02
5.883028600000002371e+02 4.510184499999999161e+02
5.907050600000002305e+02 4.524810099999999125e+02
5.928369600000002038e+02 4.543377199999999334e+02
5.946677100000001701e+02 4.565241399999999317e+02
5.961621000000001231e+02 4.589697199999999384e+02
5.980133800000000974e+02 4.643729199999999651e+02
5.983042000000001508e+02 4.671956199999999626e+02
5.981299500000001217e+02 4.700058199999999715e+02
5.974540300000001025e+02 4.727391899999999509e+02
5.962470300000001089e+02 4.753253399999999260e+02
5.944739000000000715e+02 4.776996399999999312e+02
5.921035400000000664e+02 4.797917299999999159e+02
5.897065700000000561e+02 4.814307799999999133e+02
5.870660700000000816e+02 4.826318499999999290e+02
5.842603200000000925e+02 4.833697999999999411e+02
5.813673800000001393e+02 4.836133699999999180e+02
5.813675799999999754e+02 4.836134400000000255e+02
