8.077311300000000074e+02 2.787253899999999476e+02
8.043660999999999603e+02 2.785718299999999772e+02
8.013574699999999211e+02 2.777763199999999415e+02
7.987130799999998771e+02 2.764207799999999224e+02
7.964462599999998247e+02 2.745873199999999770e+02
7.945707199999998238e+02 2.723598700000000008e+02
7.930960199999998395e+02 2.698225200000000541e+02
7.920337899999998399e+02 2.670572200000000294e+02
7.913974799999998595e+02 2.641461300000000847e+02
7.911967599999998129e+02 2.611731000000000904e+02
7.914451099999997723e+02 2.582223800000000438e+02
7.921545499999997446e+02 2.553738299999999981e+02
7.933342199999997320e+02 2.527115400000000136e+02
7.949999399999996967e+02 2.503194399999999860e+02
7.971612299999997049e+02 2.482797299999999723e+02
7.998296699999997372e+02 2.466762599999999566e+02
8.030168799999997873e+02 2.455912799999999834e+02
8.061684399999998050e+02 2.447932899999999563e+02
8.091842799999998306e+02 2.446632199999999102e+02
8.120272999999998547e+02 2.451303299999999581e+02
8.146664199999999028e+02 2.461304000000000087e+02
8.170685099999999466e+02 2.475929399999999987e+02
8.192005199999999832e+02 2.494496599999999944e+02
8.210312699999999495e+02 2.516360799999999927e+02
8.225256499999999278e+02 2.540816700000000310e+02
8.243768399999999019e+02 2.594848500000000513e+02
8.246677599999999302e+02 2.623074700000000803e+02
8.244935099999999011e+02 2.651177700000000641e+02
8.238174699999999575e+02 2.678512200000000121e+02
8.226104899999999134e+02 2.704372700000000123e+02
8.208373699999999644e+02 2.728114699999999857e+02
8.184670899999999847e+02 2.749036800000000085e+02
8.160701400000000376e+02 2.765426200000000563e+02
8.134296300000000883e+02 2.777437800000000152e+02
8.106238700000001245e+02 2.784817400000000589e+02
8.077308300000000827e+02 2.787254000000000360e+02
8.077311300000000074e+02 2.787253899999999476e+02
