8.603147599999999784e+02 1.780258999999999787e+02
8.569498199999999315e+02 1.778724499999999580e+02
8.539412099999999555e+02 1.770768399999999474e+02
8.512968199999999115e+02 1.757212899999999536e+02
8.490299999999998590e+02 1.738878499999999576e+02
8.471544599999998582e+02 1.716603900000000067e+02
8.456797499999998990e+02 1.691230400000000600e+02
8.446175199999998995e+02 1.663577400000000353e+02
8.439812099999999191e+02 1.634466600000000653e+02
8.437804799999998977e+02 1.604737200000000712e+02
8.440292499999999336e+02 1.575229100000000244e+02
8.447385799999999563e+02 1.546743500000000040e+02
8.459183499999999185e+02 1.520120699999999943e+02
8.475840699999998833e+02 1.496200599999999667e+02
8.497453599999998914e+02 1.475802599999999529e+02
8.524137899999998353e+02 1.459768799999999374e+02
8.556009099999998853e+02 1.448917999999999893e+02
8.587525699999998778e+02 1.440938199999999370e+02
8.617683199999999033e+02 1.439637399999999161e+02
8.646114299999999275e+02 1.444309599999999136e+02
8.672505399999998872e+02 1.454310199999998758e+02
8.696526399999999057e+02 1.468935699999998405e+02
8.717846399999998539e+02 1.487502899999998363e+02
8.736152899999998453e+02 1.509366999999998598e+02
8.751096799999997984e+02 1.533822799999998097e+02
8.769609599999997727e+02 1.587854799999997795e+02
8.772514699999998129e+02 1.616081799999998339e+02
8.770772299999997585e+02 1.644183799999998428e+02
8.764012099999997645e+02 1.671517399999997906e+02
8.751943099999997457e+02 1.697378899999997657e+02
8.734211799999997083e+02 1.721121999999998025e+02
8.710508099999997285e+02 1.742042899999997871e+02
8.686538499999996930e+02 1.758433299999998098e+02
8.660133499999997184e+02 1.770443999999997686e+02
8.632075799999996661e+02 1.777824599999997872e+02
8.603145499999997128e+02 1.780260099999998147e+02
8.603147599999999784e+02 1.780258999999999787e+02
