5.490241800000000012e+02 5.132091199999999844e+02
5.456591499999999542e+02 5.130555600000000140e+02
5.426505300000000034e+02 5.122600499999999784e+02
5.400061399999999594e+02 5.109044999999999845e+02
5.377393299999999954e+02 5.090709499999999821e+02
5.358637800000000198e+02 5.068435900000000061e+02
5.343890800000000354e+02 5.043061500000000024e+02
5.333268400000000611e+02 5.015409500000000094e+02
5.326905300000000807e+02 4.986298699999999826e+02
5.324898100000000341e+02 4.956568299999999567e+02
5.327385800000000700e+02 4.927060199999999668e+02
5.334479000000001179e+02 4.898575499999999465e+02
5.346276700000000801e+02 4.871952799999999684e+02
5.362934000000001333e+02 4.848031699999999660e+02
5.384546800000001667e+02 4.827634599999999523e+02
5.411230300000001989e+02 4.811599899999999366e+02
5.443102500000002237e+02 4.800749099999999316e+02
5.474618900000002668e+02 4.792770299999999111e+02
5.504776500000002670e+02 4.791468499999999153e+02
5.533207600000002913e+02 4.796140699999999129e+02
5.559598800000003394e+02 4.806140399999999318e+02
5.583619700000003832e+02 4.820766799999999535e+02
5.604939700000003313e+02 4.839334099999999808e+02
5.623246400000003860e+02 4.861197199999999725e+02
5.638190200000003642e+02 4.885652999999999793e+02
5.656703000000003385e+02 4.939685000000000059e+02
5.659608200000003535e+02 4.967912099999999782e+02
5.657865600000003496e+02 4.996015099999999620e+02
5.651105400000003556e+02 5.023348599999999351e+02
5.639035600000003114e+02 5.049208999999999605e+02
5.621305200000002742e+02 5.072952299999999468e+02
5.597601500000002943e+02 5.093874099999999316e+02
5.573632000000003472e+02 5.110263599999999542e+02
5.547226800000003095e+02 5.122275299999998879e+02
5.519169200000003457e+02 5.129654899999999316e+02
5.490238800000003039e+02 5.132091399999999339e+02
5.490241800000000012e+02 5.132091199999999844e+02
