7.318823300000000245e+02 2.945289099999999962e+02
7.285172900000000027e+02 2.943753600000000006e+02
7.255087700000000268e+02 2.935798499999999649e+02
7.228642800000000079e+02 2.922242899999999963e+02
7.205974599999999555e+02 2.903908500000000004e+02
7.187219199999999546e+02 2.881633900000000494e+02
7.172472199999999702e+02 2.856260400000001027e+02
7.161849899999999707e+02 2.828607400000000780e+02
7.155486700000000155e+02 2.799496600000001081e+02
7.153479499999999689e+02 2.769767300000000887e+02
7.155963199999999915e+02 2.740258100000000923e+02
7.163057400000000143e+02 2.711773600000001352e+02
7.174855099999999766e+02 2.685150700000001507e+02
7.191511399999999412e+02 2.661229600000001483e+02
7.213124199999999746e+02 2.640832500000001346e+02
7.239808499999999185e+02 2.624798800000000938e+02
7.271680699999999433e+02 2.613948100000001205e+02
7.303196399999999358e+02 2.605968100000001186e+02
7.333354799999999614e+02 2.604667500000001610e+02
7.361784999999999854e+02 2.609338600000002089e+02
7.388177100000000337e+02 2.619339400000002342e+02
7.412198100000000522e+02 2.633964800000002242e+02
7.433517100000000255e+02 2.652531900000002452e+02
7.451824599999999919e+02 2.674396100000002434e+02
7.466768499999999449e+02 2.698852000000002818e+02
7.485280399999999190e+02 2.752882900000003019e+02
7.488189599999999473e+02 2.781110000000003311e+02
7.486447099999999182e+02 2.809213100000002896e+02
7.479687799999999243e+02 2.836546600000002627e+02
7.467616899999999305e+02 2.862408000000002630e+02
7.449886699999999564e+02 2.886150100000002112e+02
7.426182900000000018e+02 2.907072100000002592e+02
7.402213400000000547e+02 2.923461500000003070e+02
7.375808200000000170e+02 2.935473200000003544e+02
7.347750700000000279e+02 2.942852700000003097e+02
7.318821199999999862e+02 2.945289500000003500e+02
7.318823300000000245e+02 2.945289099999999962e+02
