7.925463399999999865e+02 5.929769499999999880e+02
7.891817200000000412e+02 5.928154899999999543e+02
7.861750299999999925e+02 5.920129200000000083e+02
7.835337600000000293e+02 5.906512000000000171e+02
7.812712599999999838e+02 5.888124000000000251e+02
7.794009399999999914e+02 5.865805100000000039e+02
7.779322200000000294e+02 5.840397299999999632e+02
7.768764600000000655e+02 5.812720100000000230e+02
7.762470000000000709e+02 5.783594200000000001e+02
7.760535000000000991e+02 5.753859700000000430e+02
7.763090400000000955e+02 5.724357400000000098e+02
7.770251200000001290e+02 5.695888600000000679e+02
7.782110800000001518e+02 5.669293499999999995e+02
7.798823400000001129e+02 5.645412099999999782e+02
7.820484200000000783e+02 5.625065500000000611e+02
7.847206700000000410e+02 5.609094400000000178e+02
7.879103400000000192e+02 5.598318900000000440e+02
7.910637800000000652e+02 5.590412200000000666e+02
7.940799500000000535e+02 5.589179500000000189e+02
7.969218900000000758e+02 5.593918300000000272e+02
7.995586900000000696e+02 5.603980700000000752e+02
8.019573300000000700e+02 5.618662700000000996e+02
8.040849500000000489e+02 5.637280400000000782e+02
8.059105200000000195e+02 5.659186000000000831e+02
8.073990999999999758e+02 5.683677000000000135e+02
8.092377199999999675e+02 5.737752500000001419e+02
8.095217999999999847e+02 5.765985800000000836e+02
8.093411399999999958e+02 5.794085100000000921e+02
8.086587700000000041e+02 5.821402800000000752e+02
8.074457099999999627e+02 5.847234600000001592e+02
8.056669699999999921e+02 5.870935900000001766e+02
8.032917599999999538e+02 5.891802400000001398e+02
8.008909899999999880e+02 5.908136300000001029e+02
7.982476699999999710e+02 5.920084700000002158e+02
7.954401399999999285e+02 5.927399000000001479e+02
7.925465799999999490e+02 5.929766400000000885e+02
7.925463399999999865e+02 5.929769499999999880e+02
