7.006722399999999880e+02 3.250188000000000557e+02
6.973071999999999662e+02 3.248653400000000602e+02
6.942986899999999650e+02 3.240697500000001128e+02
6.916541999999999462e+02 3.227141900000001442e+02
6.893873799999998937e+02 3.208807400000001735e+02
6.875118399999998928e+02 3.186532800000002226e+02
6.860371299999999337e+02 3.161159400000002506e+02
6.849748999999999342e+02 3.133506400000002259e+02
6.843385899999999538e+02 3.104395600000002560e+02
6.841378599999999324e+02 3.074666200000002618e+02
6.843866299999999683e+02 3.045158000000002403e+02
6.850959599999999909e+02 3.016672400000002199e+02
6.862757299999999532e+02 2.990049600000002101e+02
6.879414499999999180e+02 2.966129600000001574e+02
6.901027299999999514e+02 2.945732500000001437e+02
6.927711699999999837e+02 2.929697900000001027e+02
6.959583900000000085e+02 2.918847100000001547e+02
6.991099500000000262e+02 2.910867200000001276e+02
7.021258000000000266e+02 2.909566400000001067e+02
7.049688200000000506e+02 2.914237500000001546e+02
7.076079300000000103e+02 2.924238200000002053e+02
7.100100200000000541e+02 2.938864600000001701e+02
7.121420200000000023e+02 2.957431800000001658e+02
7.139726799999999685e+02 2.979294900000002144e+02
7.154670699999999215e+02 3.003750800000002528e+02
7.173183499999998958e+02 3.057782700000002478e+02
7.176088699999999108e+02 3.086009800000002770e+02
7.174347099999998818e+02 3.114113000000003240e+02
7.167586799999999130e+02 3.141446400000003223e+02
7.155516999999998689e+02 3.167306900000003225e+02
7.137785699999998315e+02 3.191050000000003593e+02
7.114082099999998263e+02 3.211970900000003439e+02
7.090112399999998161e+02 3.228361400000003414e+02
7.063707399999998415e+02 3.240372100000003002e+02
7.035649699999997893e+02 3.247752600000003440e+02
7.006720399999998108e+02 3.250188300000003210e+02
7.006722399999999880e+02 3.250188000000000557e+02
