7.638773800000000165e+02 2.663689399999999523e+02
7.605124500000000580e+02 2.662153899999999567e+02
7.575038300000001072e+02 2.654198799999999210e+02
7.548594400000000633e+02 2.640643299999999272e+02
7.525926300000000992e+02 2.622307799999999816e+02
7.507170800000001236e+02 2.600034299999999803e+02
7.492423800000001393e+02 2.574659799999999450e+02
7.481801400000001649e+02 2.547007799999998952e+02
7.475438400000001593e+02 2.517895899999998619e+02
7.473431200000001127e+02 2.488166599999998425e+02
7.475918700000000854e+02 2.458659499999998843e+02
7.483012000000001080e+02 2.430173899999998639e+02
7.494809700000000703e+02 2.403550999999998794e+02
7.511467000000001235e+02 2.379629999999998518e+02
7.533079800000001569e+02 2.359232899999998381e+02
7.559764100000001008e+02 2.343199199999997973e+02
7.591636400000001004e+02 2.332347499999998490e+02
7.623151900000001433e+02 2.324368599999997969e+02
7.653309500000001435e+02 2.323066799999998011e+02
7.681740500000001930e+02 2.327739999999997735e+02
7.708131600000001526e+02 2.337740599999997357e+02
7.732152600000001712e+02 2.352365999999997257e+02
7.753472600000001194e+02 2.370933299999996962e+02
7.771779200000000856e+02 2.392796299999996563e+02
7.786723100000000386e+02 2.417252099999996062e+02
7.805235900000000129e+02 2.471284199999995508e+02
7.808144100000000662e+02 2.499511199999996052e+02
7.806402500000000373e+02 2.527614399999996522e+02
7.799642300000000432e+02 2.554947899999996253e+02
7.787572499999999991e+02 2.580808299999996507e+02
7.769841199999999617e+02 2.604551399999996875e+02
7.746138399999999820e+02 2.625473399999997355e+02
7.722167899999999463e+02 2.641862699999996948e+02
7.695762699999999086e+02 2.653874399999997422e+02
7.667705199999999195e+02 2.661253899999996975e+02
7.638775699999998778e+02 2.663690599999996493e+02
7.638773800000000165e+02 2.663689399999999523e+02
