5.166924099999999953e+02 5.432473600000000715e+02
5.133273799999999483e+02 5.430938100000000759e+02
5.103188599999999724e+02 5.422983000000000402e+02
5.076743699999999535e+02 5.409427399999999579e+02
5.054075399999999263e+02 5.391093000000000757e+02
5.035320099999999002e+02 5.368818400000000111e+02
5.020572999999998842e+02 5.343445000000000391e+02
5.009950699999998847e+02 5.315792000000000144e+02
5.003588599999998792e+02 5.286681200000000445e+02
5.001581299999998578e+02 5.256951899999999114e+02
5.004064899999998488e+02 5.227443699999998898e+02
5.011158299999998462e+02 5.198958099999999831e+02
5.022955999999998653e+02 5.172335299999999734e+02
5.039613099999998553e+02 5.148415199999999459e+02
5.061225899999998319e+02 5.128018199999999069e+02
5.087909399999998072e+02 5.111983299999998849e+02
5.119781599999998321e+02 5.101132599999999115e+02
5.151297199999997929e+02 5.093152699999998845e+02
5.181455599999998185e+02 5.091851999999998952e+02
5.209885899999998173e+02 5.096522999999999115e+02
5.236277999999998656e+02 5.106523799999999369e+02
5.260298999999998841e+02 5.121149199999999837e+02
5.281617799999999079e+02 5.139717399999999543e+02
5.299925499999999374e+02 5.161580599999999777e+02
5.314869299999999157e+02 5.186036299999999528e+02
5.333382199999998647e+02 5.240068400000000111e+02
5.336290299999998297e+02 5.268295399999999518e+02
5.334547799999998006e+02 5.296398399999999356e+02
5.327788499999998066e+02 5.323731999999999971e+02
5.315718699999997625e+02 5.349592499999998836e+02
5.297987399999997251e+02 5.373335599999999204e+02
5.274283699999997452e+02 5.394256399999999303e+02
5.250314099999997097e+02 5.410646899999999277e+02
5.223909099999997352e+02 5.422657600000000002e+02
5.195851499999997714e+02 5.430037199999999302e+02
5.166922099999998181e+02 5.432473799999999073e+02
5.166924099999999953e+02 5.432473600000000715e+02
