8.925561699999999519e+02 1.499941199999999526e+02
8.891911299999999301e+02 1.498405500000000075e+02
8.861826099999999542e+02 1.490450600000000350e+02
8.835381199999999353e+02 1.476895000000000664e+02
8.812712999999998829e+02 1.458560400000001209e+02
8.793957599999998820e+02 1.436285900000001448e+02
8.779210499999999229e+02 1.410912400000001981e+02
8.768588299999998981e+02 1.383259400000001733e+02
8.762225099999999429e+02 1.354148600000002034e+02
8.760217899999998963e+02 1.324419200000002093e+02
8.762701499999999442e+02 1.294911000000001877e+02
8.769795799999999417e+02 1.266425500000001421e+02
8.781593399999999292e+02 1.239803700000001072e+02
8.798250699999999824e+02 1.215882700000000796e+02
8.819863500000000158e+02 1.195485600000000659e+02
8.846546799999999848e+02 1.179451900000000251e+02
8.878419000000000096e+02 1.168601100000000770e+02
8.909934600000000273e+02 1.160621200000000499e+02
8.940093200000000024e+02 1.159319400000000542e+02
8.968523300000000518e+02 1.163991500000000769e+02
8.994914400000000114e+02 1.173992200000001276e+02
9.018935400000000300e+02 1.188617600000001175e+02
9.040256299999999783e+02 1.207186000000001513e+02
9.058562899999999445e+02 1.229049100000001999e+02
9.073506799999998975e+02 1.253504900000001498e+02
9.092018699999998717e+02 1.307535700000001953e+02
9.094923699999998234e+02 1.335763800000001993e+02
9.093181299999997691e+02 1.363865900000001830e+02
9.086422099999997499e+02 1.391199400000001560e+02
9.074351099999997814e+02 1.417060800000001564e+02
9.056620799999998326e+02 1.440803900000001931e+02
9.032917099999998527e+02 1.461724900000001526e+02
9.008947499999998172e+02 1.478115400000001500e+02
8.982543499999998176e+02 1.490126200000001973e+02
8.954484899999997651e+02 1.497505600000001778e+02
8.925555499999998119e+02 1.499942300000001296e+02
8.925561699999999519e+02 1.499941199999999526e+02
