8.296822200000000294e+02 2.083205400000000509e+02
8.263171899999999823e+02 2.081669900000000553e+02
8.233085700000000315e+02 2.073714800000000196e+02
8.206640800000000127e+02 2.060159200000000510e+02
8.183973600000000488e+02 2.041824800000000550e+02
8.165218200000000479e+02 2.019550300000000789e+02
8.150470200000000887e+02 1.994175600000000941e+02
8.139848800000000892e+02 1.966523800000001074e+02
8.133485700000001088e+02 1.937412900000001628e+02
8.131478500000000622e+02 1.907682600000001685e+02
8.133966100000000097e+02 1.878175500000002103e+02
8.141059400000000323e+02 1.849689800000002151e+02
8.152857099999999946e+02 1.823067100000001801e+02
8.169514400000000478e+02 1.799146000000001777e+02
8.191127200000000812e+02 1.778748900000001640e+02
8.217811600000001135e+02 1.762714200000001483e+02
8.249682800000001635e+02 1.751863400000002002e+02
8.281198500000001559e+02 1.743883500000001732e+02
8.311356900000001815e+02 1.742582800000001271e+02
8.339788000000002057e+02 1.747255000000001246e+02
8.366179100000001654e+02 1.757255600000000868e+02
8.390199900000001207e+02 1.771882200000001149e+02
8.411520000000001573e+02 1.790449400000001106e+02
8.429826600000001235e+02 1.812312500000001592e+02
8.444770300000001271e+02 1.836769300000001977e+02
8.463283300000001645e+02 1.890800300000001926e+02
8.466192500000001928e+02 1.919027400000002217e+02
8.464449900000001890e+02 1.947130400000002055e+02
8.457689700000001949e+02 1.974463900000001786e+02
8.445619700000002013e+02 2.000325400000001537e+02
8.427888600000002270e+02 2.024067400000001271e+02
8.404185700000002726e+02 2.044989400000001751e+02
8.380216200000003255e+02 2.061378900000001977e+02
8.353811100000003762e+02 2.073390600000002451e+02
8.325752500000003238e+02 2.080770000000002256e+02
8.296824100000003455e+02 2.083206700000001774e+02
8.296822200000000294e+02 2.083205400000000509e+02
