6.585947499999999764e+02 2.481728299999999763e+02
6.586930499999999711e+02 2.448057599999999638e+02
6.594391699999999901e+02 2.417845599999999422e+02
6.607511200000000144e+02 2.391182099999999764e+02
6.625471900000000005e+02 2.368216599999999517e+02
6.647435500000000275e+02 2.349098199999999679e+02
6.672563999999999851e+02 2.333936999999999671e+02
6.700038899999999558e+02 2.322862299999999323e+02
6.729041499999999587e+02 2.316023199999999633e+02
6.758734200000000101e+02 2.313528699999999390e+02
6.788279200000000628e+02 2.315531899999999723e+02
6.816877000000000635e+02 2.322156999999999698e+02
6.843690100000001166e+02 2.333516799999999876e+02
6.867880200000000741e+02 2.349779300000000148e+02
6.888629400000000942e+02 2.371054300000000694e+02
6.905099100000001044e+02 2.397472000000000207e+02
6.916470900000000483e+02 2.429161500000000160e+02
6.924966500000000451e+02 2.460542500000000246e+02
6.926761800000000449e+02 2.490675200000000586e+02
6.922557500000000346e+02 2.519178500000000440e+02
6.912991100000000415e+02 2.545730399999999918e+02
6.898760800000000017e+02 2.569988200000000234e+02
6.880546100000000251e+02 2.591609399999999823e+02
6.858985800000000381e+02 2.610272699999999304e+02
6.834777900000000272e+02 2.625615299999999479e+02
6.781057200000000194e+02 2.645011799999999766e+02
6.752881600000000617e+02 2.648379400000000032e+02
6.724754000000000360e+02 2.647098099999999476e+02
6.697313100000000077e+02 2.640787399999999252e+02
6.671257799999999634e+02 2.629143099999998867e+02
6.647227199999999812e+02 2.611804099999999380e+02
6.625919699999999466e+02 2.588446999999999889e+02
6.609138999999998987e+02 2.564749399999999468e+02
6.596696399999998448e+02 2.538545199999999795e+02
6.588857299999998531e+02 2.510611800000000358e+02
6.585947099999998500e+02 2.481725999999999885e+02
6.585947499999999764e+02 2.481728299999999763e+02
