4.691511899999999855e+02 1.053813199999999597e+02
4.692494899999999802e+02 1.020142599999999220e+02
4.699955699999999865e+02 9.899304999999992560e+01
4.713075599999999667e+02 9.632670999999993455e+01
4.731036299999999528e+02 9.403014999999993506e+01
4.752999899999999798e+02 9.211831999999992604e+01
4.778128099999999563e+02 9.060219999999992524e+01
4.805602999999999838e+02 8.949471999999991567e+01
4.834605899999999679e+02 8.881081999999992149e+01
4.864298699999999940e+02 8.856136999999989712e+01
4.893843200000000024e+02 8.876129999999989195e+01
4.922441400000000158e+02 8.942381999999986419e+01
4.949254099999999994e+02 9.055978999999990720e+01
4.973444600000000264e+02 9.218600999999989654e+01
4.994193500000000085e+02 9.431353999999987536e+01
5.010663099999999872e+02 9.695531999999991513e+01
5.022034999999999627e+02 1.001242699999999104e+02
5.030530999999999722e+02 1.032623699999999189e+02
5.032326199999999972e+02 1.062756399999999530e+02
5.028121499999999742e+02 1.091259699999999384e+02
5.018555199999999559e+02 1.117811599999998862e+02
5.004325199999999541e+02 1.142068999999999050e+02
4.986110199999999395e+02 1.163690499999999020e+02
4.964549899999999525e+02 1.182353799999998500e+02
4.940342399999999543e+02 1.197696799999998802e+02
4.886621299999999337e+02 1.217092999999998710e+02
4.858446099999999319e+02 1.220464299999998730e+02
4.830318099999999504e+02 1.219183099999999058e+02
4.802877199999999220e+02 1.212872399999998834e+02
4.776821899999999346e+02 1.201228399999998828e+02
4.752791599999999335e+02 1.183889099999998962e+02
4.731484199999999305e+02 1.160531999999999471e+02
4.714703399999999078e+02 1.136834299999999303e+02
4.702260899999998855e+02 1.110630099999999629e+02
4.694421699999998623e+02 1.082696799999999939e+02
4.691511499999998591e+02 1.053811299999999846e+02
4.691511899999999855e+02 1.053813199999999597e+02
