4.578810399999999845e+02 1.444393400000000156e+02
4.579793399999999792e+02 1.410722700000000032e+02
4.587254199999999855e+02 1.380510699999999815e+02
4.600374099999999657e+02 1.353847299999999905e+02
4.618334799999999518e+02 1.330881699999999910e+02
4.640298299999999472e+02 1.311763300000000072e+02
4.665426599999999553e+02 1.296602199999999812e+02
4.692901099999999701e+02 1.285527399999999716e+02
4.721904099999999858e+02 1.278688300000000027e+02
4.751596799999999803e+02 1.276193799999999783e+02
4.781141799999999762e+02 1.278197000000000116e+02
4.809739599999999768e+02 1.284822100000000091e+02
4.836552299999999605e+02 1.296181900000000269e+02
4.860742799999999875e+02 1.312444400000000542e+02
4.881491599999999949e+02 1.333719400000001087e+02
4.897961700000000178e+02 1.360137100000000601e+02
4.909333500000000186e+02 1.391826600000000553e+02
4.917829100000000153e+02 1.423207600000000639e+02
4.919624400000000151e+02 1.453340300000000980e+02
4.915419699999999921e+02 1.481843600000000833e+02
4.905853299999999990e+02 1.508395500000000311e+02
4.891623399999999720e+02 1.532653300000000627e+02
4.873408299999999826e+02 1.554274500000000216e+02
4.851847999999999956e+02 1.572937799999999697e+02
4.827640499999999975e+02 1.588280799999999999e+02
4.773919799999999896e+02 1.607676900000000160e+02
4.745744199999999751e+02 1.611044500000000426e+02
4.717616599999999494e+02 1.609763199999999870e+02
4.690175699999999779e+02 1.603452899999999772e+02
4.664120499999999652e+02 1.591808599999999387e+02
4.640090099999999893e+02 1.574469199999999773e+02
4.618782600000000116e+02 1.551112499999999272e+02
4.602001900000000205e+02 1.527414499999998725e+02
4.589559300000000235e+02 1.501210299999999052e+02
4.581720200000000318e+02 1.473276899999999614e+02
4.578810000000000286e+02 1.444391499999999269e+02
4.578810399999999845e+02 1.444393400000000156e+02
