5.929601199999999608e+02 6.117956199999999853e+02
5.930584199999999555e+02 6.084285499999999729e+02
5.938044999999999618e+02 6.054073100000000522e+02
5.951164499999999862e+02 6.027409999999999854e+02
5.969125099999999975e+02 6.004444499999999607e+02
5.991088700000000244e+02 5.985326099999999769e+02
6.016217300000000705e+02 5.970164499999999634e+02
6.043692200000000412e+02 5.959090099999999666e+02
6.072694800000000441e+02 5.952250699999999597e+02
6.102387899999999945e+02 5.949756199999999353e+02
6.131932500000000346e+02 5.951759399999998550e+02
6.160530300000000352e+02 5.958384899999998652e+02
6.187343400000000884e+02 5.969744199999998955e+02
6.211533500000000458e+02 5.986006799999998975e+02
6.232282700000000659e+02 6.007282099999998763e+02
6.248752400000000762e+02 6.033699899999999161e+02
6.260124200000000201e+02 6.065389399999999114e+02
6.268620200000000295e+02 6.096769999999999072e+02
6.270415500000000293e+02 6.126903099999998403e+02
6.266210800000000063e+02 6.155406399999998257e+02
6.256644400000000132e+02 6.181957899999998745e+02
6.242414499999999862e+02 6.206215699999997923e+02
6.224199399999999969e+02 6.227837199999999029e+02
6.202639100000000099e+02 6.246500499999998510e+02
6.178431199999999990e+02 6.261843099999998685e+02
6.124710499999999911e+02 6.281239699999998720e+02
6.096534900000000334e+02 6.284607199999998102e+02
6.068407300000000077e+02 6.283325999999998430e+02
6.040966399999999794e+02 6.277015699999998333e+02
6.014911099999999351e+02 6.265371299999998200e+02
5.990880899999999656e+02 6.248031999999998334e+02
5.969572999999999183e+02 6.224675299999998970e+02
5.952792299999998704e+02 6.200977299999998422e+02
5.940349699999998165e+02 6.174772999999997865e+02
5.932510999999998376e+02 6.146839699999998174e+02
5.929600699999998596e+02 6.117954299999998966e+02
5.929601199999999608e+02 6.117956199999999853e+02
