6.761759399999999687e+02 3.228500699999999597e+02
6.762742399999999634e+02 3.194829999999999472e+02
6.770203199999999697e+02 3.164617599999999129e+02
6.783323100000000068e+02 3.137954499999999598e+02
6.801283799999999928e+02 3.114988999999999351e+02
6.823247400000000198e+02 3.095870599999999513e+02
6.848375499999999647e+02 3.080708999999999378e+02
6.875850399999999354e+02 3.069634599999999409e+02
6.904853399999999510e+02 3.062795199999999340e+02
6.934546100000000024e+02 3.060300699999999097e+02
6.964090700000000425e+02 3.062303899999999430e+02
6.992688900000000558e+02 3.068929399999999532e+02
7.019501600000000963e+02 3.080289099999999962e+02
7.043692100000000664e+02 3.096551299999999856e+02
7.064440900000000738e+02 3.117826599999999644e+02
7.080910600000000841e+02 3.144244400000000041e+02
7.092282400000000280e+02 3.175933899999999994e+02
7.100778500000000122e+02 3.207314499999999953e+02
7.102573700000000372e+02 3.237447600000000421e+02
7.098369000000000142e+02 3.265950900000000274e+02
7.088802600000000211e+02 3.292502400000000762e+02
7.074572699999999941e+02 3.316760200000001078e+02
7.056357699999999795e+02 3.338381700000001047e+02
7.034797300000000178e+02 3.357045000000000528e+02
7.010589899999999943e+02 3.372388000000000829e+02
6.956868799999999737e+02 3.391784200000000737e+02
6.928693499999999403e+02 3.395155500000000757e+02
6.900565499999999020e+02 3.393874300000001085e+02
6.873124699999998484e+02 3.387563600000000861e+02
6.847069299999998293e+02 3.375919200000000728e+02
6.823039099999998598e+02 3.358580300000000989e+02
6.801731599999998252e+02 3.335223200000001498e+02
6.784950899999997773e+02 3.311525200000000950e+02
6.772508299999997234e+02 3.285320900000000393e+02
6.764669199999997318e+02 3.257387600000000702e+02
6.761758999999997286e+02 3.228502200000000357e+02
6.761759399999999687e+02 3.228500699999999597e+02
