7.364786500000000160e+02 3.853653499999999781e+02
7.365769500000000107e+02 3.819982799999999656e+02
7.373230300000000170e+02 3.789770699999999692e+02
7.386350200000000541e+02 3.763107299999999782e+02
7.404310900000000402e+02 3.740141799999999535e+02
7.426274500000000671e+02 3.721023399999999697e+02
7.451403100000001132e+02 3.705862199999999689e+02
7.478878000000000839e+02 3.694787799999999720e+02
7.507880500000001120e+02 3.687948399999999651e+02
7.537573600000000624e+02 3.685453899999999408e+02
7.567118200000001025e+02 3.687456999999999425e+02
7.595716400000001158e+02 3.694082599999999275e+02
7.622529100000001563e+02 3.705441899999999009e+02
7.646719600000001265e+02 3.721704499999999030e+02
7.667468400000001338e+02 3.742979799999998818e+02
7.683938500000001568e+02 3.769397599999998647e+02
7.695310000000001764e+02 3.801086999999998852e+02
7.703806000000001859e+02 3.832467699999999127e+02
7.705601200000002109e+02 3.862600399999998899e+02
7.701396500000001879e+02 3.891103699999998753e+02
7.691830100000001949e+02 3.917655599999998799e+02
7.677600200000001678e+02 3.941913399999998546e+02
7.659385200000001532e+02 3.963534499999998388e+02
7.637824900000001662e+02 3.982197799999998438e+02
7.613617400000001680e+02 3.997540799999998171e+02
7.559896300000001474e+02 4.016937399999998206e+02
7.531721000000001141e+02 4.020304899999998156e+02
7.503593000000000757e+02 4.019023699999997916e+02
7.476152200000000221e+02 4.012712999999997692e+02
7.450096899999999778e+02 4.001068999999997686e+02
7.426066200000000208e+02 3.983729699999997820e+02
7.404758800000000747e+02 3.960372599999997760e+02
7.387978000000000520e+02 3.936674599999997781e+02
7.375535500000000866e+02 3.910470699999997919e+02
7.367696300000001202e+02 3.882537399999997660e+02
7.364786100000001170e+02 3.853651599999997757e+02
7.364786500000000160e+02 3.853653499999999781e+02
