5.701404999999999745e+02 1.534662499999999454e+02
5.702387999999999693e+02 1.500991799999999330e+02
5.709849199999999882e+02 1.470779799999999113e+02
5.722968700000000126e+02 1.444116399999999203e+02
5.740929399999999987e+02 1.421150799999999208e+02
5.762893000000000256e+02 1.402032499999999118e+02
5.788021499999999833e+02 1.386871299999999110e+02
5.815496399999999539e+02 1.375796499999999014e+02
5.844498999999999569e+02 1.368956999999999198e+02
5.874191700000000083e+02 1.366462599999998702e+02
5.903736700000000610e+02 1.368465699999998151e+02
5.932334500000000617e+02 1.375091199999998253e+02
5.959147600000001148e+02 1.386450999999998430e+02
5.983337700000000723e+02 1.402713099999998576e+02
6.004086900000000924e+02 1.423988499999998112e+02
6.020556600000001026e+02 1.450406199999997625e+02
6.031928400000000465e+02 1.482095699999997578e+02
6.040424000000000433e+02 1.513476699999997663e+02
6.042219300000000430e+02 1.543609399999998004e+02
6.038015000000000327e+02 1.572112699999997858e+02
6.028448600000000397e+02 1.598664599999997336e+02
6.014218299999999999e+02 1.622921999999997524e+02
5.996003600000000233e+02 1.644543599999997241e+02
5.974443300000000363e+02 1.663206899999996722e+02
5.950235400000000254e+02 1.678549499999996897e+02
5.896514799999999923e+02 1.697945999999997184e+02
5.868339099999999462e+02 1.701313599999997450e+02
5.840211499999999205e+02 1.700032299999996894e+02
5.812770599999998922e+02 1.693721699999996417e+02
5.786715299999998479e+02 1.682077699999996412e+02
5.762684699999998656e+02 1.664738299999996798e+02
5.741377199999998311e+02 1.641381199999997307e+02
5.724596499999997832e+02 1.617683599999996886e+02
5.712153899999997293e+02 1.591479399999997213e+02
5.704314799999997376e+02 1.563545999999997775e+02
5.701404599999997345e+02 1.534660599999997430e+02
5.701404999999999745e+02 1.534662499999999454e+02
