7.489501400000000331e+02 3.420545200000000250e+02
7.490484400000000278e+02 3.386874500000000126e+02
7.497945200000000341e+02 3.356662099999999782e+02
7.511065399999999954e+02 3.329998699999999872e+02
7.529026099999999815e+02 3.307033099999999877e+02
7.550989700000000084e+02 3.287914799999999786e+02
7.576118300000000545e+02 3.272753599999999778e+02
7.603592800000000125e+02 3.261678799999999683e+02
7.632595800000000281e+02 3.254839699999999993e+02
7.662288500000000795e+02 3.252345199999999750e+02
7.691833400000000438e+02 3.254344599999999446e+02
7.720431200000000445e+02 3.260970099999999547e+02
7.747244000000000597e+02 3.272329499999999598e+02
7.771434500000000298e+02 3.288591999999999871e+02
7.792183300000000372e+02 3.309867399999999407e+02
7.808653400000000602e+02 3.336284799999999677e+02
7.820024800000001051e+02 3.367974600000000009e+02
7.828520800000001145e+02 3.399355299999999716e+02
7.830316100000001143e+02 3.429488299999999299e+02
7.826111400000000913e+02 3.457991599999999153e+02
7.816545000000000982e+02 3.484543199999999388e+02
7.802315100000000712e+02 3.508800899999998819e+02
7.784100400000000946e+02 3.530422499999998536e+02
7.762540100000001075e+02 3.549085799999998585e+02
7.738332200000000967e+02 3.564428399999998760e+02
7.684611500000000888e+02 3.583824899999998479e+02
7.656435900000001311e+02 3.587192499999998745e+02
7.628308300000001054e+02 3.585911199999998757e+02
7.600867400000000771e+02 3.579600899999998660e+02
7.574812100000000328e+02 3.567956599999998843e+02
7.550781500000000506e+02 3.550617199999998661e+02
7.529474000000000160e+02 3.527260499999998729e+02
7.512693299999999681e+02 3.503562499999998181e+02
7.500250300000000152e+02 3.477358299999998508e+02
7.492411200000000235e+02 3.449424899999999070e+02
7.489501000000000204e+02 3.420539499999998725e+02
7.489501400000000331e+02 3.420545200000000250e+02
