3.126327299999999809e+02 3.730607200000000034e+02
3.127389399999999569e+02 3.696938799999999787e+02
3.134921199999999430e+02 3.666744599999999537e+02
3.148103899999999271e+02 3.640111699999999360e+02
3.166118199999999092e+02 3.617188499999999181e+02
3.188126799999998866e+02 3.598121899999999300e+02
3.213290499999998815e+02 3.583019699999999261e+02
3.240791099999999005e+02 3.572009599999999523e+02
3.269809899999999061e+02 3.565238199999999438e+02
3.299508699999998953e+02 3.562815499999999247e+02
3.329048699999999030e+02 3.564886699999998996e+02
3.357630999999998949e+02 3.571579399999998827e+02
3.384416899999998805e+02 3.583001899999998727e+02
3.408569199999998887e+02 3.599320799999998712e+02
3.429268199999999069e+02 3.620644899999998643e+02
3.445675899999998819e+02 3.647101199999998471e+02
3.456973299999999085e+02 3.678817499999998404e+02
3.465395599999998808e+02 3.710218199999998205e+02
3.467122799999999074e+02 3.740354599999998300e+02
3.462851199999998926e+02 3.768848099999998453e+02
3.453222499999998831e+02 3.795377399999998715e+02
3.438935499999998910e+02 3.819601899999998977e+02
3.420669799999998872e+02 3.841180299999999193e+02
3.399065999999999121e+02 3.859792999999999097e+02
3.374822199999999270e+02 3.875078899999999180e+02
3.321056199999999308e+02 3.894349199999999200e+02
3.292872599999999466e+02 3.897652499999999236e+02
3.264747999999999593e+02 3.896306999999999334e+02
3.237322199999999839e+02 3.889931699999999068e+02
3.211294199999999819e+02 3.878226499999998964e+02
3.187304399999999873e+02 3.860830899999999133e+02
3.166052099999999996e+02 3.837423899999998866e+02
3.149326899999999796e+02 3.813686899999999014e+02
3.136945599999999672e+02 3.787453199999998787e+02
3.129172199999999862e+02 3.759501699999999005e+02
3.126329999999999814e+02 3.730609499999998775e+02
3.126327299999999809e+02 3.730607200000000034e+02
