8.386887900000000400e+02 4.368325199999999882e+02
8.387867899999999963e+02 4.334654499999999757e+02
8.395327899999999772e+02 4.304442499999999541e+02
8.408447899999999890e+02 4.277779099999999630e+02
8.426408900000000131e+02 4.254813499999999635e+02
8.448372900000000527e+02 4.235695199999999545e+02
8.473500900000000229e+02 4.220533999999999537e+02
8.500975899999999683e+02 4.209459199999999441e+02
8.529978899999999840e+02 4.202620099999999184e+02
8.559670899999999847e+02 4.200125699999999256e+02
8.589215900000000374e+02 4.202128799999999273e+02
8.617813899999999876e+02 4.208753899999999248e+02
8.644626899999999523e+02 4.220113699999999426e+02
8.668816899999999350e+02 4.236376199999999699e+02
8.689566899999999805e+02 4.257651199999999676e+02
8.706035899999999401e+02 4.284068999999999505e+02
8.717407899999999472e+02 4.315758399999999710e+02
8.725903899999999567e+02 4.347139499999999543e+02
8.727698899999999185e+02 4.377272099999999568e+02
8.723493899999999712e+02 4.405775399999999422e+02
8.713927899999999909e+02 4.432327399999999216e+02
8.699697899999999890e+02 4.456585099999999215e+02
8.681482899999999745e+02 4.478206299999999374e+02
8.659922900000000254e+02 4.496869599999999423e+02
8.635714900000000398e+02 4.512212199999999598e+02
8.581993899999999940e+02 4.531608799999999633e+02
8.553818899999999985e+02 4.534980099999999652e+02
8.525690899999999601e+02 4.533698799999999665e+02
8.498249899999999570e+02 4.527388199999999756e+02
8.472194899999999507e+02 4.515743799999999624e+02
8.448163899999999558e+02 4.498404799999999568e+02
8.426856899999999087e+02 4.475047699999999509e+02
8.410075899999999365e+02 4.451349699999999530e+02
8.397633899999999585e+02 4.425145499999999288e+02
8.389793899999999667e+02 4.397212499999999409e+02
8.386883899999999130e+02 4.368326699999999505e+02
8.386887900000000400e+02 4.368325199999999882e+02
