5.422312600000000202e+02 1.232050799999999526e+02
5.423295600000000150e+02 1.198380199999999149e+02
5.430756400000000212e+02 1.168167799999998806e+02
5.443876300000000583e+02 1.141504699999999275e+02
5.461836600000000317e+02 1.118539199999999028e+02
5.483800200000000586e+02 1.099420799999999190e+02
5.508928700000000163e+02 1.084259599999999182e+02
5.536403599999999869e+02 1.073184799999999086e+02
5.565406600000000026e+02 1.066345799999999144e+02
5.595098900000000413e+02 1.063851299999998901e+02
5.624643900000000940e+02 1.065850699999998596e+02
5.653242100000001074e+02 1.072475799999998571e+02
5.680054800000001478e+02 1.083835499999999001e+02
5.704245300000001180e+02 1.100098099999999022e+02
5.724994100000001254e+02 1.121372999999998683e+02
5.741463800000001356e+02 1.147790799999999081e+02
5.752835600000000795e+02 1.179480299999999033e+02
5.761331600000000890e+02 1.210861299999999119e+02
5.763126900000000887e+02 1.240993999999999460e+02
5.758922200000000657e+02 1.269497299999999314e+02
5.749355800000000727e+02 1.296049199999998791e+02
5.735125900000000456e+02 1.320306999999999107e+02
5.716910800000000563e+02 1.341928099999998949e+02
5.695350500000000693e+02 1.360591399999998430e+02
5.671142700000000332e+02 1.375934099999998352e+02
5.617422000000000253e+02 1.395330599999998640e+02
5.589246299999999792e+02 1.398701899999998659e+02
5.561118699999999535e+02 1.397420699999998988e+02
5.533677799999999252e+02 1.391110399999998890e+02
5.507622499999998809e+02 1.379465999999998758e+02
5.483592299999999113e+02 1.362127099999999018e+02
5.462284799999998768e+02 1.338769999999999527e+02
5.445504099999998289e+02 1.315071899999999232e+02
5.433061499999997750e+02 1.288867699999999559e+02
5.425222399999997833e+02 1.260934699999999111e+02
5.422312199999997802e+02 1.232048999999999523e+02
5.422312600000000202e+02 1.232050799999999526e+02
