5.267118400000000520e+02 1.647851799999999685e+02
5.268101400000000467e+02 1.614181099999999560e+02
5.275562200000000530e+02 1.583969099999999344e+02
5.288682100000000901e+02 1.557305699999999433e+02
5.306642400000000634e+02 1.534340099999999438e+02
5.328606300000000147e+02 1.515221699999999601e+02
5.353734500000000480e+02 1.500060499999999593e+02
5.381209400000000187e+02 1.488985799999999244e+02
5.410212400000000343e+02 1.482146699999999555e+02
5.439904700000000730e+02 1.479652199999999311e+02
5.469449700000001258e+02 1.481651599999999007e+02
5.498047800000001644e+02 1.488276699999998982e+02
5.524860600000001796e+02 1.499636499999999160e+02
5.549051100000001497e+02 1.515898999999999432e+02
5.569799900000001571e+02 1.537173999999999978e+02
5.586269600000001674e+02 1.563591800000000376e+02
5.597641400000001113e+02 1.595281200000000581e+02
5.606137400000001207e+02 1.626662200000000666e+02
5.607932700000001205e+02 1.656794900000001007e+02
5.603728000000000975e+02 1.685298200000000861e+02
5.594161600000001044e+02 1.711850200000001223e+02
5.579931700000000774e+02 1.736107900000001791e+02
5.561716600000000881e+02 1.757729100000001381e+02
5.540156300000001011e+02 1.776392400000000862e+02
5.515948800000001029e+02 1.791735400000001164e+02
5.462227800000000570e+02 1.811131500000001324e+02
5.434052500000000236e+02 1.814502900000001091e+02
5.405924499999999853e+02 1.813221600000000535e+02
5.378483599999999569e+02 1.806911300000000438e+02
5.352428299999999126e+02 1.795267000000000053e+02
5.328398099999999431e+02 1.777928000000000566e+02
5.307090599999999085e+02 1.754570900000001075e+02
5.290309899999998606e+02 1.730872900000000527e+02
5.277867299999998068e+02 1.704668700000000854e+02
5.270028199999998151e+02 1.676735700000000406e+02
5.267117999999998119e+02 1.647849899999999934e+02
5.267118400000000520e+02 1.647851799999999685e+02
