4.293558400000000006e+02 1.146380299999999579e+02
4.294541399999999953e+02 1.112709599999999455e+02
4.302002200000000016e+02 1.082497199999999111e+02
4.315122000000000071e+02 1.055834099999999580e+02
4.333082400000000121e+02 1.032868599999999333e+02
4.355046300000000201e+02 1.013750199999999495e+02
4.380174499999999966e+02 9.985886999999991076e+01
4.407649400000000242e+02 9.875142999999991389e+01
4.436652000000000271e+02 9.806747999999993226e+01
4.466345100000000343e+02 9.781803999999988264e+01
4.495889700000000175e+02 9.801796999999987747e+01
4.524487799999999993e+02 9.868051999999988766e+01
4.551300600000000145e+02 9.981645999999989272e+01
4.575491100000000415e+02 1.014427199999998948e+02
4.596239900000000489e+02 1.035702499999998736e+02
4.612709600000000592e+02 1.062120299999999133e+02
4.624081400000000599e+02 1.093809699999999339e+02
4.632577400000000694e+02 1.125190399999999045e+02
4.634372700000000691e+02 1.155323399999998628e+02
4.630168000000000461e+02 1.183826699999998482e+02
4.620601600000000531e+02 1.210378299999998717e+02
4.606371700000000260e+02 1.234635999999998148e+02
4.588156600000000367e+02 1.256257599999997865e+02
4.566596300000000497e+02 1.274920899999997346e+02
4.542388800000000515e+02 1.290263499999997521e+02
4.488667700000000309e+02 1.309659999999997808e+02
4.460492100000000164e+02 1.313031399999997575e+02
4.432364499999999907e+02 1.311750099999997019e+02
4.404923599999999624e+02 1.305439399999996795e+02
4.378868299999999749e+02 1.293795099999996410e+02
4.354837699999999927e+02 1.276456099999996923e+02
4.333530599999999708e+02 1.253098999999997432e+02
4.316749499999999671e+02 1.229400999999996884e+02
4.304306899999999700e+02 1.203196799999997211e+02
4.296468199999999911e+02 1.175263799999996763e+02
4.293557900000000132e+02 1.146377999999996291e+02
4.293558400000000006e+02 1.146380299999999579e+02
