5.992884500000000116e+02 1.857872999999999593e+02
5.993867500000000064e+02 1.824202399999999216e+02
6.001328300000000127e+02 1.793989899999999125e+02
6.014448200000000497e+02 1.767326399999999467e+02
6.032408900000000358e+02 1.744361299999999346e+02
6.054372500000000628e+02 1.725242499999999382e+02
6.079501100000001088e+02 1.710081299999999374e+02
6.106976000000000795e+02 1.699006899999999405e+02
6.135978500000001077e+02 1.692167499999999336e+02
6.165671300000001338e+02 1.689672999999999092e+02
6.195216200000000981e+02 1.691672399999998788e+02
6.223814000000000988e+02 1.698297899999998890e+02
6.250627100000001519e+02 1.709657699999999068e+02
6.274817600000001221e+02 1.725919799999999213e+02
6.295566400000001295e+02 1.747195199999998749e+02
6.312036100000001397e+02 1.773612899999998263e+02
6.323408000000001721e+02 1.805302299999998468e+02
6.331903600000001688e+02 1.836683099999997921e+02
6.333698900000001686e+02 1.866816199999998389e+02
6.329494500000001835e+02 1.895319499999998243e+02
6.319928100000001905e+02 1.921870999999998730e+02
6.305697800000001507e+02 1.946128799999999046e+02
6.287483200000001489e+02 1.967750299999999015e+02
6.265922900000001619e+02 1.986413599999998496e+02
6.241715000000001510e+02 2.001756299999998419e+02
6.187994300000001431e+02 2.021152799999998706e+02
6.159818700000001854e+02 2.024524099999998725e+02
6.131691000000001850e+02 2.023242899999999054e+02
6.104250200000001314e+02 2.016932199999998829e+02
6.078194900000000871e+02 2.005287799999998697e+02
6.054164200000001301e+02 1.987948899999998957e+02
6.032856800000001840e+02 1.964591799999999466e+02
6.016076100000001361e+02 1.940893799999998919e+02
6.003633500000000822e+02 1.914689499999998361e+02
5.995794300000001158e+02 1.886756599999998798e+02
5.992884100000001126e+02 1.857870799999998326e+02
5.992884500000000116e+02 1.857872999999999593e+02
