2.242346000000000004e+02 2.776086599999999862e+02
2.243408000000000015e+02 2.742418199999999615e+02
2.250939799999999877e+02 2.712223599999999806e+02
2.264122500000000002e+02 2.685591100000000324e+02
2.282136800000000108e+02 2.662667900000000145e+02
2.304145400000000166e+02 2.643600999999999885e+02
2.329309100000000115e+02 2.628498700000000099e+02
2.356809700000000021e+02 2.617488600000000361e+02
2.385828500000000076e+02 2.610717600000000402e+02
2.415527299999999968e+02 2.608294900000000780e+02
2.445066999999999950e+02 2.610366100000001097e+02
2.473649599999999964e+02 2.617058800000000929e+02
2.500435499999999820e+02 2.628481300000000829e+02
2.524587899999999934e+02 2.644800600000000941e+02
2.545286799999999801e+02 2.666124300000001313e+02
2.561694499999999834e+02 2.692580600000001141e+02
2.572991900000000101e+02 2.724296900000001642e+02
2.581414199999999823e+02 2.755697200000001885e+02
2.583141400000000090e+02 2.785834000000002106e+02
2.578869799999999941e+02 2.814327500000001692e+02
2.569241099999999847e+02 2.840856800000001385e+02
2.554954499999999769e+02 2.865081300000001647e+02
2.536688399999999888e+02 2.886659700000001294e+02
2.515084599999999853e+02 2.905272400000001198e+02
2.490840799999999717e+02 2.920558300000001282e+02
2.437074799999999755e+02 2.939828600000000733e+02
2.408891199999999628e+02 2.943131900000000769e+02
2.380766599999999755e+02 2.941786400000000867e+02
2.353340899999999749e+02 2.935411500000001297e+02
2.327312799999999697e+02 2.923705900000001066e+02
2.303322999999999752e+02 2.906310300000001234e+02
2.282070699999999874e+02 2.882903300000001536e+02
2.265345499999999959e+02 2.859166300000001684e+02
2.252964199999999835e+02 2.832933000000001584e+02
2.245190799999999740e+02 2.804981500000001233e+02
2.242348599999999692e+02 2.776088900000000876e+02
2.242346000000000004e+02 2.776086599999999862e+02
