5.326808899999999767e+02 5.498990000000000009e+02
5.327791899999999714e+02 5.465319299999999885e+02
5.335252699999999777e+02 5.435107299999999668e+02
5.348372600000000148e+02 5.408443800000000010e+02
5.366333300000000008e+02 5.385478299999999763e+02
5.388296900000000278e+02 5.366359899999999925e+02
5.413425500000000739e+02 5.351198699999999917e+02
5.440900000000000318e+02 5.340123999999999569e+02
5.469902900000000727e+02 5.333284899999998743e+02
5.499595700000000988e+02 5.330790399999998499e+02
5.529140600000000632e+02 5.332793599999998833e+02
5.557738400000000638e+02 5.339418699999998807e+02
5.584551100000001043e+02 5.350778499999998985e+02
5.608741600000000744e+02 5.367040999999999258e+02
5.629490500000000566e+02 5.388316399999998794e+02
5.645960500000001048e+02 5.414733699999999317e+02
5.657332000000001244e+02 5.446423599999999396e+02
5.665828000000001339e+02 5.477804199999999355e+02
5.667623300000001336e+02 5.507936899999999696e+02
5.663418500000001359e+02 5.536440199999999550e+02
5.653852200000001176e+02 5.562992099999999027e+02
5.639622300000000905e+02 5.587249899999999343e+02
5.621407600000001139e+02 5.608871099999998933e+02
5.599847300000001269e+02 5.627534399999999550e+02
5.575639400000001160e+02 5.642877399999998715e+02
5.521918700000001081e+02 5.662273499999998876e+02
5.493743100000001505e+02 5.665641099999999142e+02
5.465615400000001500e+02 5.664359799999999723e+02
5.438174600000000964e+02 5.658049099999998361e+02
5.412119300000000521e+02 5.646404799999999113e+02
5.388088600000000952e+02 5.629065799999998490e+02
5.366781200000001490e+02 5.605708699999998998e+02
5.350000500000001011e+02 5.582010699999998451e+02
5.337557900000000473e+02 5.555806499999998778e+02
5.329718800000000556e+02 5.527873499999998330e+02
5.326808500000000777e+02 5.498987699999998995e+02
5.326808899999999767e+02 5.498990000000000009e+02
