4.743729099999999903e+02 4.878467299999999796e+02
4.744712099999999850e+02 4.844796599999999671e+02
4.752172899999999913e+02 4.814584199999999896e+02
4.765292400000000157e+02 4.787920699999999670e+02
4.783253100000000018e+02 4.764955599999999549e+02
4.805216700000000287e+02 4.745836799999999585e+02
4.830345300000000179e+02 4.730675599999999577e+02
4.857820200000000455e+02 4.719600899999999797e+02
4.886822700000000737e+02 4.712761799999999539e+02
4.916515500000000998e+02 4.710267299999999295e+02
4.946060400000001209e+02 4.712266699999999560e+02
4.974658200000001216e+02 4.718892199999999661e+02
5.001470900000001052e+02 4.730251599999999712e+02
5.025661400000001322e+02 4.746514099999999985e+02
5.046410700000001270e+02 4.767789500000000089e+02
5.062880300000001057e+02 4.794207200000000171e+02
5.074252200000000812e+02 4.825896700000000124e+02
5.082747800000000780e+02 4.857277300000000082e+02
5.084543100000000777e+02 4.887409999999999854e+02
5.080338300000000800e+02 4.915913299999999708e+02
5.070772000000000617e+02 4.942465199999999754e+02
5.056542100000000346e+02 4.966722999999999502e+02
5.038327000000000453e+02 4.988344599999999218e+02
5.016766700000000583e+02 5.007007899999999267e+02
4.992559200000000601e+02 5.022350499999999442e+02
4.938838500000000522e+02 5.041746999999999161e+02
4.910662900000000377e+02 5.045118299999999181e+02
4.882535300000000120e+02 5.043837099999998941e+02
4.855094400000000405e+02 5.037526399999998716e+02
4.829039100000000531e+02 5.025882399999998711e+02
4.805008400000000393e+02 5.008543099999998844e+02
4.783701000000000363e+02 4.985185999999998785e+02
4.766920300000000452e+02 4.961488399999998933e+02
4.754477700000000482e+02 4.935284099999998944e+02
4.746638900000000376e+02 4.907350799999998685e+02
4.743728700000000345e+02 4.878465399999998908e+02
4.743729099999999903e+02 4.878467299999999796e+02
