8.096091900000000123e+02 4.041409699999999816e+02
8.097071899999999687e+02 4.007738999999999692e+02
8.104532899999999245e+02 3.977526999999999475e+02
8.117652899999999363e+02 3.950863499999999249e+02
8.135613899999999603e+02 3.927897999999999001e+02
8.157576899999999114e+02 3.908779599999999164e+02
8.182704899999998815e+02 3.893618399999999156e+02
8.210179899999998270e+02 3.882543699999999376e+02
8.239182899999998426e+02 3.875704599999999118e+02
8.268875899999998182e+02 3.873210099999998874e+02
8.298419899999997824e+02 3.875213299999998640e+02
8.327018899999998212e+02 3.881838799999998741e+02
8.353830899999998110e+02 3.893198199999998792e+02
8.378020899999997937e+02 3.909460699999999065e+02
8.398770899999998392e+02 3.930736099999999169e+02
8.415239899999997988e+02 3.957153399999999124e+02
8.426611899999998059e+02 3.988843299999999203e+02
8.435107899999998153e+02 4.020223899999999162e+02
8.436903899999998657e+02 4.050356599999998934e+02
8.432698899999999185e+02 4.078859899999998788e+02
8.423131899999999632e+02 4.105411799999998834e+02
8.408902899999999363e+02 4.129669599999998582e+02
8.390686899999999468e+02 4.151290799999998740e+02
8.369126899999999978e+02 4.169954099999998789e+02
8.344918900000000122e+02 4.185297099999998522e+02
8.291198900000000549e+02 4.204693199999998683e+02
8.263022900000000845e+02 4.208060799999998949e+02
8.234894900000000462e+02 4.206779499999998961e+02
8.207453900000000431e+02 4.200468799999998737e+02
8.181398900000000367e+02 4.188824499999998920e+02
8.157368900000000167e+02 4.171485499999998865e+02
8.136060899999999947e+02 4.148128399999998805e+02
8.119279900000000225e+02 4.124430399999998826e+02
8.106837900000000445e+02 4.098226199999998585e+02
8.098998900000000276e+02 4.070293199999998706e+02
8.096088899999999740e+02 4.041407399999998802e+02
8.096091900000000123e+02 4.041409699999999816e+02
