5.865853799999999865e+02 2.289488199999999551e+02
5.866836799999999812e+02 2.255817599999999175e+02
5.874297599999999875e+02 2.225605499999999211e+02
5.887417399999999361e+02 2.198942099999999300e+02
5.905377699999999095e+02 2.175976599999999053e+02
5.927341699999999491e+02 2.156858199999999215e+02
5.952469899999999825e+02 2.141696999999999207e+02
5.979944799999999532e+02 2.130622199999999111e+02
6.008947799999999688e+02 2.123783199999999169e+02
6.038640500000000202e+02 2.121288699999998926e+02
6.068185100000000602e+02 2.123288099999998622e+02
6.096783200000000988e+02 2.129913599999998723e+02
6.123596000000001141e+02 2.141272899999999026e+02
6.147786400000001095e+02 2.157535499999999047e+02
6.168535300000000916e+02 2.178810799999998835e+02
6.185005000000001019e+02 2.205228199999999106e+02
6.196376800000000458e+02 2.236917999999999438e+02
6.204872800000000552e+02 2.268298699999999144e+02
6.206668100000000550e+02 2.298431399999999485e+02
6.202463400000000320e+02 2.326934699999999339e+02
6.192897000000000389e+02 2.353486599999998816e+02
6.178667100000000119e+02 2.377744399999999132e+02
6.160452000000000226e+02 2.399365899999999101e+02
6.138891700000000355e+02 2.418028799999999592e+02
6.114683800000000247e+02 2.433371799999999894e+02
6.060963100000000168e+02 2.452767999999999802e+02
6.032787900000000718e+02 2.456139299999999821e+02
6.004659900000000334e+02 2.454858100000000150e+02
5.977219000000000051e+02 2.448547800000000052e+02
5.951163699999999608e+02 2.436903399999999920e+02
5.927133499999999913e+02 2.419564100000000053e+02
5.905825999999999567e+02 2.396207000000000562e+02
5.889045299999999088e+02 2.372509400000000142e+02
5.876602699999998549e+02 2.346305099999999584e+02
5.868763599999998632e+02 2.318371799999999894e+02
5.865853299999998853e+02 2.289486399999999549e+02
5.865853799999999865e+02 2.289488199999999551e+02
