7.789579999999999700e+02 3.736666799999999853e+02
7.790562999999999647e+02 3.702996099999999728e+02
7.798023799999999710e+02 3.672784099999999512e+02
7.811143700000000081e+02 3.646120699999999601e+02
7.829104399999999941e+02 3.623155099999999607e+02
7.851068000000000211e+02 3.604036699999999769e+02
7.876196499999999787e+02 3.588875499999999761e+02
7.903671399999999494e+02 3.577800799999999981e+02
7.932673999999999523e+02 3.570961699999999723e+02
7.962366700000000037e+02 3.568467199999999480e+02
7.991911700000000565e+02 3.570470399999999245e+02
8.020508900000000949e+02 3.577095499999999220e+02
8.047321900000000596e+02 3.588455299999999397e+02
8.071511900000000423e+02 3.604717799999999670e+02
8.092261900000000878e+02 3.625993199999999774e+02
8.108730900000000474e+02 3.652410499999999729e+02
8.120102900000000545e+02 3.684099999999999682e+02
8.128598900000000640e+02 3.715480999999999767e+02
8.130393900000000258e+02 3.745613699999999540e+02
8.126188900000000785e+02 3.774116999999999393e+02
8.116622900000000982e+02 3.800668899999999439e+02
8.102393900000000713e+02 3.824926699999999187e+02
8.084177900000000818e+02 3.846547899999999345e+02
8.062617900000001327e+02 3.865211199999999394e+02
8.038409900000001471e+02 3.880554199999999128e+02
7.984689800000001014e+02 3.899950299999999288e+02
7.956514100000000553e+02 3.903317899999999554e+02
7.928386500000000296e+02 3.902036599999999567e+02
7.900945600000000013e+02 3.895725899999999342e+02
7.874890299999999570e+02 3.884081599999999526e+02
7.850859699999999748e+02 3.866742599999999470e+02
7.829552300000000287e+02 3.843385499999999411e+02
7.812771500000000060e+02 3.819687499999999432e+02
7.800328899999999521e+02 3.793483299999999190e+02
7.792489799999999605e+02 3.765550299999999311e+02
7.789579599999999573e+02 3.736664499999999407e+02
7.789579999999999700e+02 3.736666799999999853e+02
