5.118203899999999749e+02 9.178394000000002961e+01
5.119186899999999696e+02 8.841687999999999192e+01
5.126647699999999759e+02 8.539563999999995758e+01
5.139767200000000003e+02 8.272933000000000447e+01
5.157727800000000116e+02 8.043277999999997974e+01
5.179691400000000385e+02 7.852093999999999596e+01
5.204820000000000846e+02 7.700481999999999516e+01
5.232294900000000553e+02 7.589733999999998559e+01
5.261297500000000582e+02 7.521339999999997872e+01
5.290990200000001096e+02 7.496394999999995434e+01
5.320535200000001623e+02 7.516425999999989926e+01
5.349133000000001630e+02 7.582681999999988420e+01
5.375946100000002161e+02 7.696278999999992720e+01
5.400136200000001736e+02 7.858900999999991654e+01
5.420885400000001937e+02 8.071653999999989537e+01
5.437355100000002039e+02 8.335831999999993513e+01
5.448726900000001478e+02 8.652725999999995565e+01
5.457222500000001446e+02 8.966532999999992626e+01
5.459021600000000944e+02 9.267862999999988460e+01
5.454816900000000714e+02 9.552895999999986998e+01
5.445250500000000784e+02 9.818411999999989348e+01
5.431020600000000513e+02 1.006098999999999251e+02
5.412805500000000620e+02 1.027720499999999220e+02
5.391245200000000750e+02 1.046383799999998701e+02
5.367037300000000641e+02 1.061726399999998876e+02
5.313316600000000562e+02 1.081122999999998910e+02
5.285141000000000986e+02 1.084490499999999429e+02
5.257013400000000729e+02 1.083209299999999757e+02
5.229572500000000446e+02 1.076898599999999533e+02
5.203517200000000003e+02 1.065254599999999527e+02
5.179487000000000307e+02 1.047915299999999661e+02
5.158179499999999962e+02 1.024558200000000170e+02
5.141398400000000493e+02 1.000860500000000002e+02
5.128955799999999954e+02 9.746563000000003285e+01
5.121117100000000164e+02 9.467230000000006385e+01
5.118206800000000385e+02 9.178375000000005457e+01
5.118203899999999749e+02 9.178394000000002961e+01
