5.029556200000000104e+02 5.182364700000000539e+02
5.030539200000000051e+02 5.148694000000000415e+02
5.038000000000000114e+02 5.118481600000000071e+02
5.051119800000000168e+02 5.091818200000000161e+02
5.069080500000000029e+02 5.068853000000000293e+02
5.091044100000000299e+02 5.049734200000000328e+02
5.116172700000000191e+02 5.034573100000000068e+02
5.143647600000000466e+02 5.023498299999999972e+02
5.172650200000000495e+02 5.016659199999999714e+02
5.202342900000001009e+02 5.014164699999999470e+02
5.231887800000000652e+02 5.016164099999999735e+02
5.260485600000000659e+02 5.022789599999999837e+02
5.287298700000001190e+02 5.034148999999999887e+02
5.311488900000001649e+02 5.050411500000000160e+02
5.332238100000001850e+02 5.071686900000000264e+02
5.348707800000001953e+02 5.098104300000000535e+02
5.360079600000001392e+02 5.129794100000000299e+02
5.368575200000001360e+02 5.161174800000001142e+02
5.370370500000001357e+02 5.191307500000000346e+02
5.366166100000001506e+02 5.219810400000000072e+02
5.356599400000001197e+02 5.246362300000000687e+02
5.342369500000000926e+02 5.270620099999999866e+02
5.324154400000001033e+02 5.292241599999999835e+02
5.302594100000001163e+02 5.310904900000000453e+02
5.278386600000001181e+02 5.326247499999999491e+02
5.224665900000001102e+02 5.345644099999999526e+02
5.196490300000001525e+02 5.349015400000000682e+02
5.168362700000001269e+02 5.347734199999999873e+02
5.140921800000000985e+02 5.341423499999999649e+02
5.114866500000001110e+02 5.329779499999999643e+02
5.090835900000001288e+02 5.312440199999999777e+02
5.069528400000001511e+02 5.289083100000000286e+02
5.052747700000001601e+02 5.265385400000000118e+02
5.040305100000001630e+02 5.239181199999999308e+02
5.032466000000001713e+02 5.211248199999999997e+02
5.029555800000001682e+02 5.182362799999999652e+02
5.029556200000000104e+02 5.182364700000000539e+02
