7.066607099999999946e+02 3.533734400000000164e+02
7.067590099999999893e+02 3.500063700000000608e+02
7.075050899999999956e+02 3.469851300000000265e+02
7.088170800000000327e+02 3.443188300000000481e+02
7.106131100000000060e+02 3.420222700000000486e+02
7.128095100000000457e+02 3.401104300000000649e+02
7.153223300000000791e+02 3.385942800000000261e+02
7.180698200000000497e+02 3.374868400000000292e+02
7.209700800000000527e+02 3.368028900000000476e+02
7.239393900000000031e+02 3.365534499999999980e+02
7.268938399999999547e+02 3.367533799999999928e+02
7.297536599999999680e+02 3.374159300000000030e+02
7.324349300000000085e+02 3.385518700000000081e+02
7.348539799999999786e+02 3.401781300000000101e+02
7.369288699999999608e+02 3.423056599999999889e+02
7.385758299999999963e+02 3.449474400000000287e+02
7.397130200000000286e+02 3.481163800000000492e+02
7.405626200000000381e+02 3.512544900000000325e+02
7.407421500000000378e+02 3.542677500000000350e+02
7.403216700000000401e+02 3.571180800000000204e+02
7.393650400000000218e+02 3.597732799999999997e+02
7.379420400000000200e+02 3.621990099999999870e+02
7.361205400000000054e+02 3.643611700000000155e+02
7.339645100000000184e+02 3.662275000000000205e+02
7.315437600000000202e+02 3.677617600000000380e+02
7.261716499999999996e+02 3.697014100000000099e+02
7.233541300000000547e+02 3.700385499999999865e+02
7.205413300000000163e+02 3.699104199999999878e+02
7.177972399999999880e+02 3.692793499999999653e+02
7.151917099999999436e+02 3.681149199999999837e+02
7.127886799999999994e+02 3.663809899999999971e+02
7.106579400000000533e+02 3.640453099999999722e+02
7.089798600000000306e+02 3.616755099999999743e+02
7.077356100000000652e+02 3.590550899999999501e+02
7.069516900000000987e+02 3.562617899999999622e+02
7.066606700000000956e+02 3.533732099999999718e+02
7.066607099999999946e+02 3.533734400000000164e+02
