5.169606599999999617e+02 2.072608900000000176e+02
5.170589599999999564e+02 2.038938200000000052e+02
5.178050399999999627e+02 2.008726199999999835e+02
5.191170199999999113e+02 1.982062700000000177e+02
5.209130899999998974e+02 1.959097199999999930e+02
5.231094499999999243e+02 1.939978800000000092e+02
5.256223099999999704e+02 1.924817600000000084e+02
5.283697599999999284e+02 1.913742799999999988e+02
5.312700599999999440e+02 1.906903800000000047e+02
5.342393299999999954e+02 1.904409299999999803e+02
5.371937900000000354e+02 1.906412500000000136e+02
5.400536000000000740e+02 1.913037600000000111e+02
5.427348800000000892e+02 1.924397300000000541e+02
5.451539300000000594e+02 1.940659900000000562e+02
5.472288100000000668e+02 1.961935200000000350e+02
5.488758100000001150e+02 1.988352600000000621e+02
5.500129600000001346e+02 2.020042400000000953e+02
5.508625600000001441e+02 2.051423100000000659e+02
5.510420900000001438e+02 2.081555800000001000e+02
5.506216200000001209e+02 2.110059100000000853e+02
5.496649800000001278e+02 2.136611000000000331e+02
5.482419900000001007e+02 2.160868800000000647e+02
5.464205200000001241e+02 2.182489900000000489e+02
5.442644900000001371e+02 2.201153199999999970e+02
5.418437000000001262e+02 2.216496200000000272e+02
5.364716300000001183e+02 2.235892400000000180e+02
5.336540700000001607e+02 2.239260000000000446e+02
5.308413100000001350e+02 2.237978699999999890e+02
5.280972200000001067e+02 2.231668399999999792e+02
5.254916900000000624e+02 2.220023999999999660e+02
5.230886300000000801e+02 2.202684699999999793e+02
5.209578800000000456e+02 2.179327999999999292e+02
5.192798099999999977e+02 2.155629999999998745e+02
5.180355499999999438e+02 2.129425699999998187e+02
5.172516399999999521e+02 2.101492399999998497e+02
5.169606099999999742e+02 2.072606999999998152e+02
5.169606599999999617e+02 2.072608900000000176e+02
