5.624988700000000108e+02 5.811314600000000610e+02
5.625971700000000055e+02 5.777643900000000485e+02
5.633432500000000118e+02 5.747431500000000142e+02
5.646552400000000489e+02 5.720768399999999474e+02
5.664513100000000350e+02 5.697802899999999227e+02
5.686476700000000619e+02 5.678684499999999389e+02
5.711605200000000195e+02 5.663522900000000391e+02
5.739080099999999902e+02 5.652448500000000422e+02
5.768082699999999932e+02 5.645609099999999216e+02
5.797775400000000445e+02 5.643114599999998973e+02
5.827320400000000973e+02 5.645113999999999805e+02
5.855918200000000979e+02 5.651739499999999907e+02
5.882730900000001384e+02 5.663099199999999200e+02
5.906921400000001086e+02 5.679361400000000231e+02
5.927670600000001286e+02 5.700636799999999766e+02
5.944140300000001389e+02 5.727054499999999280e+02
5.955512100000000828e+02 5.758743999999999232e+02
5.964007800000000543e+02 5.790124599999999191e+02
5.965803000000000793e+02 5.820257699999999659e+02
5.961598300000000563e+02 5.848760999999999513e+02
5.952032000000000380e+02 5.875312500000000000e+02
5.937802400000000489e+02 5.899570299999999179e+02
5.919587000000000216e+02 5.921191799999999148e+02
5.898026700000000346e+02 5.939855099999999766e+02
5.873819200000000365e+02 5.955197799999998551e+02
5.820098500000000286e+02 5.974594299999998839e+02
5.791922900000000709e+02 5.977965599999998858e+02
5.763795200000000705e+02 5.976684399999999187e+02
5.736354300000000421e+02 5.970373299999998835e+02
5.710298999999999978e+02 5.958729299999998830e+02
5.686268400000000156e+02 5.941389999999998963e+02
5.664961000000000695e+02 5.918033299999999599e+02
5.648180200000000468e+02 5.894335299999999052e+02
5.635737700000000814e+02 5.868131099999998241e+02
5.627898500000001150e+02 5.840197699999998804e+02
5.624988300000001118e+02 5.811312299999999595e+02
5.624988700000000108e+02 5.811314600000000610e+02
