7.188451099999999769e+02 3.111513999999999669e+02
7.189434099999999717e+02 3.077843299999999545e+02
7.196895200000000159e+02 3.047630899999999201e+02
7.210014700000000403e+02 3.020967899999999418e+02
7.227975400000000263e+02 2.998002299999999423e+02
7.249939400000000660e+02 2.978883899999999585e+02
7.275067600000000994e+02 2.963722399999999197e+02
7.302542500000000700e+02 2.952647999999999229e+02
7.331545100000000730e+02 2.945808499999999412e+02
7.361237800000001243e+02 2.943314099999998916e+02
7.390782700000000887e+02 2.945313399999998865e+02
7.419380500000000893e+02 2.951938899999998966e+02
7.446193600000001425e+02 2.963298299999999017e+02
7.470384100000001126e+02 2.979560899999999037e+02
7.491133000000000948e+02 3.000836199999998826e+02
7.507603000000001430e+02 3.027253599999999096e+02
7.518974900000001753e+02 3.058943399999999428e+02
7.527470500000001721e+02 3.090324099999999135e+02
7.529265800000001718e+02 3.120457099999998718e+02
7.525061400000001868e+02 3.148960399999998572e+02
7.515495100000001685e+02 3.175511999999998807e+02
7.501264400000001160e+02 3.199769699999999375e+02
7.483049700000001394e+02 3.221391299999999092e+02
7.461489400000001524e+02 3.240054599999998572e+02
7.437281500000001415e+02 3.255397199999998747e+02
7.383560800000001336e+02 3.274793699999999035e+02
7.355385200000001760e+02 3.278165099999998802e+02
7.327257600000001503e+02 3.276883799999998246e+02
7.299816700000001219e+02 3.270573099999998021e+02
7.273761400000000776e+02 3.258928799999997636e+02
7.249730800000000954e+02 3.241589799999998149e+02
7.228423700000000736e+02 3.218232699999998658e+02
7.211642600000001266e+02 3.194534699999998111e+02
7.199200000000000728e+02 3.168330499999998437e+02
7.191360900000000811e+02 3.140397499999997990e+02
7.188450600000001032e+02 3.111511699999997518e+02
7.188451099999999769e+02 3.111513999999999669e+02
