2.628487499999999955e+02 2.667892100000000255e+02
2.629470499999999902e+02 2.634221499999999878e+02
2.636931199999999649e+02 2.604008999999999787e+02
2.650051099999999451e+02 2.577346000000000004e+02
2.668011399999999185e+02 2.554380400000000009e+02
2.689975399999999013e+02 2.535262099999999919e+02
2.715103999999998905e+02 2.520100499999999784e+02
2.742578499999999053e+02 2.509026099999999815e+02
2.771581499999999210e+02 2.502187099999999873e+02
2.801274199999999155e+02 2.499692599999999629e+02
2.830818699999999239e+02 2.501691899999999578e+02
2.859416899999999373e+02 2.508317099999999300e+02
2.886229599999999209e+02 2.519676799999999730e+02
2.910420099999999479e+02 2.535939399999999750e+02
2.931168999999999301e+02 2.557214299999999412e+02
2.947638699999999403e+02 2.583632099999999809e+02
2.959010499999999411e+02 2.615321500000000015e+02
2.967506499999999505e+02 2.646702599999999848e+02
2.969301799999999503e+02 2.676835199999999304e+02
2.965096999999999525e+02 2.705338599999998905e+02
2.955530699999999342e+02 2.731890099999999393e+02
2.941300799999999072e+02 2.756148299999999836e+02
2.923085699999999179e+02 2.777769399999999678e+02
2.901525399999999308e+02 2.796432699999999159e+02
2.877317899999999327e+02 2.811775299999999334e+02
2.823596799999999121e+02 2.831171899999999368e+02
2.795421599999999103e+02 2.834543199999999388e+02
2.767293599999999287e+02 2.833261999999999716e+02
2.739852699999999004e+02 2.826951299999999492e+02
2.713797399999999129e+02 2.815306899999999359e+02
2.689767199999998866e+02 2.797967999999999620e+02
2.668459699999999089e+02 2.774610900000000129e+02
2.651678999999999178e+02 2.750913199999999961e+02
2.639236399999999207e+02 2.724708600000000160e+02
2.631397299999999291e+02 2.696775700000000597e+02
2.628486999999999512e+02 2.667889900000000125e+02
2.628487499999999955e+02 2.667892100000000255e+02
