6.067438300000000027e+02 5.681716599999999744e+02
6.068421299999999974e+02 5.648046299999999746e+02
6.075882100000000037e+02 5.617833900000000540e+02
6.089001899999999523e+02 5.591170500000000629e+02
6.106962599999999384e+02 5.568204900000000634e+02
6.128926199999999653e+02 5.549086600000000544e+02
6.154054800000000114e+02 5.533925400000000536e+02
6.181529699999999821e+02 5.522850599999999304e+02
6.210532299999999850e+02 5.516011499999999614e+02
6.240225000000000364e+02 5.513517099999999118e+02
6.269769600000000764e+02 5.515520199999999704e+02
6.298367700000001150e+02 5.522145699999999806e+02
6.325180500000001302e+02 5.533505099999999857e+02
6.349370900000001257e+02 5.549767600000000130e+02
6.370119800000001078e+02 5.571042999999999665e+02
6.386589800000001560e+02 5.597460399999999936e+02
6.397961700000001883e+02 5.629150200000000268e+02
6.406457300000001851e+02 5.660530900000001111e+02
6.408252600000001848e+02 5.690663500000000568e+02
6.404047900000001619e+02 5.719167200000000548e+02
6.394481500000001688e+02 5.745718800000000783e+02
6.380251600000001417e+02 5.769976500000000215e+02
6.362036500000001524e+02 5.791598100000001068e+02
6.340476200000001654e+02 5.810261000000000422e+02
6.316268700000001672e+02 5.825604000000000724e+02
6.262547600000001466e+02 5.845000200000000632e+02
6.234372400000002017e+02 5.848371500000000651e+02
6.206244800000001760e+02 5.847090200000000095e+02
6.178803900000001477e+02 5.840780300000001262e+02
6.152748600000001034e+02 5.829135600000000750e+02
6.128718000000001211e+02 5.811796600000000126e+02
6.107410500000000866e+02 5.788439500000000635e+02
6.090629800000000387e+02 5.764741900000001351e+02
6.078187199999999848e+02 5.738537700000000541e+02
6.070348099999999931e+02 5.710604299999999967e+02
6.067437800000000152e+02 5.681718500000000631e+02
6.067438300000000027e+02 5.681716599999999744e+02
