5.512634600000000091e+02 6.241021799999999757e+02
5.513696700000000419e+02 6.207353799999999637e+02
5.521228500000000849e+02 6.177159100000000080e+02
5.534410800000000563e+02 6.150526700000000346e+02
5.552425500000000511e+02 6.127603500000000167e+02
5.574433700000000727e+02 6.108536500000000160e+02
5.599597800000000234e+02 6.093434300000000121e+02
5.627098399999999856e+02 6.082424099999999498e+02
5.656117199999999912e+02 6.075652700000000550e+02
5.685815599999999677e+02 6.073230100000000675e+02
5.715355599999999185e+02 6.075301200000000108e+02
5.743938299999998662e+02 6.081993999999999687e+02
5.770724199999998518e+02 6.093416499999999587e+02
5.794876499999998032e+02 6.109735399999999572e+02
5.815575499999997646e+02 6.131059500000000071e+02
5.831983199999997396e+02 6.157515799999999899e+02
5.843280599999997094e+02 6.189232099999999264e+02
5.851702499999996689e+02 6.220632399999999507e+02
5.853429699999996956e+02 6.250769599999999855e+02
5.849158499999997503e+02 6.279262699999999313e+02
5.839529799999997977e+02 6.305792000000000144e+02
5.825242799999997487e+02 6.330016499999999269e+02
5.806977099999998018e+02 6.351594900000000052e+02
5.785373299999997698e+02 6.370207599999999957e+02
5.761129499999997279e+02 6.385493500000000040e+02
5.707363099999997758e+02 6.404763799999999492e+02
5.679179899999998042e+02 6.408067099999999527e+02
5.651055299999998169e+02 6.406721599999999626e+02
5.623629199999998036e+02 6.400346700000000055e+02
5.597601399999997511e+02 6.388641099999999824e+02
5.573611599999996997e+02 6.371245400000000245e+02
5.552358999999996740e+02 6.347838400000000547e+02
5.535634199999997236e+02 6.324101499999999305e+02
5.523252799999996796e+02 6.297868200000000343e+02
5.515479499999996733e+02 6.269916299999999865e+02
5.512637299999996685e+02 6.241024099999999635e+02
5.512634600000000091e+02 6.241021799999999757e+02
