3.240633199999999761e+02 3.310496100000000297e+02
3.241616199999999708e+02 3.276825800000000299e+02
3.249076999999999771e+02 3.246613399999999956e+02
3.262196399999999699e+02 3.219950300000000425e+02
3.280157099999999559e+02 3.196984400000000051e+02
3.302120699999999829e+02 3.177866099999999960e+02
3.327249299999999721e+02 3.162704899999999952e+02
3.354724199999999996e+02 3.151630099999999857e+02
3.383726800000000026e+02 3.144791000000000167e+02
3.413419499999999971e+02 3.142296499999999924e+02
3.442964499999999930e+02 3.144295899999999619e+02
3.471562200000000189e+02 3.150921399999999721e+02
3.498375300000000152e+02 3.162280799999999772e+02
3.522565800000000422e+02 3.178543300000000045e+02
3.543314700000000244e+02 3.199818699999999581e+02
3.559784400000000346e+02 3.226236099999999851e+02
3.571156200000000354e+02 3.257925900000000183e+02
3.579652200000000448e+02 3.289306599999999889e+02
3.581447500000000446e+02 3.319439199999999346e+02
3.577242800000000216e+02 3.347942899999999327e+02
3.567676400000000285e+02 3.374494499999999562e+02
3.553446500000000015e+02 3.398752199999998993e+02
3.535231400000000122e+02 3.420373799999998710e+02
3.513671100000000251e+02 3.439037099999998190e+02
3.489463200000000143e+02 3.454379699999998365e+02
3.435742500000000064e+02 3.473776199999998653e+02
3.407566899999999919e+02 3.477147599999998420e+02
3.379439299999999662e+02 3.475866299999997864e+02
3.351998399999999947e+02 3.469555599999997639e+02
3.325943100000000072e+02 3.457911299999997254e+02
3.301912500000000250e+02 3.440571999999997388e+02
3.280605000000000473e+02 3.417215199999997139e+02
3.263824300000000562e+02 3.393517199999996592e+02
3.251381700000000592e+02 3.367312999999996919e+02
3.243543000000000802e+02 3.339379599999997481e+02
3.240632700000001023e+02 3.310493799999997009e+02
3.240633199999999761e+02 3.310496100000000297e+02
