4.427052699999999845e+02 4.548781599999999798e+02
4.428035699999999792e+02 4.515110899999999674e+02
4.435496799999999666e+02 4.484898499999999899e+02
4.448616299999999910e+02 4.458235399999999800e+02
4.466576999999999771e+02 4.435269899999999552e+02
4.488540600000000040e+02 4.416151499999999714e+02
4.513669199999999933e+02 4.400989899999999579e+02
4.541143700000000081e+02 4.389915499999999611e+02
4.570146599999999921e+02 4.383076499999999669e+02
4.599839400000000182e+02 4.380581999999999425e+02
4.629384300000000394e+02 4.382585199999999190e+02
4.657982000000000653e+02 4.389210299999999165e+02
4.684795200000000932e+02 4.400569999999999027e+02
4.708985300000001075e+02 4.416832199999998920e+02
4.729734100000001149e+02 4.438107499999998709e+02
4.746204200000001379e+02 4.464525299999998538e+02
4.757576000000001386e+02 4.496214799999998490e+02
4.766071700000001670e+02 4.527595799999998576e+02
4.767866900000001920e+02 4.557728499999998348e+02
4.763662200000001690e+02 4.586231799999998202e+02
4.754096200000001886e+02 4.612783699999998248e+02
4.739865900000002057e+02 4.637041099999998437e+02
4.721651200000002291e+02 4.658662599999998406e+02
4.700090900000002421e+02 4.677325899999998455e+02
4.675883100000002628e+02 4.692668599999998378e+02
4.622162000000002422e+02 4.712065099999998097e+02
4.593986800000002404e+02 4.715432699999998363e+02
4.565859200000002147e+02 4.714151399999998375e+02
4.538418300000001864e+02 4.707840699999998151e+02
4.512363000000001989e+02 4.696196399999998334e+02
4.488332300000001851e+02 4.678857399999998279e+02
4.467024900000001821e+02 4.655500299999998219e+02
4.450244200000001911e+02 4.631802299999998240e+02
4.437801600000001940e+02 4.605598099999997999e+02
4.429962500000002024e+02 4.577665099999998120e+02
4.427052200000002244e+02 4.548779299999998216e+02
4.427052699999999845e+02 4.548781599999999798e+02
