3.565294700000000034e+02 3.624500400000000013e+02
3.566277699999999982e+02 3.590829800000000205e+02
3.573738500000000045e+02 3.560617300000000114e+02
3.586858399999999847e+02 3.533954300000000330e+02
3.604819099999999708e+02 3.510988700000000335e+02
3.626782599999999661e+02 3.491870400000000245e+02
3.651911199999999553e+02 3.476708800000000110e+02
3.679385699999999702e+02 3.465634400000000142e+02
3.708388699999999858e+02 3.458795000000000073e+02
3.738081399999999803e+02 3.456300499999999829e+02
3.767626399999999762e+02 3.458303599999999278e+02
3.796224199999999769e+02 3.464929199999999128e+02
3.823037299999999732e+02 3.476288899999999558e+02
3.847227399999999875e+02 3.492551099999999451e+02
3.867976600000000076e+02 3.513826399999999239e+02
3.884446300000000178e+02 3.540244199999999068e+02
3.895818100000000186e+02 3.571933599999999274e+02
3.904313700000000154e+02 3.603314299999999548e+02
3.906109000000000151e+02 3.633447299999999700e+02
3.901904700000000048e+02 3.661950599999999554e+02
3.892337899999999991e+02 3.688502199999999789e+02
3.878107999999999720e+02 3.712759999999999536e+02
3.859893299999999954e+02 3.734381499999999505e+02
3.838333000000000084e+02 3.753044799999999555e+02
3.814125099999999975e+02 3.768387399999999730e+02
3.760404399999999896e+02 3.787783999999999764e+02
3.732228799999999751e+02 3.791151499999999714e+02
3.704101199999999494e+02 3.789870299999999474e+02
3.676660299999999779e+02 3.783559999999999377e+02
3.650604999999999905e+02 3.771915599999999245e+02
3.626574400000000082e+02 3.754576299999999378e+02
3.605266900000000305e+02 3.731219599999999446e+02
3.588486200000000395e+02 3.707521499999999719e+02
3.576043600000000424e+02 3.681317299999999477e+02
3.568204500000000507e+02 3.653383999999999219e+02
3.565294300000000476e+02 3.624498499999999126e+02
3.565294700000000034e+02 3.624500400000000013e+02
