6.362032400000000507e+02 6.000341499999999542e+02
6.363015400000000454e+02 5.966670799999999417e+02
6.370476200000000517e+02 5.936458700000000590e+02
6.383596100000000888e+02 5.909795699999999670e+02
6.401556400000000622e+02 5.886829800000000432e+02
6.423520000000000891e+02 5.867711799999999585e+02
6.448648600000001352e+02 5.852550599999999577e+02
6.476123500000001059e+02 5.841475800000000618e+02
6.505126400000001468e+02 5.834636800000000676e+02
6.534819100000001981e+02 5.832142300000000432e+02
6.564363700000002382e+02 5.834145399999999881e+02
6.592961900000002515e+02 5.840770599999999604e+02
6.619774600000002920e+02 5.852130299999998897e+02
6.643965100000002622e+02 5.868392499999999927e+02
6.664713900000002695e+02 5.889667399999999589e+02
6.681183600000002798e+02 5.916085599999998976e+02
6.692555500000003121e+02 5.947775399999999308e+02
6.701051500000003216e+02 5.979155299999999897e+02
6.702846700000003466e+02 6.009288399999999228e+02
6.698642000000003236e+02 6.037791299999998955e+02
6.689075600000003305e+02 6.064343199999998433e+02
6.674845700000003035e+02 6.088601399999998876e+02
6.656630700000002889e+02 6.110222499999998718e+02
6.635070400000003019e+02 6.128886199999999462e+02
6.610862500000002910e+02 6.144228399999999510e+02
6.557141800000002831e+02 6.163625399999998535e+02
6.528966200000003255e+02 6.166992899999999054e+02
6.500838500000003251e+02 6.165711699999999382e+02
6.473397700000002715e+02 6.159400599999999031e+02
6.447342300000002524e+02 6.147756599999999025e+02
6.423311700000002702e+02 6.130417699999998149e+02
6.402004300000003241e+02 6.107060599999998658e+02
6.385223500000003014e+02 6.083362899999998490e+02
6.372781000000003360e+02 6.057158699999998817e+02
6.364942200000003822e+02 6.029225699999999506e+02
6.362032000000003791e+02 6.000339599999998654e+02
6.362032400000000507e+02 6.000341499999999542e+02
