5.204954300000000558e+02 5.929859699999999521e+02
5.206016300000000001e+02 5.896191300000000410e+02
5.213548100000000431e+02 5.865996700000000601e+02
5.226730400000000145e+02 5.839364199999999983e+02
5.244744699999999966e+02 5.816440999999999804e+02
5.266753300000000309e+02 5.797374399999999923e+02
5.291917399999999816e+02 5.782271799999999757e+02
5.319417999999999438e+02 5.771262099999999009e+02
5.348436799999999494e+02 5.764490699999998924e+02
5.378135199999999259e+02 5.762067999999999302e+02
5.407675299999999652e+02 5.764139199999999619e+02
5.436257600000000139e+02 5.770831999999999198e+02
5.463043499999999995e+02 5.782254099999998971e+02
5.487195799999999508e+02 5.798573699999999462e+02
5.507894699999999375e+02 5.819897399999998697e+02
5.524302399999999125e+02 5.846353699999998526e+02
5.535599799999998822e+02 5.878069599999998900e+02
5.544022099999998545e+02 5.909470299999998133e+02
5.545749299999998811e+02 5.939607499999997344e+02
5.541477699999999231e+02 5.968100599999997939e+02
5.531848999999999705e+02 5.994629899999997633e+02
5.517561999999999216e+02 6.018854399999997895e+02
5.499296699999998737e+02 6.040432799999998679e+02
5.477692499999998290e+02 6.059045499999998583e+02
5.453448699999997871e+02 6.074331399999998666e+02
5.399682699999997340e+02 6.093601699999999255e+02
5.371499099999997497e+02 6.096904999999999291e+02
5.343374499999997624e+02 6.095559499999999389e+02
5.315948799999997618e+02 6.089184199999998555e+02
5.289920699999997851e+02 6.077478999999998450e+02
5.265931299999997464e+02 6.060083299999998871e+02
5.244678599999997459e+02 6.036676399999998921e+02
5.227953399999997828e+02 6.012939399999999068e+02
5.215572499999997262e+02 5.986705699999998842e+02
5.207799099999997452e+02 5.958754199999998491e+02
5.204956899999997404e+02 5.929861999999998261e+02
5.204954300000000558e+02 5.929859699999999521e+02
