4.251298100000000204e+02 3.819520200000000045e+02
4.252281100000000151e+02 3.785849600000000237e+02
4.259741900000000214e+02 3.755637200000000462e+02
4.272861800000000017e+02 3.728974100000000362e+02
4.290822099999999750e+02 3.706008600000000115e+02
4.312785700000000020e+02 3.686890200000000277e+02
4.337914299999999912e+02 3.671728600000000142e+02
4.365389200000000187e+02 3.660654200000000174e+02
4.394392100000000028e+02 3.653814800000000105e+02
4.424084500000000162e+02 3.651320299999999861e+02
4.453629400000000373e+02 3.653319700000000125e+02
4.482227600000000507e+02 3.659945200000000227e+02
4.509040300000000343e+02 3.671304600000000278e+02
4.533230800000000613e+02 3.687567100000000551e+02
4.553979700000000435e+02 3.708842400000000339e+02
4.570449300000000221e+02 3.735260200000000168e+02
4.581821199999999976e+02 3.766949700000000121e+02
4.590317200000000071e+02 3.798330700000000206e+02
4.592112500000000068e+02 3.828463399999999979e+02
4.587907700000000091e+02 3.856966699999999832e+02
4.578341399999999908e+02 3.883518199999999752e+02
4.564111399999999890e+02 3.907775999999999499e+02
4.545896399999999744e+02 3.929397499999999468e+02
4.524336099999999874e+02 3.948060799999999517e+02
4.500128199999999765e+02 3.963403499999999440e+02
4.446407499999999686e+02 3.982799999999999159e+02
4.418231899999999541e+02 3.986171299999999178e+02
4.390104299999999284e+02 3.984890099999998938e+02
4.362663399999999001e+02 3.978579799999998841e+02
4.336608099999999126e+02 3.966935399999998708e+02
4.312577499999999304e+02 3.949596099999998842e+02
4.291270399999999086e+02 3.926238999999998782e+02
4.274489299999999048e+02 3.902541299999998614e+02
4.262046699999999078e+02 3.876337099999998372e+02
4.254207899999998972e+02 3.848403799999998114e+02
4.251297699999998940e+02 3.819518299999998021e+02
4.251298100000000204e+02 3.819520200000000045e+02
