3.653168000000000006e+02 3.187131600000000162e+02
3.654150999999999954e+02 3.153460999999999785e+02
3.661611800000000017e+02 3.123248599999999442e+02
3.674731699999999819e+02 3.096585499999999911e+02
3.692692399999999679e+02 3.073619999999999663e+02
3.714655899999999633e+02 3.054501599999999826e+02
3.739784499999999525e+02 3.039340399999999818e+02
3.767258999999999673e+02 3.028265599999999722e+02
3.796261999999999830e+02 3.021426199999999653e+02
3.825954699999999775e+02 3.018931699999999410e+02
3.855499699999999734e+02 3.020931099999999105e+02
3.884097499999999741e+02 3.027556599999999207e+02
3.910910199999999577e+02 3.038916299999999637e+02
3.935100699999999847e+02 3.055178499999999531e+02
3.955849499999999921e+02 3.076453799999999319e+02
3.972319699999999898e+02 3.102871599999999717e+02
3.983691099999999778e+02 3.134561099999999669e+02
3.992186899999999810e+02 3.165941699999999628e+02
3.993982199999999807e+02 3.196074800000000096e+02
3.989777499999999577e+02 3.224578099999999949e+02
3.980211299999999710e+02 3.251129600000000437e+02
3.965981299999999692e+02 3.275387400000000753e+02
3.947766199999999799e+02 3.297008900000000722e+02
3.926205899999999929e+02 3.315672200000000203e+02
3.901998399999999947e+02 3.331014900000000125e+02
3.848277400000000057e+02 3.350411400000000413e+02
3.820102100000000291e+02 3.353782700000000432e+02
3.791974100000000476e+02 3.352501500000000760e+02
3.764533200000000761e+02 3.346190800000000536e+02
3.738477900000000886e+02 3.334546500000000151e+02
3.714447700000000623e+02 3.317207100000000537e+02
3.693140200000000846e+02 3.293850400000000036e+02
3.676359500000000935e+02 3.270152399999999489e+02
3.663916900000000965e+02 3.243948199999999815e+02
3.656077800000001048e+02 3.216014800000000378e+02
3.653167600000001016e+02 3.187129400000000032e+02
3.653168000000000006e+02 3.187131600000000162e+02
