2.771513299999999731e+02 2.257858499999999822e+02
2.772496299999999678e+02 2.224187799999999697e+02
2.779957499999999868e+02 2.193975399999999354e+02
2.793076899999999796e+02 2.167312399999999570e+02
2.811037599999999657e+02 2.144346799999999575e+02
2.833001199999999926e+02 2.125228099999999358e+02
2.858129799999999818e+02 2.110066899999999350e+02
2.885604700000000093e+02 2.098992499999999382e+02
2.914607300000000123e+02 2.092153099999999313e+02
2.944300000000000068e+02 2.089658599999999069e+02
2.973845000000000027e+02 2.091661699999998518e+02
3.002443099999999845e+02 2.098287199999998620e+02
3.029255799999999681e+02 2.109646599999998671e+02
3.053445999999999572e+02 2.125909199999998691e+02
3.074195199999999772e+02 2.147184499999998479e+02
3.090664899999999875e+02 2.173602299999998877e+02
3.102036699999999882e+02 2.205291699999999082e+02
3.110532299999999850e+02 2.236672399999998788e+02
3.112327599999999848e+02 2.266804999999998245e+02
3.108123299999999745e+02 2.295308299999998098e+02
3.098556899999999814e+02 2.321860299999998460e+02
3.084326599999999985e+02 2.346117999999999029e+02
3.066111900000000219e+02 2.367739599999998745e+02
3.044551600000000349e+02 2.386402899999998226e+02
3.020343700000000240e+02 2.401745499999998401e+02
2.966623000000000161e+02 2.421141999999998689e+02
2.938447400000000016e+02 2.424513399999998455e+02
2.910319799999999759e+02 2.423232099999997899e+02
2.882878899999999476e+02 2.416921399999997675e+02
2.856823599999999601e+02 2.405277099999997290e+02
2.832792999999999779e+02 2.387938099999997803e+02
2.811485500000000002e+02 2.364580999999998312e+02
2.794704800000000091e+02 2.340882999999997764e+02
2.782262200000000121e+02 2.314678799999998091e+02
2.774423100000000204e+02 2.286745799999997644e+02
2.771512900000000172e+02 2.257859999999997171e+02
2.771513299999999731e+02 2.257858499999999822e+02
