3.069295200000000250e+02 2.572747299999999768e+02
3.070278200000000197e+02 2.539076599999999644e+02
3.077739000000000260e+02 2.508864199999999300e+02
3.090858900000000062e+02 2.482201199999999517e+02
3.108819599999999923e+02 2.459235599999999522e+02
3.130783099999999877e+02 2.440117299999999432e+02
3.155911699999999769e+02 2.424956099999999424e+02
3.183386199999999917e+02 2.413881299999999328e+02
3.212389200000000073e+02 2.407041899999999259e+02
3.242081900000000019e+02 2.404547399999999016e+02
3.271626499999999851e+02 2.406546799999998711e+02
3.300224699999999984e+02 2.413172299999998813e+02
3.327037399999999820e+02 2.424531999999999243e+02
3.351227900000000091e+02 2.440794199999999137e+02
3.371976700000000164e+02 2.462069499999998925e+02
3.388446400000000267e+02 2.488487299999999323e+02
3.399818600000000401e+02 2.520176699999999528e+02
3.408314200000000369e+02 2.551557399999999234e+02
3.410109500000000367e+02 2.581690399999998817e+02
3.405904800000000137e+02 2.610193699999998671e+02
3.396338400000000206e+02 2.636745299999998906e+02
3.382108499999999935e+02 2.661003099999999222e+02
3.363893400000000042e+02 2.682624599999999191e+02
3.342333100000000172e+02 2.701287899999998672e+02
3.318125600000000190e+02 2.716630499999998847e+02
3.264404600000000300e+02 2.736027099999998882e+02
3.236229300000000535e+02 2.739398399999998901e+02
3.208101700000000278e+02 2.738117199999999229e+02
3.180660800000000563e+02 2.731806499999999005e+02
3.154605500000000688e+02 2.720162099999998873e+02
3.130574900000000866e+02 2.702823199999999133e+02
3.109267400000001089e+02 2.679466099999999642e+02
3.092486700000001179e+02 2.655767999999999347e+02
3.080044100000001208e+02 2.629563799999999674e+02
3.072205000000001291e+02 2.601630900000000111e+02
3.069294800000001260e+02 2.572745099999999638e+02
3.069295200000000250e+02 2.572747299999999768e+02
