5.149985599999999977e+02 4.750298599999999851e+02
5.150968599999999924e+02 4.716627899999999727e+02
5.158429399999999987e+02 4.686415899999999510e+02
5.171549300000000358e+02 4.659752399999999284e+02
5.189509600000000091e+02 4.636786899999999036e+02
5.211473600000000488e+02 4.617668499999999199e+02
5.236601800000000821e+02 4.602507299999999191e+02
5.264076700000000528e+02 4.591432499999999095e+02
5.293079600000000937e+02 4.584593499999999153e+02
5.322772400000001198e+02 4.582098999999998910e+02
5.352316900000000714e+02 4.584102199999998675e+02
5.380915100000000848e+02 4.590727299999998650e+02
5.407727800000001253e+02 4.602086999999998511e+02
5.431918300000000954e+02 4.618349599999998532e+02
5.452667200000000776e+02 4.639624499999998761e+02
5.469136800000001131e+02 4.666042299999998590e+02
5.480508700000001454e+02 4.697731799999998543e+02
5.489004700000001549e+02 4.729112799999998629e+02
5.490799900000001799e+02 4.759245499999998401e+02
5.486595200000001569e+02 4.787748799999998255e+02
5.477028900000001386e+02 4.814300699999998301e+02
5.462798900000001368e+02 4.838558499999998048e+02
5.444583900000001222e+02 4.860179599999997890e+02
5.423023600000001352e+02 4.878842899999997940e+02
5.398816100000001370e+02 4.894185899999997673e+02
5.345095000000001164e+02 4.913582099999997581e+02
5.316919800000001715e+02 4.916953399999997600e+02
5.288792100000001710e+02 4.915672199999997360e+02
5.261351300000001174e+02 4.909361499999997136e+02
5.235295900000000984e+02 4.897717199999997320e+02
5.211265300000001162e+02 4.880378199999997264e+02
5.189957900000001700e+02 4.857021099999997205e+02
5.173177100000001474e+02 4.833323099999997225e+02
5.160734600000001819e+02 4.807118899999996984e+02
5.152895400000002155e+02 4.779185899999997105e+02
5.149985200000002123e+02 4.750300099999997201e+02
5.149985599999999977e+02 4.750298599999999851e+02
