5.283111499999999978e+02 4.334917500000000246e+02
5.284094499999999925e+02 4.301246800000000121e+02
5.291555200000000241e+02 4.271034400000000346e+02
5.304675100000000612e+02 4.244371300000000247e+02
5.322635400000000345e+02 4.221405799999999999e+02
5.344599000000000615e+02 4.202287400000000162e+02
5.369727600000001075e+02 4.187125900000000343e+02
5.397202500000000782e+02 4.176051500000000374e+02
5.426205500000000939e+02 4.169212000000000558e+02
5.455898200000001452e+02 4.166717500000000314e+02
5.485442700000000968e+02 4.168716900000000578e+02
5.514040900000001102e+02 4.175342400000000680e+02
5.540853600000001506e+02 4.186701800000000731e+02
5.565043800000001966e+02 4.202964300000001003e+02
5.585793000000002166e+02 4.224239700000001108e+02
5.602262700000002269e+02 4.250657500000000937e+02
5.613634500000001708e+02 4.282346900000001142e+02
5.622130500000001803e+02 4.313727600000001416e+02
5.623925800000001800e+02 4.343860600000001568e+02
5.619721000000001823e+02 4.372363900000001422e+02
5.610154700000001640e+02 4.398915500000001657e+02
5.595924800000001369e+02 4.423173200000001657e+02
5.577709700000001476e+02 4.444794800000001942e+02
5.556149400000001606e+02 4.463458100000001991e+02
5.531941500000001497e+02 4.478800700000002166e+02
5.478220800000001418e+02 4.498197200000001885e+02
5.450045600000001969e+02 4.501568600000001652e+02
5.421918000000001712e+02 4.500287300000001665e+02
5.394477100000001428e+02 4.493976600000001440e+02
5.368421400000001995e+02 4.482332700000001182e+02
5.344391200000002300e+02 4.464993300000001000e+02
5.323083700000001954e+02 4.441636200000000940e+02
5.306303000000001475e+02 4.417938600000001088e+02
5.293860400000000936e+02 4.391734400000000846e+02
5.286021300000001020e+02 4.363801000000000840e+02
5.283111000000001241e+02 4.334915600000001064e+02
5.283111499999999978e+02 4.334917500000000246e+02
