5.573939299999999548e+02 4.650207199999999830e+02
5.574922299999999495e+02 4.616536499999999705e+02
5.582383099999999558e+02 4.586324099999999930e+02
5.595502599999999802e+02 4.559660999999999831e+02
5.613463299999999663e+02 4.536695499999999583e+02
5.635427300000000059e+02 4.517577099999999746e+02
5.660555399999999509e+02 4.502415599999999927e+02
5.688030299999999215e+02 4.491341199999999958e+02
5.717032899999999245e+02 4.484501700000000142e+02
5.746725599999999758e+02 4.482007300000000214e+02
5.776270600000000286e+02 4.484010400000000232e+02
5.804868400000000292e+02 4.490635900000000333e+02
5.831681500000000824e+02 4.501995300000000384e+02
5.855872000000000526e+02 4.518257800000000657e+02
5.876620800000000600e+02 4.539533200000000761e+02
5.893090500000000702e+02 4.565950900000000843e+02
5.904462300000000141e+02 4.597640400000000795e+02
5.912957999999999856e+02 4.629021000000000754e+02
5.914753200000000106e+02 4.659154100000000653e+02
5.910548900000000003e+02 4.687657400000000507e+02
5.900982500000000073e+02 4.714209000000000742e+02
5.886752199999999675e+02 4.738466700000000742e+02
5.868537599999999657e+02 4.760088300000001027e+02
5.846977200000000039e+02 4.778751600000001076e+02
5.822769399999999678e+02 4.794094200000001251e+02
5.769048699999999599e+02 4.813490700000000970e+02
5.740872999999999138e+02 4.816858300000001236e+02
5.712745399999998881e+02 4.815577000000001249e+02
5.685304499999998598e+02 4.809266300000001024e+02
5.659249199999998154e+02 4.797622400000000766e+02
5.635218599999998332e+02 4.780283000000000584e+02
5.613911499999998114e+02 4.756925900000000524e+02
5.597130399999998644e+02 4.733228300000000672e+02
5.584687899999998990e+02 4.707024100000000431e+02
5.576849099999999453e+02 4.679090700000000425e+02
5.573938899999999421e+02 4.650205300000000648e+02
5.573939299999999548e+02 4.650207199999999830e+02
