4.081892500000000155e+02 3.093169799999999441e+02
4.082875500000000102e+02 3.059499099999999316e+02
4.090336599999999976e+02 3.029286699999998973e+02
4.103456100000000220e+02 3.002623699999999189e+02
4.121416800000000080e+02 2.979658099999999195e+02
4.143380400000000350e+02 2.960539699999999357e+02
4.168509000000000242e+02 2.945378199999998969e+02
4.195983900000000517e+02 2.934303799999999001e+02
4.224986500000000547e+02 2.927464299999999184e+02
4.254679200000000492e+02 2.924969899999998688e+02
4.284224100000000703e+02 2.926972999999998137e+02
4.312821900000000710e+02 2.933598499999998239e+02
4.339635000000000673e+02 2.944957899999998290e+02
4.363825100000000816e+02 2.961220399999998563e+02
4.384574400000000765e+02 2.982495799999998098e+02
4.401044000000000551e+02 3.008913199999998369e+02
4.412415900000000306e+02 3.040602999999998701e+02
4.420911500000000274e+02 3.071983699999998407e+02
4.422706800000000271e+02 3.102116699999997991e+02
4.418502400000000421e+02 3.130619999999997844e+02
4.408936100000000238e+02 3.157171599999998080e+02
4.394705800000000409e+02 3.181429299999997511e+02
4.376491100000000642e+02 3.203050899999997227e+02
4.354930800000000772e+02 3.221714199999996708e+02
4.330722900000000664e+02 3.237056799999996883e+02
4.277002200000000585e+02 3.256453299999997171e+02
4.248826600000000440e+02 3.259820899999997437e+02
4.220699000000000183e+02 3.258539599999996881e+02
4.193258100000000468e+02 3.252228899999996656e+02
4.167202800000000593e+02 3.240584599999996271e+02
4.143172200000000771e+02 3.223245599999996784e+02
4.121864700000000994e+02 3.199888499999997293e+02
4.105084000000001083e+02 3.176190499999996746e+02
4.092641400000001113e+02 3.149986299999997073e+02
4.084802300000001196e+02 3.122053299999996625e+02
4.081892000000001417e+02 3.093167499999996153e+02
4.081892500000000155e+02 3.093169799999999441e+02
