6.466389400000000478e+02 5.579407100000000810e+02
6.467372400000000425e+02 5.545736400000000685e+02
6.474833200000000488e+02 5.515524000000000342e+02
6.487953100000000859e+02 5.488861000000000558e+02
6.505913800000000720e+02 5.465895400000000564e+02
6.527877000000000862e+02 5.446777100000000473e+02
6.553005900000000565e+02 5.431615500000000338e+02
6.580480500000001030e+02 5.420541100000000370e+02
6.609483400000001438e+02 5.413702000000000680e+02
6.639176200000001700e+02 5.411207500000000437e+02
6.668720700000001216e+02 5.413210699999999633e+02
6.697318900000001349e+02 5.419836199999999735e+02
6.724131600000001754e+02 5.431195999999999913e+02
6.748322100000001456e+02 5.447458100000000059e+02
6.769071000000001277e+02 5.468733500000000731e+02
6.785540600000001632e+02 5.495151200000000244e+02
6.796912500000001955e+02 5.526840700000000197e+02
6.805408500000002050e+02 5.558221700000000283e+02
6.807203700000002300e+02 5.588354400000000624e+02
6.802999000000002070e+02 5.616857700000000477e+02
6.793432700000001887e+02 5.643409199999999828e+02
6.779202700000001869e+02 5.667666999999999007e+02
6.760987700000001723e+02 5.689288599999999860e+02
6.739427400000001853e+02 5.707951900000000478e+02
6.715219500000001744e+02 5.723294499999999516e+02
6.661498800000001665e+02 5.742690999999999804e+02
6.633323600000002216e+02 5.746058600000000069e+02
6.605195600000001832e+02 5.744777300000000650e+02
6.577754700000001549e+02 5.738466599999999289e+02
6.551699400000001106e+02 5.726822300000000041e+02
6.527669100000001663e+02 5.709483299999999417e+02
6.506361700000002202e+02 5.686126199999999926e+02
6.489580600000002732e+02 5.662428199999999379e+02
6.477138000000002194e+02 5.636223999999999705e+02
6.469299200000002656e+02 5.608290999999999258e+02
6.466389000000002625e+02 5.579405199999999923e+02
6.466389400000000478e+02 5.579407100000000810e+02
