4.372169000000000096e+02 3.405364399999999705e+02
4.373152000000000044e+02 3.371693699999999581e+02
4.380612800000000107e+02 3.341481299999999237e+02
4.393732699999999909e+02 3.314817799999999579e+02
4.411692999999999643e+02 3.291852299999999332e+02
4.433656899999999723e+02 3.272733899999999494e+02
4.458785099999999488e+02 3.257572699999999486e+02
4.486259999999999764e+02 3.246497999999999138e+02
4.515262599999999793e+02 3.239658899999999448e+02
4.544955299999999738e+02 3.237164399999999205e+02
4.574500299999999697e+02 3.239163799999998901e+02
4.603098499999999831e+02 3.245789299999999002e+02
4.629911199999999667e+02 3.257148699999999053e+02
4.654101599999999621e+02 3.273411199999999326e+02
4.674850499999999442e+02 3.294686599999998862e+02
4.691320199999999545e+02 3.321104299999998375e+02
4.702691999999999553e+02 3.352793799999998328e+02
4.711187999999999647e+02 3.384174399999998286e+02
4.712983299999999645e+02 3.414307499999998754e+02
4.708778599999999415e+02 3.442810799999998608e+02
4.699212199999999484e+02 3.469362399999998843e+02
4.684982299999999213e+02 3.493620099999998274e+02
4.666767199999999320e+02 3.515241699999997991e+02
4.645206899999999450e+02 3.533904999999998040e+02
4.620999399999999468e+02 3.549247599999998215e+02
4.567278399999999579e+02 3.568644099999997934e+02
4.539102699999999686e+02 3.572011699999998200e+02
4.510975099999999429e+02 3.570730399999998212e+02
4.483534199999999146e+02 3.564419699999997988e+02
4.457478899999999271e+02 3.552775799999997730e+02
4.433448299999999449e+02 3.535436399999997548e+02
4.412141199999999230e+02 3.512079299999998057e+02
4.395360099999999193e+02 3.488381699999997636e+02
4.382917499999999222e+02 3.462177499999997963e+02
4.375078799999999433e+02 3.434244099999998525e+02
4.372168599999999401e+02 3.405358699999998180e+02
4.372169000000000096e+02 3.405364399999999705e+02
