4.669235300000000279e+02 3.715819099999999935e+02
4.670218300000000227e+02 3.682148399999999810e+02
4.677679100000000290e+02 3.651936399999999594e+02
4.690799000000000092e+02 3.625272999999999683e+02
4.708759699999999953e+02 3.602307399999999689e+02
4.730723199999999906e+02 3.583189099999999598e+02
4.755851799999999798e+02 3.568027899999999590e+02
4.783326700000000073e+02 3.556953099999999495e+02
4.812329300000000103e+02 3.550113999999999237e+02
4.842022000000000048e+02 3.547619499999998993e+02
4.871567000000000007e+02 3.549622699999998758e+02
4.900164800000000014e+02 3.556248199999998860e+02
4.926977499999999850e+02 3.567607599999998911e+02
4.951168299999999931e+02 3.583870099999999184e+02
4.971917199999999752e+02 3.605145499999999288e+02
4.988386899999999855e+02 3.631562899999999559e+02
4.999758699999999862e+02 3.663252699999999322e+02
5.008254299999999830e+02 3.694633299999999281e+02
5.010049599999999828e+02 3.724765999999999053e+02
5.005844899999999598e+02 3.753269299999998907e+02
4.996278899999999794e+02 3.779821299999998701e+02
4.982048599999999965e+02 3.804078999999998700e+02
4.963833900000000199e+02 3.825700199999998858e+02
4.942273600000000329e+02 3.844363499999998908e+02
4.918065700000000220e+02 3.859706499999998641e+02
4.864345000000000141e+02 3.879102599999998802e+02
4.836169399999999996e+02 3.882473999999998568e+02
4.808041799999999739e+02 3.881192699999998581e+02
4.780600899999999456e+02 3.874881999999998357e+02
4.754545599999999581e+02 3.863237699999998540e+02
4.730514999999999759e+02 3.845898699999998485e+02
4.709207499999999982e+02 3.822541599999998425e+02
4.692426800000000071e+02 3.798843599999998446e+02
4.679984200000000101e+02 3.772639399999998204e+02
4.672145100000000184e+02 3.744706399999998325e+02
4.669234900000000152e+02 3.715820599999998421e+02
4.669235300000000279e+02 3.715819099999999935e+02
