3.487298999999999864e+02 2.468751899999999750e+02
3.488281999999999812e+02 2.435081199999999626e+02
3.495742799999999875e+02 2.404868799999999283e+02
3.508862699999999677e+02 2.378205399999999372e+02
3.526822999999999411e+02 2.355240199999999504e+02
3.548786599999999680e+02 2.336121799999999666e+02
3.573915099999999825e+02 2.320960299999999279e+02
3.601390000000000100e+02 2.309885499999999183e+02
3.630392600000000130e+02 2.303046399999999494e+02
3.660085300000000075e+02 2.300551899999999250e+02
3.689630300000000034e+02 2.302555099999999584e+02
3.718228500000000167e+02 2.309180599999999686e+02
3.745041200000000003e+02 2.320539999999999736e+02
3.769231700000000274e+02 2.336802500000000009e+02
3.789980500000000347e+02 2.358077899999999545e+02
3.806450200000000450e+02 2.384495299999999816e+02
3.817822000000000457e+02 2.416185100000000148e+02
3.826318000000000552e+02 2.447565700000000106e+02
3.828113300000000550e+02 2.477698800000000574e+02
3.823908600000000320e+02 2.506202100000000428e+02
3.814342200000000389e+02 2.532753600000000915e+02
3.800112300000000118e+02 2.557011400000001231e+02
3.781897299999999973e+02 2.578633000000000948e+02
3.760336899999999787e+02 2.597296300000000429e+02
3.736129099999999994e+02 2.612638900000000604e+02
3.682408399999999915e+02 2.632035400000000891e+02
3.654232700000000023e+02 2.635403000000001157e+02
3.626105099999999766e+02 2.634121700000000601e+02
3.598664199999999482e+02 2.627811000000000377e+02
3.572608899999999608e+02 2.616166699999999992e+02
3.548578299999999786e+02 2.598827700000000505e+02
3.527271199999999567e+02 2.575470600000001014e+02
3.510490099999999529e+02 2.551772600000000466e+02
3.498047599999999306e+02 2.525568400000000793e+02
3.490208799999999201e+02 2.497635400000000345e+02
3.487298599999999169e+02 2.468749599999999873e+02
3.487298999999999864e+02 2.468751899999999750e+02
