3.780015500000000088e+02 2.779165799999999535e+02
3.780998500000000035e+02 2.745495199999999159e+02
3.788459300000000098e+02 2.715282799999998815e+02
3.801579199999999901e+02 2.688619699999999284e+02
3.819539899999999761e+02 2.665654199999999037e+02
3.841503500000000031e+02 2.646535399999999072e+02
3.866631699999999796e+02 2.631374199999999064e+02
3.894106600000000071e+02 2.620299799999999095e+02
3.923109499999999912e+02 2.613460399999999026e+02
3.952802300000000173e+02 2.610965899999998783e+02
3.982346900000000005e+02 2.612965299999998479e+02
4.010944999999999823e+02 2.619590799999998580e+02
4.037757799999999975e+02 2.630950199999998631e+02
4.061948300000000245e+02 2.647212699999998904e+02
4.082697100000000319e+02 2.668487999999998692e+02
4.099166800000000421e+02 2.694905799999999090e+02
4.110538600000000429e+02 2.726595299999999042e+02
4.119034600000000523e+02 2.757975899999999001e+02
4.120829900000000521e+02 2.788108999999999469e+02
4.116625200000000291e+02 2.816612299999999323e+02
4.107058800000000360e+02 2.843163799999999810e+02
4.092828900000000090e+02 2.867421600000000126e+02
4.074613800000000197e+02 2.889043100000000095e+02
4.053053500000000327e+02 2.907706399999999576e+02
4.028845600000000218e+02 2.923049099999999498e+02
3.975125000000000455e+02 2.942445599999999786e+02
3.946949700000000689e+02 2.945816899999999805e+02
3.918821700000000874e+02 2.944535700000000134e+02
3.891380800000000590e+02 2.938224999999999909e+02
3.865325500000000716e+02 2.926580699999999524e+02
3.841295200000000705e+02 2.909241700000000037e+02
3.819987800000000675e+02 2.885884600000000546e+02
3.803207000000000448e+02 2.862186599999999999e+02
3.790764500000000226e+02 2.835982400000000325e+02
3.782925299999999993e+02 2.808049399999999878e+02
3.780015099999999961e+02 2.779163599999999406e+02
3.780015500000000088e+02 2.779165799999999535e+02
