5.088013000000000261e+02 3.623723699999999894e+02
5.088996000000000208e+02 3.590052999999999770e+02
5.096457200000000398e+02 3.559840599999999995e+02
5.109576700000000642e+02 3.533177600000000211e+02
5.127537400000001071e+02 3.510212000000000216e+02
5.149500900000001593e+02 3.491093700000000126e+02
5.174629500000002054e+02 3.475932500000000118e+02
5.202104400000001760e+02 3.464857700000000023e+02
5.231107000000001790e+02 3.458018600000000333e+02
5.260799700000002304e+02 3.455524100000000089e+02
5.290344700000002831e+02 3.457527300000000423e+02
5.318942800000003217e+02 3.464152400000000398e+02
5.345755600000003369e+02 3.475512200000000576e+02
5.369946100000003071e+02 3.491774300000000721e+02
5.390694900000003145e+02 3.513049700000000257e+02
5.407164600000003247e+02 3.539467400000000339e+02
5.418536400000002686e+02 3.571156900000000292e+02
5.427032000000002654e+02 3.602537900000000377e+02
5.428831100000002152e+02 3.632670600000000150e+02
5.424626400000001922e+02 3.661173900000000003e+02
5.415060000000001992e+02 3.687725800000000049e+02
5.400830100000001721e+02 3.711983599999999797e+02
5.382615000000001828e+02 3.733604799999999955e+02
5.361054700000001958e+02 3.752268100000000004e+02
5.336847200000001976e+02 3.767610700000000179e+02
5.283126100000001770e+02 3.787007199999999898e+02
5.254950500000002194e+02 3.790378599999999665e+02
5.226822900000001937e+02 3.789097299999999677e+02
5.199382000000001653e+02 3.782786599999999453e+02
5.173326700000001210e+02 3.771142299999999636e+02
5.149296100000001388e+02 3.753803299999999581e+02
5.127989000000001170e+02 3.730446199999999521e+02
5.111208300000001259e+02 3.706748199999999542e+02
5.098765300000001162e+02 3.680543999999999301e+02
5.090926600000001372e+02 3.652610999999999422e+02
5.088016300000001593e+02 3.623725199999999518e+02
5.088013000000000261e+02 3.623723699999999894e+02
