6.581763999999999442e+02 5.177708999999999833e+02
6.582746999999999389e+02 5.144038299999999708e+02
6.590207799999999452e+02 5.113825899999999933e+02
6.603327699999999822e+02 5.087162799999999834e+02
6.621288399999999683e+02 5.064197299999999586e+02
6.643251999999999953e+02 5.045078899999999749e+02
6.668380600000000413e+02 5.029917399999999930e+02
6.695855099999999993e+02 5.018842999999999961e+02
6.724858000000000402e+02 5.012003500000000145e+02
6.754550800000000663e+02 5.009508999999999901e+02
6.784095300000000179e+02 5.011508400000000165e+02
6.812693500000000313e+02 5.018133900000000267e+02
6.839506200000000717e+02 5.029493300000000318e+02
6.863696700000000419e+02 5.045755800000000590e+02
6.884445600000000240e+02 5.067031200000000695e+02
6.900915600000000723e+02 5.093448900000000776e+02
6.912287100000000919e+02 5.125138400000000729e+02
6.920783100000001014e+02 5.156519100000000435e+02
6.922578400000001011e+02 5.186652100000001155e+02
6.918373600000001034e+02 5.215155000000000882e+02
6.908807300000000851e+02 5.241706600000001117e+02
6.894577400000000580e+02 5.265964400000000296e+02
6.876362300000000687e+02 5.287585900000001402e+02
6.854802000000000817e+02 5.306249200000000883e+02
6.830594500000000835e+02 5.321591800000001058e+02
6.776873400000000629e+02 5.340988400000001093e+02
6.748698200000001179e+02 5.344359700000001112e+02
6.720570500000001175e+02 5.343078400000001693e+02
6.693129700000000639e+02 5.336768100000001596e+02
6.667074400000000196e+02 5.325123800000001211e+02
6.643043700000000626e+02 5.307784400000000460e+02
6.621736300000001165e+02 5.284427700000001096e+02
6.604955600000000686e+02 5.260729700000001685e+02
6.592513000000000147e+02 5.234525500000000875e+02
6.584673900000000231e+02 5.206592100000000300e+02
6.581763600000000451e+02 5.177707100000000082e+02
6.581763999999999442e+02 5.177708999999999833e+02
