5.392282400000000280e+02 3.925436100000000010e+02
5.393265400000000227e+02 3.891765500000000202e+02
5.400726100000000542e+02 3.861553000000000111e+02
5.413846000000000913e+02 3.834889600000000200e+02
5.431806700000000774e+02 3.811924400000000333e+02
5.453770300000001043e+02 3.792806100000000242e+02
5.478898500000001377e+02 3.777644500000000107e+02
5.506373400000001084e+02 3.766569700000000012e+02
5.535376400000001240e+02 3.759730700000000070e+02
5.565069100000001754e+02 3.757236199999999826e+02
5.594613600000001270e+02 3.759239299999999844e+02
5.623211800000001404e+02 3.765864899999999693e+02
5.650024500000001808e+02 3.777224199999999428e+02
5.674214700000002267e+02 3.793486799999999448e+02
5.694963900000002468e+02 3.814762099999999236e+02
5.711433600000002571e+02 3.841179899999999066e+02
5.722805400000002010e+02 3.872869299999999271e+02
5.731301400000002104e+02 3.904249999999999545e+02
5.733096700000002102e+02 3.934382999999999697e+02
5.728891900000002124e+02 3.962886299999999551e+02
5.719325600000001941e+02 3.989437899999999786e+02
5.705095700000001671e+02 4.013695699999999533e+02
5.686880600000001778e+02 4.035317199999999502e+02
5.665320300000001907e+02 4.053980499999999552e+02
5.641112400000001799e+02 4.069323099999999727e+02
5.587391700000001720e+02 4.088719699999999762e+02
5.559216500000002270e+02 4.092087199999999712e+02
5.531088500000001886e+02 4.090805999999999472e+02
5.503647600000001603e+02 4.084495299999999247e+02
5.477592300000001160e+02 4.072851299999999242e+02
5.453562100000001465e+02 4.055511999999999375e+02
5.432254600000001119e+02 4.032154899999999316e+02
5.415473900000000640e+02 4.008457199999999148e+02
5.403031300000000101e+02 3.982252999999998906e+02
5.395192200000000184e+02 3.954319699999998647e+02
5.392281900000000405e+02 3.925434199999998555e+02
5.392282400000000280e+02 3.925436100000000010e+02
