6.004162599999999657e+02 4.568931799999999726e+02
6.005145599999999604e+02 4.535261099999999601e+02
6.012606700000000046e+02 4.505049099999999385e+02
6.025726200000000290e+02 4.478385699999999474e+02
6.043686900000000151e+02 4.455420099999999479e+02
6.065650500000000420e+02 4.436301799999999389e+02
6.090779100000000881e+02 4.421140599999999381e+02
6.118254000000000588e+02 4.410065799999999285e+02
6.147256500000000869e+02 4.403226699999999028e+02
6.176949300000001131e+02 4.400732299999999100e+02
6.206494200000000774e+02 4.402735399999999117e+02
6.235092000000000780e+02 4.409360499999999092e+02
6.261905100000001312e+02 4.420720299999999270e+02
6.286095200000000887e+02 4.436982799999999543e+02
6.306844500000000835e+02 4.458258199999999647e+02
6.323314100000001190e+02 4.484675599999999918e+02
6.334686000000001513e+02 4.516365399999999681e+02
6.343181600000001481e+02 4.547745999999999640e+02
6.344976900000001478e+02 4.577878699999999412e+02
6.340772500000001628e+02 4.606381999999999266e+02
6.331206200000001445e+02 4.632933999999999060e+02
6.316976200000001427e+02 4.657191699999999059e+02
6.298761200000001281e+02 4.678812899999999217e+02
6.277200900000001411e+02 4.697476199999999267e+02
6.252993000000001302e+02 4.712819199999999000e+02
6.199272300000001223e+02 4.732215299999999161e+02
6.171096700000001647e+02 4.735586699999998928e+02
6.142969100000001390e+02 4.734305399999998940e+02
6.115528200000001107e+02 4.727994699999998716e+02
6.089472900000000664e+02 4.716350399999998899e+02
6.065442200000001094e+02 4.699011399999998844e+02
6.044135200000000623e+02 4.675654299999998784e+02
6.027354100000001154e+02 4.651956299999998805e+02
6.014911500000000615e+02 4.625752099999998563e+02
6.007072700000001078e+02 4.597819099999998684e+02
6.004162500000001046e+02 4.568933299999998781e+02
6.004162599999999657e+02 4.568931799999999726e+02
