4.613389999999999986e+02 5.321144100000000208e+02
4.614451999999999998e+02 5.287475699999999961e+02
4.621983900000000176e+02 5.257281100000000151e+02
4.635166100000000142e+02 5.230649000000000797e+02
4.653180500000000279e+02 5.207725800000000618e+02
4.675188800000000242e+02 5.188658800000000610e+02
4.700352900000000318e+02 5.173556599999999435e+02
4.727853500000000508e+02 5.162546500000000833e+02
4.756872400000000312e+02 5.155775399999999991e+02
4.786570800000000077e+02 5.153352800000000116e+02
4.816110800000000154e+02 5.155423900000000685e+02
4.844693100000000072e+02 5.162116300000000138e+02
4.871479400000000055e+02 5.173538800000000037e+02
4.895631300000000010e+02 5.189858100000000150e+02
4.916330300000000193e+02 5.211182200000000648e+02
4.932737900000000195e+02 5.237638100000000350e+02
4.944035700000000020e+02 5.269354000000000724e+02
4.952457600000000184e+02 5.300754699999999957e+02
4.954184900000000198e+02 5.330891500000000178e+02
4.949913200000000302e+02 5.359384999999999764e+02
4.940284900000000334e+02 5.385914300000000594e+02
4.925997900000000413e+02 5.410138400000000729e+02
4.907732200000000375e+02 5.431716900000001260e+02
4.886128000000000497e+02 5.450329500000000280e+02
4.861884600000000773e+02 5.465615500000001248e+02
4.808118200000000684e+02 5.484885800000000700e+02
4.779935000000000400e+02 5.488189100000000735e+02
4.751810400000000527e+02 5.486843499999999949e+02
4.724384300000000394e+02 5.480468600000000379e+02
4.698356600000000185e+02 5.468763000000000147e+02
4.674366800000000239e+02 5.451367800000000443e+02
4.653114300000000298e+02 5.427960799999999608e+02
4.636389100000000099e+02 5.404223499999999376e+02
4.624008200000000102e+02 5.377990099999999529e+02
4.616234800000000291e+02 5.350038600000000315e+02
4.613392600000000243e+02 5.321146400000000085e+02
4.613389999999999986e+02 5.321144100000000208e+02
