3.911971199999999840e+02 2.395439300000000458e+02
3.912954199999999787e+02 2.361769000000000460e+02
3.920414999999999850e+02 2.331556500000000369e+02
3.933534899999999652e+02 2.304893500000000586e+02
3.951495499999999765e+02 2.281927600000000211e+02
3.973459100000000035e+02 2.262809200000000374e+02
3.998587400000000116e+02 2.247648000000000366e+02
4.026062100000000328e+02 2.236573600000000397e+02
4.055065100000000484e+02 2.229734200000000328e+02
4.084757800000000429e+02 2.227239700000000084e+02
4.114302400000000262e+02 2.229242799999999534e+02
4.142900600000000395e+02 2.235868399999999383e+02
4.169713300000000231e+02 2.247227699999999686e+02
4.193903800000000501e+02 2.263490299999999706e+02
4.214652600000000575e+02 2.284765599999999495e+02
4.231122300000000678e+02 2.311183399999999892e+02
4.242494100000000685e+02 2.342872800000000097e+02
4.250990100000000780e+02 2.374253499999999804e+02
4.252785400000000777e+02 2.404386200000000144e+02
4.248580700000000547e+02 2.432889800000000378e+02
4.239014300000000617e+02 2.459441400000000613e+02
4.224784400000000346e+02 2.483699200000000928e+02
4.206569400000000201e+02 2.505320700000000897e+02
4.185009000000000015e+02 2.523983600000001388e+02
4.160801500000000033e+02 2.539326600000001690e+02
4.107080500000000143e+02 2.558723200000001725e+02
4.078905200000000377e+02 2.562090700000002244e+02
4.050777200000000562e+02 2.560809500000002572e+02
4.023336400000000594e+02 2.554498800000002348e+02
3.997281200000000467e+02 2.542854400000002215e+02
3.973250900000000456e+02 2.525515100000002349e+02
3.951943400000000679e+02 2.502158400000001848e+02
3.935162700000000768e+02 2.478460400000001300e+02
3.922720100000000798e+02 2.452256100000000743e+02
3.914881000000000881e+02 2.424323200000001179e+02
3.911970800000000850e+02 2.395437400000000707e+02
3.911971199999999840e+02 2.395439300000000458e+02
