7.291915699999999561e+02 5.404517599999999220e+02
7.292898699999999508e+02 5.370846500000000106e+02
7.300359899999999698e+02 5.340634499999998752e+02
7.313479800000000068e+02 5.313971399999999221e+02
7.331440099999999802e+02 5.291005499999998847e+02
7.353403700000000072e+02 5.271887499999999136e+02
7.378532300000000532e+02 5.256726299999999128e+02
7.406007200000000239e+02 5.245651599999998780e+02
7.435009700000000521e+02 5.238812499999999091e+02
7.464702500000000782e+02 5.236317999999998847e+02
7.494247400000000425e+02 5.238321199999998043e+02
7.522846000000000686e+02 5.244946299999999155e+02
7.549658700000001090e+02 5.256306399999998575e+02
7.573849200000000792e+02 5.272568199999998342e+02
7.594598000000000866e+02 5.293843199999998888e+02
7.611067700000000968e+02 5.320261299999998528e+02
7.622439500000000407e+02 5.351951099999998860e+02
7.630935200000000123e+02 5.383331399999998439e+02
7.632730400000000373e+02 5.413464099999998780e+02
7.628525700000000143e+02 5.441967399999998634e+02
7.618959700000000339e+02 5.468519299999998111e+02
7.604729800000000068e+02 5.492777099999998427e+02
7.586514700000000175e+02 5.514398299999998017e+02
7.564954400000000305e+02 5.533062299999998004e+02
7.540746599999999944e+02 5.548404199999997672e+02
7.487025499999999738e+02 5.567801099999998087e+02
7.458849900000000162e+02 5.571168699999998353e+02
7.430722200000000157e+02 5.569887399999997797e+02
7.403281399999999621e+02 5.563576299999998582e+02
7.377225999999999431e+02 5.551932399999998324e+02
7.353195399999999609e+02 5.534593399999998837e+02
7.331888000000000147e+02 5.511236299999998209e+02
7.315107199999999921e+02 5.487538299999998799e+02
7.302664700000000266e+02 5.461334099999997989e+02
7.294825500000000602e+02 5.433401099999998678e+02
7.291915300000000570e+02 5.404515299999998206e+02
7.291915699999999561e+02 5.404517599999999220e+02
