4.204682099999999991e+02 2.683385299999999916e+02
4.205665099999999939e+02 2.649714599999999791e+02
4.213125900000000001e+02 2.619502199999999448e+02
4.226245799999999804e+02 2.592838799999999537e+02
4.244206499999999664e+02 2.569873599999999669e+02
4.266170099999999934e+02 2.550755199999999832e+02
4.291298600000000079e+02 2.535593699999999444e+02
4.318773199999999974e+02 2.524518899999999348e+02
4.347776099999999815e+02 2.517679799999999659e+02
4.377468900000000076e+02 2.515185299999999415e+02
4.407013800000000288e+02 2.517184699999999111e+02
4.435611600000000294e+02 2.523810199999999213e+02
4.462424300000000130e+02 2.535169599999999264e+02
4.486614800000000400e+02 2.551432099999999537e+02
4.507363700000000222e+02 2.572707499999999072e+02
4.523833700000000135e+02 2.599124899999999343e+02
4.535205200000000332e+02 2.630814699999999675e+02
4.543701200000000426e+02 2.662195399999999381e+02
4.545496400000000676e+02 2.692328399999998965e+02
4.541291700000000446e+02 2.720831699999998818e+02
4.531725400000000263e+02 2.747383299999999053e+02
4.517495400000000245e+02 2.771640999999999622e+02
4.499280400000000100e+02 2.793262599999999338e+02
4.477720100000000230e+02 2.811925899999998819e+02
4.453512600000000248e+02 2.827268499999998994e+02
4.399791500000000042e+02 2.846664999999999281e+02
4.371616300000000024e+02 2.850036399999999048e+02
4.343488300000000208e+02 2.848755099999998492e+02
4.316047399999999925e+02 2.842444399999998268e+02
4.289992100000000050e+02 2.830800099999997883e+02
4.265961800000000039e+02 2.813461099999998396e+02
4.244654400000000010e+02 2.790103999999998905e+02
4.227873599999999783e+02 2.766405999999998357e+02
4.215431099999999560e+02 2.740201799999998684e+02
4.207591899999999328e+02 2.712268799999998237e+02
4.204681699999999296e+02 2.683382999999997764e+02
4.204682099999999991e+02 2.683385299999999916e+02
