6.993524599999999509e+02 5.079500699999999824e+02
6.994507599999999456e+02 5.045830100000000016e+02
7.001968399999999519e+02 5.015617700000000241e+02
7.015088199999999006e+02 4.988954600000000141e+02
7.033048899999998866e+02 4.965989099999999894e+02
7.055012499999999136e+02 4.946870700000000056e+02
7.080141099999999597e+02 4.931709099999999921e+02
7.107615599999999176e+02 4.920634699999999953e+02
7.136618599999999333e+02 4.913795299999999884e+02
7.166311299999999846e+02 4.911300799999999640e+02
7.195855900000000247e+02 4.913300199999999904e+02
7.224454000000000633e+02 4.919925700000000006e+02
7.251266800000000785e+02 4.931285100000000057e+02
7.275457300000000487e+02 4.947547600000000330e+02
7.296206100000000561e+02 4.968823000000000434e+02
7.312675800000000663e+02 4.995240700000000516e+02
7.324047600000000102e+02 5.026930200000000468e+02
7.332543600000000197e+02 5.058311200000000554e+02
7.334338900000000194e+02 5.088443900000000326e+02
7.330134199999999964e+02 5.116947200000000180e+02
7.320567800000000034e+02 5.143498700000000099e+02
7.306337899999999763e+02 5.167756500000000415e+02
7.288122799999999870e+02 5.189377999999999247e+02
7.266562500000000000e+02 5.208041399999999612e+02
7.242355000000000018e+02 5.223384399999999914e+02
7.188633899999999812e+02 5.242780499999998938e+02
7.160458700000000363e+02 5.246151899999999841e+02
7.132331100000000106e+02 5.244870599999999286e+02
7.104890199999999822e+02 5.238560299999999188e+02
7.078834899999999379e+02 5.226915599999999813e+02
7.054804299999999557e+02 5.209576599999999189e+02
7.033496799999999212e+02 5.186219899999998688e+02
7.016716099999998733e+02 5.162521899999999277e+02
7.004273499999998194e+02 5.136317599999999857e+02
6.996434399999998277e+02 5.108384299999999030e+02
6.993524099999998498e+02 5.079498899999999253e+02
6.993524599999999509e+02 5.079500699999999824e+02
