4.498485900000000015e+02 2.991405700000000252e+02
4.499468899999999962e+02 2.957735000000000127e+02
4.506929700000000025e+02 2.927522999999999911e+02
4.520049500000000080e+02 2.900859500000000253e+02
4.538010199999999941e+02 2.877894000000000005e+02
4.559973800000000210e+02 2.858775600000000168e+02
4.585102400000000102e+02 2.843614400000000160e+02
4.612576900000000251e+02 2.832539699999999812e+02
4.641579900000000407e+02 2.825700600000000122e+02
4.671272400000000289e+02 2.823206099999999878e+02
4.700817000000000121e+02 2.825209300000000212e+02
4.729415099999999939e+02 2.831834800000000314e+02
4.756227900000000091e+02 2.843194100000000617e+02
4.780418400000000361e+02 2.859456700000000637e+02
4.801167200000000435e+02 2.880732000000000426e+02
4.817637300000000664e+02 2.907149400000000696e+02
4.829009100000000672e+02 2.938839200000001028e+02
4.837504700000000639e+02 2.970219900000000735e+02
4.839300000000000637e+02 3.000352600000001075e+02
4.835095300000000407e+02 3.028855900000000929e+02
4.825528900000000476e+02 3.055407800000000407e+02
4.811299000000000206e+02 3.079665600000000723e+02
4.793083900000000313e+02 3.101286700000000565e+02
4.771523600000000442e+02 3.119950100000000930e+02
4.747316100000000461e+02 3.135293000000001484e+02
4.693595100000000571e+02 3.154689200000001392e+02
4.665419800000000805e+02 3.158056800000001658e+02
4.637292000000001053e+02 3.156775500000001102e+02
4.609851100000000770e+02 3.150464800000000878e+02
4.583795800000000895e+02 3.138820900000000620e+02
4.559765600000000632e+02 3.121481500000001006e+02
4.538458100000000854e+02 3.098124400000001515e+02
4.521677400000000944e+02 3.074426800000001094e+02
4.509234800000000973e+02 3.048222600000001421e+02
4.501395700000001057e+02 3.020289200000001983e+02
4.498485400000001277e+02 2.991403800000001638e+02
4.498485900000000015e+02 2.991405700000000252e+02
