4.799611600000000067e+02 3.305698899999999867e+02
4.800594600000000014e+02 3.272028199999999742e+02
4.808055400000000077e+02 3.241815799999999399e+02
4.821175299999999879e+02 3.215152699999999868e+02
4.839135999999999740e+02 3.192187199999999621e+02
4.861099600000000009e+02 3.173068799999999783e+02
4.886228100000000154e+02 3.157907199999999648e+02
4.913703000000000429e+02 3.146832799999999679e+02
4.942705600000000459e+02 3.139993399999999610e+02
4.972398300000000404e+02 3.137498899999999367e+02
5.001943300000000363e+02 3.139502099999999700e+02
5.030541100000000370e+02 3.146127599999999802e+02
5.057353800000000206e+02 3.157486999999999853e+02
5.081544300000000476e+02 3.173749500000000126e+02
5.102293500000000677e+02 3.195024799999999914e+02
5.118763200000000779e+02 3.221442600000000311e+02
5.130135000000000218e+02 3.253132100000000264e+02
5.138630600000000186e+02 3.284512700000000223e+02
5.140425900000000183e+02 3.314645800000000690e+02
5.136221199999999953e+02 3.343149100000000544e+02
5.126655200000000150e+02 3.369701000000000022e+02
5.112424900000000321e+02 3.393958800000000338e+02
5.094209900000000175e+02 3.415579900000000180e+02
5.072649900000000116e+02 3.434243199999999661e+02
5.048442000000000007e+02 3.449585899999999583e+02
4.994721400000000244e+02 3.468982399999999870e+02
4.966545700000000352e+02 3.472353699999999890e+02
4.938418100000000095e+02 3.471072500000000218e+02
4.910977199999999812e+02 3.464761799999999994e+02
4.884921899999999937e+02 3.453117499999999609e+02
4.860891300000000115e+02 3.435778099999999995e+02
4.839583800000000338e+02 3.412421399999999494e+02
4.822803100000000427e+02 3.388723399999998946e+02
4.810360500000000457e+02 3.362519199999999273e+02
4.802521400000000540e+02 3.334585799999999836e+02
4.799611200000000508e+02 3.305700399999999490e+02
4.799611600000000067e+02 3.305698899999999867e+02
