4.308192199999999730e+02 4.979462300000000141e+02
4.309254299999999489e+02 4.945793899999999894e+02
4.316785699999999224e+02 4.915599199999999769e+02
4.329968299999999317e+02 4.888966800000000035e+02
4.347982699999999454e+02 4.866043599999999856e+02
4.369991299999999228e+02 4.846976599999999848e+02
4.395154999999999177e+02 4.831874399999999810e+02
4.422655599999999367e+02 4.820864199999999755e+02
4.451674399999999423e+02 4.814093199999999797e+02
4.481373199999999315e+02 4.811670499999999606e+02
4.510913199999999392e+02 4.813741699999999355e+02
4.539495499999999311e+02 4.820434099999999376e+02
4.566281399999999167e+02 4.831856599999999275e+02
4.590433699999999249e+02 4.848175899999999388e+02
4.611132699999999431e+02 4.869499999999999318e+02
4.627540399999999181e+02 4.895955899999999588e+02
4.638837799999999447e+02 4.927672199999999521e+02
4.647260099999999170e+02 4.959072899999999322e+02
4.648987299999999436e+02 4.989209699999999543e+02
4.644715699999999288e+02 5.017703199999999697e+02
4.635086899999999446e+02 5.044232399999999643e+02
4.620800299999999652e+02 5.068456599999999526e+02
4.602534599999999614e+02 5.090034999999999741e+02
4.580930499999999483e+02 5.108647699999999645e+02
4.556686699999999632e+02 5.123933600000000297e+02
4.502920599999999354e+02 5.143203899999999749e+02
4.474737099999999259e+02 5.146507199999999784e+02
4.446612499999999386e+02 5.145161699999999882e+02
4.419186699999999632e+02 5.138786800000000312e+02
4.393158599999999865e+02 5.127081200000000081e+02
4.369168799999999919e+02 5.109685899999999492e+02
4.347916599999999789e+02 5.086278899999999226e+02
4.331191399999999589e+02 5.062541599999998994e+02
4.318810399999999845e+02 5.036308299999998894e+02
4.311037099999999782e+02 5.008356799999999112e+02
4.308194899999999734e+02 4.979464599999998882e+02
4.308192199999999730e+02 4.979462300000000141e+02
