4.602636499999999842e+02 2.589842099999999618e+02
4.603619499999999789e+02 2.556171399999999494e+02
4.611080299999999852e+02 2.525958999999999151e+02
4.624199800000000096e+02 2.499295499999999493e+02
4.642160499999999956e+02 2.476330399999999372e+02
4.664123999999999910e+02 2.457211599999999407e+02
4.689252500000000055e+02 2.442050399999999399e+02
4.716727400000000330e+02 2.430975699999999051e+02
4.745730000000000359e+02 2.424136599999999362e+02
4.775422700000000304e+02 2.421642099999999118e+02
4.804967600000000516e+02 2.423641499999998814e+02
4.833565400000000523e+02 2.430266999999998916e+02
4.860378500000000486e+02 2.441626399999998966e+02
4.884569000000000756e+02 2.457888899999999239e+02
4.905317900000000577e+02 2.479164299999998775e+02
4.921787500000000364e+02 2.505581599999999298e+02
4.933159400000000119e+02 2.537271499999999378e+02
4.941655000000000086e+02 2.568652099999999336e+02
4.943450300000000084e+02 2.598785199999999804e+02
4.939245900000000233e+02 2.627288499999999658e+02
4.929679600000000050e+02 2.653840000000000146e+02
4.915449300000000221e+02 2.678097800000000461e+02
4.897234600000000455e+02 2.699719300000000430e+02
4.875674300000000585e+02 2.718382700000000796e+02
4.851466400000000476e+02 2.733725300000000971e+02
4.797745700000000397e+02 2.753121800000001258e+02
4.769570100000000252e+02 2.756493100000001277e+02
4.741442499999999995e+02 2.755211900000001606e+02
4.714001600000000280e+02 2.748901200000001381e+02
4.687946300000000406e+02 2.737256900000000996e+02
4.663915800000000331e+02 2.719917900000001509e+02
4.642608400000000302e+02 2.696560800000002018e+02
4.625827700000000391e+02 2.672862800000001471e+02
4.613385100000000421e+02 2.646658600000001798e+02
4.605546000000000504e+02 2.618725600000001350e+02
4.602635700000000725e+02 2.589839800000000878e+02
4.602636499999999842e+02 2.589842099999999618e+02
