5.490976100000000315e+02 3.510325800000000527e+02
5.491959100000000262e+02 3.476655100000000402e+02
5.499419900000000325e+02 3.446442700000000059e+02
5.512539400000000569e+02 3.419779600000000528e+02
5.530500100000000430e+02 3.396814100000000280e+02
5.552463700000000699e+02 3.377695700000000443e+02
5.577592300000001160e+02 3.362534500000000435e+02
5.605067200000000867e+02 3.351459800000000087e+02
5.634069700000001149e+02 3.344620300000000270e+02
5.663762500000001410e+02 3.342125800000000027e+02
5.693307400000001053e+02 3.344125199999999722e+02
5.721905600000001186e+02 3.350750699999999824e+02
5.748718300000001591e+02 3.362110500000000002e+02
5.772908400000001166e+02 3.378372600000000148e+02
5.793657700000001114e+02 3.399647999999999683e+02
5.810127300000001469e+02 3.426065699999999197e+02
5.821499200000001792e+02 3.457755199999999149e+02
5.829994800000001760e+02 3.489136199999999235e+02
5.831790100000001758e+02 3.519268899999999576e+02
5.827585700000001907e+02 3.547772199999999430e+02
5.818019400000001724e+02 3.574324099999999476e+02
5.803789400000001706e+02 3.598581899999999223e+02
5.785574400000001560e+02 3.620203099999999381e+02
5.764014100000001690e+02 3.638866399999999430e+02
5.739806200000001581e+02 3.654208999999999605e+02
5.686085500000001502e+02 3.673605499999999324e+02
5.657909900000001926e+02 3.676976899999999091e+02
5.629782300000001669e+02 3.675695599999999104e+02
5.602341400000001386e+02 3.669384899999998879e+02
5.576286100000000943e+02 3.657740599999999063e+02
5.552255400000001373e+02 3.640401599999999007e+02
5.530948400000000902e+02 3.617043799999999010e+02
5.514167600000000675e+02 3.593345699999999283e+02
5.501724700000000894e+02 3.567141499999999041e+02
5.493885900000001357e+02 3.539208599999998910e+02
5.490975700000001325e+02 3.510322799999999006e+02
5.490976100000000315e+02 3.510325800000000527e+02
