7.434277600000000348e+02 4.988891699999999787e+02
7.435260600000000295e+02 4.955220999999999663e+02
7.442721400000000358e+02 4.925008599999999888e+02
7.455841300000000729e+02 4.898345499999999788e+02
7.473802000000000589e+02 4.875379999999999541e+02
7.495765500000001111e+02 4.856261599999999703e+02
7.520894500000000562e+02 4.841100099999999884e+02
7.548369000000000142e+02 4.830025699999999915e+02
7.577372000000000298e+02 4.823186200000000099e+02
7.607064700000000812e+02 4.820691699999999855e+02
7.636609300000001213e+02 4.822694899999999620e+02
7.665207400000001599e+02 4.829320399999999722e+02
7.692020200000001751e+02 4.840679799999999773e+02
7.716210600000001705e+02 4.856942300000000046e+02
7.736959500000001526e+02 4.878217700000000150e+02
7.753429200000001629e+02 4.904635400000000232e+02
7.764801000000001068e+02 4.936324900000000184e+02
7.773297000000001162e+02 4.967705900000000270e+02
7.775092300000001160e+02 4.997838600000000042e+02
7.770887600000000930e+02 5.026341899999999896e+02
7.761321200000000999e+02 5.052893399999999815e+02
7.747091300000000729e+02 5.077151199999999562e+02
7.728876200000000836e+02 5.098772699999999531e+02
7.707315900000000966e+02 5.117436099999999328e+02
7.683108000000000857e+02 5.132778699999998935e+02
7.629387300000000778e+02 5.152174800000000232e+02
7.601211700000001201e+02 5.155542399999999361e+02
7.573084500000001071e+02 5.154261099999999942e+02
7.545643200000000661e+02 5.147950499999999465e+02
7.519587900000000218e+02 5.136306500000000597e+02
7.495557300000000396e+02 5.118967099999999846e+02
7.474249800000000050e+02 5.095610399999999913e+02
7.457468700000000581e+02 5.071912399999999934e+02
7.445026100000000042e+02 5.045708199999999692e+02
7.437187400000000252e+02 5.017775199999999813e+02
7.434277200000000221e+02 4.988889399999999910e+02
7.434277600000000348e+02 4.988891699999999787e+02
