5.193776699999999664e+02 3.220086199999999508e+02
5.194759699999999611e+02 3.186415499999999383e+02
5.202220399999999927e+02 3.156203099999999040e+02
5.215339900000000171e+02 3.129540099999999256e+02
5.233300600000000031e+02 3.106574499999999261e+02
5.255264200000000301e+02 3.087456199999999171e+02
5.280392800000000761e+02 3.072294599999999036e+02
5.307867700000000468e+02 3.061220199999999068e+02
5.336870300000000498e+02 3.054380799999998999e+02
5.366563000000001011e+02 3.051886299999998755e+02
5.396107900000000654e+02 3.053889399999998204e+02
5.424705700000000661e+02 3.060514899999998306e+02
5.451518800000001193e+02 3.071874299999998357e+02
5.475709300000000894e+02 3.088136899999998377e+02
5.496458200000000716e+02 3.109412199999998165e+02
5.512927900000000818e+02 3.135829999999998563e+02
5.524299700000000257e+02 3.167519399999998768e+02
5.532795300000000225e+02 3.198900099999998474e+02
5.534594399999999723e+02 3.229033099999998058e+02
5.530389599999999746e+02 3.257536399999997911e+02
5.520823299999999563e+02 3.284087999999998146e+02
5.506593399999999292e+02 3.308345699999997578e+02
5.488378299999999399e+02 3.329967299999997294e+02
5.466817999999999529e+02 3.348630599999996775e+02
5.442610099999999420e+02 3.363973199999996950e+02
5.388889399999999341e+02 3.383369699999997238e+02
5.360713799999999765e+02 3.386741099999997004e+02
5.332586199999999508e+02 3.385459799999996449e+02
5.305145299999999224e+02 3.379149099999996224e+02
5.279089999999998781e+02 3.367503999999996722e+02
5.255059399999998959e+02 3.350164699999996856e+02
5.233752299999998741e+02 3.326807599999997365e+02
5.216971199999999271e+02 3.303109999999996944e+02
5.204528599999998733e+02 3.276905699999996386e+02
5.196689899999998943e+02 3.248972399999996696e+02
5.193779599999999164e+02 3.220086999999996351e+02
5.193776699999999664e+02 3.220086199999999508e+02
