5.800057500000000346e+02 3.847606299999999919e+02
5.801040500000000293e+02 3.813935599999999795e+02
5.808501300000000356e+02 3.783723200000000020e+02
5.821621099999999842e+02 3.757060200000000236e+02
5.839581799999999703e+02 3.734094600000000241e+02
5.861545399999999972e+02 3.714976300000000151e+02
5.886673600000000306e+02 3.699814700000000016e+02
5.914148500000000013e+02 3.688739899999999921e+02
5.943151500000000169e+02 3.681900899999999979e+02
5.972844200000000683e+02 3.679406399999999735e+02
6.002388800000001083e+02 3.681409499999999753e+02
6.030986900000001469e+02 3.688034999999999854e+02
6.057799700000001621e+02 3.699394399999999905e+02
6.081990200000001323e+02 3.715656999999999925e+02
6.102739000000001397e+02 3.736932299999999714e+02
6.119208700000001500e+02 3.763350099999999543e+02
6.130580500000000939e+02 3.795039499999999748e+02
6.139076500000001033e+02 3.826420200000000023e+02
6.140871800000001031e+02 3.856553200000000174e+02
6.136667100000000801e+02 3.885056500000000028e+02
6.127100700000000870e+02 3.911608100000000263e+02
6.112870800000000600e+02 3.935865900000000011e+02
6.094655700000000706e+02 3.957487399999999980e+02
6.073095400000000836e+02 3.976150700000000029e+02
6.048887500000000728e+02 3.991493300000000204e+02
5.995166800000000649e+02 4.010889900000000239e+02
5.966991600000001199e+02 4.014261200000000258e+02
5.938863600000000815e+02 4.012979900000000271e+02
5.911422700000000532e+02 4.006669300000000362e+02
5.885367400000000089e+02 3.995025300000000357e+02
5.861337200000000394e+02 3.977685900000000174e+02
5.840029700000000048e+02 3.954328800000000115e+02
5.823248999999999569e+02 3.930631200000000263e+02
5.810806399999999030e+02 3.904427000000000021e+02
5.802967299999999113e+02 3.876493600000000015e+02
5.800057099999999082e+02 3.847608200000000238e+02
5.800057500000000346e+02 3.847606299999999919e+02
