4.909305200000000013e+02 2.897862400000000207e+02
4.910288199999999961e+02 2.864191799999999830e+02
4.917749000000000024e+02 2.833979699999999866e+02
4.930868899999999826e+02 2.807316299999999956e+02
4.948829199999999560e+02 2.784350799999999708e+02
4.970793199999999388e+02 2.765232399999999870e+02
4.995921399999999153e+02 2.750071199999999862e+02
5.023396299999999428e+02 2.738996399999999767e+02
5.052398799999999710e+02 2.732157399999999825e+02
5.082091599999999971e+02 2.729662899999999581e+02
5.111636500000000183e+02 2.731665999999999030e+02
5.140234699999999748e+02 2.738291499999999132e+02
5.167047400000000152e+02 2.749650899999999183e+02
5.191237899999999854e+02 2.765913499999999203e+02
5.211986699999999928e+02 2.787188799999998992e+02
5.228456400000000031e+02 2.813606599999999389e+02
5.239828300000000354e+02 2.845295999999999594e+02
5.248324300000000449e+02 2.876676699999999300e+02
5.250119500000000698e+02 2.906809299999998757e+02
5.245914800000000469e+02 2.935312599999998611e+02
5.236348400000000538e+02 2.961864599999998973e+02
5.222118500000000267e+02 2.986122299999999541e+02
5.203903500000000122e+02 3.007743499999999131e+02
5.182343200000000252e+02 3.026406799999998611e+02
5.158135700000000270e+02 3.041749799999998913e+02
5.104414600000000064e+02 3.061146299999999201e+02
5.076238999999999919e+02 3.064513899999999467e+02
5.048111299999999915e+02 3.063232599999998911e+02
5.020670499999999947e+02 3.056921599999999444e+02
4.994615200000000073e+02 3.045277599999999438e+02
4.970584499999999935e+02 3.027938299999999572e+02
4.949277500000000032e+02 3.004581200000000081e+02
4.932496300000000247e+02 2.980883499999999913e+02
4.920053800000000024e+02 2.954679300000000239e+02
4.912214999999999918e+02 2.926746000000000549e+02
4.909304799999999886e+02 2.897860500000000457e+02
4.909305200000000013e+02 2.897862400000000207e+02
