5.938621799999999666e+02 3.412993300000000545e+02
5.939604799999999614e+02 3.379322600000000421e+02
5.947065599999999677e+02 3.349110200000000077e+02
5.960185099999999920e+02 3.322446800000000167e+02
5.978145700000000033e+02 3.299481200000000172e+02
6.000109300000000303e+02 3.280362900000000081e+02
6.025237900000000764e+02 3.265201700000000073e+02
6.052712800000000470e+02 3.254126899999999978e+02
6.081715400000000500e+02 3.247287900000000036e+02
6.111408100000001014e+02 3.244793399999999792e+02
6.140953100000001541e+02 3.246792699999999741e+02
6.169550800000001800e+02 3.253418199999999842e+02
6.196363600000001952e+02 3.264777599999999893e+02
6.220554100000001654e+02 3.281040199999999913e+02
6.241303300000001855e+02 3.302315499999999702e+02
6.257773000000001957e+02 3.328733300000000099e+02
6.269144800000001396e+02 3.360422700000000304e+02
6.277640400000001364e+02 3.391803400000000011e+02
6.279435700000001361e+02 3.421936399999999594e+02
6.275231000000001131e+02 3.450439699999999448e+02
6.265664600000001201e+02 3.476991299999999683e+02
6.251434700000000930e+02 3.501249099999999999e+02
6.233219600000001037e+02 3.522870599999999968e+02
6.211659300000001167e+02 3.541533900000000017e+02
6.187451800000001185e+02 3.556876500000000192e+02
6.133731100000001106e+02 3.576273100000000227e+02
6.105555500000001530e+02 3.579644400000000246e+02
6.077427900000001273e+02 3.578363100000000259e+02
6.049987000000000990e+02 3.572052800000000161e+02
6.023931700000000546e+02 3.560408500000000345e+02
5.999901100000000724e+02 3.543069100000000162e+02
5.978593600000000379e+02 3.519712399999999661e+02
5.961812899999999900e+02 3.496014399999999114e+02
5.949370299999999361e+02 3.469810199999999440e+02
5.941531599999999571e+02 3.441876800000000003e+02
5.938621299999999792e+02 3.412991399999999658e+02
5.938621799999999666e+02 3.412993300000000545e+02
