7.132088499999999840e+02 4.660077400000000125e+02
7.133071499999999787e+02 4.626406700000000001e+02
7.140532699999999977e+02 4.596194300000000226e+02
7.153652200000000221e+02 4.569531300000000442e+02
7.171612800000000334e+02 4.546565700000000447e+02
7.193576400000000604e+02 4.527447400000000357e+02
7.218705000000001064e+02 4.512286200000000349e+02
7.246179900000000771e+02 4.501211400000000253e+02
7.275182500000000800e+02 4.494372400000000312e+02
7.304875200000001314e+02 4.491877900000000068e+02
7.334420200000001842e+02 4.493881000000000085e+02
7.363017900000002101e+02 4.500506100000000060e+02
7.389831100000002380e+02 4.511865900000000238e+02
7.414021200000001954e+02 4.528128100000000131e+02
7.434770400000002155e+02 4.549403399999999920e+02
7.451240100000002258e+02 4.575821199999999749e+02
7.462611900000001697e+02 4.607510599999999954e+02
7.471107500000001664e+02 4.638891699999999787e+02
7.472902800000001662e+02 4.669024299999999812e+02
7.468698100000001432e+02 4.697527599999999666e+02
7.459132100000001628e+02 4.724079199999999901e+02
7.444902200000001358e+02 4.748337300000000027e+02
7.426687100000001465e+02 4.769958500000000186e+02
7.405126800000001595e+02 4.788621800000000235e+02
7.380918900000001486e+02 4.803964400000000410e+02
7.327198200000001407e+02 4.823361000000000445e+02
7.299022600000001830e+02 4.826728500000000395e+02
7.270895000000001573e+02 4.825447300000000155e+02
7.243454100000001290e+02 4.819136599999999930e+02
7.217398800000000847e+02 4.807492199999999798e+02
7.193368200000001025e+02 4.790153300000000058e+02
7.172060700000000679e+02 4.766796199999999999e+02
7.155280000000000200e+02 4.743098200000000020e+02
7.142837399999999661e+02 4.716893900000000031e+02
7.134998299999999745e+02 4.688960999999999899e+02
7.132088099999999713e+02 4.660075199999999995e+02
7.132088499999999840e+02 4.660077400000000125e+02
