5.339935500000000275e+02 2.796865500000000111e+02
5.340918500000000222e+02 2.763194799999999987e+02
5.348379300000000285e+02 2.732982399999999643e+02
5.361499200000000656e+02 2.706319300000000112e+02
5.379459900000000516e+02 2.683353799999999865e+02
5.401423500000000786e+02 2.664235400000000027e+02
5.426551700000001119e+02 2.649074200000000019e+02
5.454026600000000826e+02 2.637999499999999671e+02
5.483029500000001235e+02 2.631160399999999981e+02
5.512722200000001749e+02 2.628665899999999738e+02
5.542266800000002149e+02 2.630665299999999434e+02
5.570865000000002283e+02 2.637290399999999408e+02
5.597677700000002687e+02 2.648650199999999586e+02
5.621868200000002389e+02 2.664912399999999479e+02
5.642617000000002463e+02 2.686187699999999268e+02
5.659086700000002566e+02 2.712605499999999665e+02
5.670458600000002889e+02 2.744294899999999870e+02
5.678954600000002984e+02 2.775675899999999956e+02
5.680749800000003233e+02 2.805808600000000297e+02
5.676545100000003004e+02 2.834311900000000151e+02
5.666978700000003073e+02 2.860863500000000386e+02
5.652748800000002802e+02 2.885121599999999944e+02
5.634533800000002657e+02 2.906742799999999534e+02
5.612973500000002787e+02 2.925406099999999014e+02
5.588766000000002805e+02 2.940748699999999189e+02
5.535044900000002599e+02 2.960145199999999477e+02
5.506869600000002265e+02 2.963516599999999244e+02
5.478741600000001881e+02 2.962235299999998688e+02
5.451301100000001725e+02 2.955924599999998463e+02
5.425245800000001282e+02 2.944280299999998078e+02
5.401215200000001460e+02 2.926940999999998212e+02
5.379907800000001998e+02 2.903584199999997963e+02
5.363127000000001772e+02 2.879886199999997416e+02
5.350684400000001233e+02 2.853681999999997743e+02
5.342845300000001316e+02 2.825748599999998305e+02
5.339935100000001285e+02 2.796863199999997960e+02
5.339935500000000275e+02 2.796865500000000111e+02
