6.232043499999999767e+02 3.716890700000000152e+02
6.233026499999999714e+02 3.683220000000000027e+02
6.240487299999999777e+02 3.653007600000000252e+02
6.253607200000000148e+02 3.626344600000000469e+02
6.271567900000000009e+02 3.603379000000000474e+02
6.293531400000000531e+02 3.584260700000000384e+02
6.318660000000000991e+02 3.569099100000000249e+02
6.346134500000000571e+02 3.558024700000000280e+02
6.375137500000000728e+02 3.551185300000000211e+02
6.404830200000001241e+02 3.548690799999999967e+02
6.434375200000001769e+02 3.550690200000000232e+02
6.462973000000001775e+02 3.557315700000000334e+02
6.489786100000002307e+02 3.568675400000000195e+02
6.513976200000001882e+02 3.584937600000000089e+02
6.534725000000001955e+02 3.606212899999999877e+02
6.551195100000002185e+02 3.632630699999999706e+02
6.562566900000001624e+02 3.664320099999999911e+02
6.571062500000001592e+02 3.695700800000000186e+02
6.572857800000001589e+02 3.725833800000000338e+02
6.568653500000001486e+02 3.754337100000000191e+02
6.559086700000001429e+02 3.780888700000000426e+02
6.544856800000001158e+02 3.805146500000000174e+02
6.526641800000001012e+02 3.826768000000000143e+02
6.505081400000001395e+02 3.845431300000000192e+02
6.480873900000001413e+02 3.860773900000000367e+02
6.427153200000001334e+02 3.880170500000000402e+02
6.398977600000001758e+02 3.883541800000000421e+02
6.370850000000001501e+02 3.882260500000000434e+02
6.343409100000001217e+02 3.875950200000000336e+02
6.317353800000000774e+02 3.864305900000000520e+02
6.293323200000000952e+02 3.846966600000000653e+02
6.272015700000000606e+02 3.823609800000000405e+02
6.255235000000000127e+02 3.799911800000000426e+02
6.242792399999999589e+02 3.773707600000000184e+02
6.234953299999999672e+02 3.745774200000000178e+02
6.232043099999999640e+02 3.716888800000000401e+02
6.232043499999999767e+02 3.716890700000000152e+02
