6.835070899999999483e+02 4.349638400000000047e+02
6.836053899999999430e+02 4.315967699999999923e+02
6.843514699999999493e+02 4.285755699999999706e+02
6.856634599999999864e+02 4.259092199999999480e+02
6.874595299999999725e+02 4.236126699999999232e+02
6.896558899999999994e+02 4.217008299999999394e+02
6.921687399999999570e+02 4.201847099999999386e+02
6.949162299999999277e+02 4.190772299999999291e+02
6.978164899999999307e+02 4.183932899999999222e+02
7.007857599999999820e+02 4.181438399999998978e+02
7.037402600000000348e+02 4.183437799999999243e+02
7.066000400000000354e+02 4.190063299999999344e+02
7.092813100000000759e+02 4.201423099999999522e+02
7.117003600000000461e+02 4.217685199999999668e+02
7.137752400000000534e+02 4.238960599999999772e+02
7.154222500000000764e+02 4.265378299999999854e+02
7.165594300000000203e+02 4.297067799999999806e+02
7.174089900000000171e+02 4.328448799999999892e+02
7.175885200000000168e+02 4.358581499999999664e+02
7.171680499999999938e+02 4.387084799999999518e+02
7.162114100000000008e+02 4.413636699999999564e+02
7.147884199999999737e+02 4.437894099999999753e+02
7.129669199999999591e+02 4.459515699999999470e+02
7.108108799999999974e+02 4.478178999999999519e+02
7.083901299999999992e+02 4.493521999999999252e+02
7.030180299999999534e+02 4.512918099999999413e+02
7.002004999999999200e+02 4.516289499999999180e+02
6.973877399999998943e+02 4.515008199999999192e+02
6.946436499999998659e+02 4.508697499999998968e+02
6.920381199999998216e+02 4.497053199999999151e+02
6.896350599999998394e+02 4.479714199999999096e+02
6.875043099999998049e+02 4.456357099999999036e+02
6.858262399999997569e+02 4.432659099999999057e+02
6.845819799999997031e+02 4.406454899999998815e+02
6.837980699999997114e+02 4.378521899999998936e+02
6.835070499999997082e+02 4.349636099999999033e+02
6.835070899999999483e+02 4.349638400000000047e+02
