6.540688800000000356e+02 4.029719000000000051e+02
6.541671800000000303e+02 3.996048700000000053e+02
6.549132600000000366e+02 3.965836300000000278e+02
6.562252500000000737e+02 3.939172800000000052e+02
6.580212800000000470e+02 3.916207299999999805e+02
6.602176699999999983e+02 3.897088899999999967e+02
6.627305300000000443e+02 3.881927699999999959e+02
6.654779800000000023e+02 3.870853000000000179e+02
6.683782800000000179e+02 3.864013899999999921e+02
6.713475500000000693e+02 3.861519399999999678e+02
6.743020100000001094e+02 3.863518799999999942e+02
6.771618300000001227e+02 3.870144300000000044e+02
6.798431000000001632e+02 3.881503700000000094e+02
6.822621500000001333e+02 3.897766200000000367e+02
6.843370300000001407e+02 3.919041500000000156e+02
6.859840400000001637e+02 3.945458900000000426e+02
6.871211800000002086e+02 3.977148800000000506e+02
6.879707800000002180e+02 4.008529400000000464e+02
6.881503100000002178e+02 4.038662500000000364e+02
6.877298400000001948e+02 4.067165800000000218e+02
6.867732000000002017e+02 4.093717300000000137e+02
6.853502100000001747e+02 4.117975099999999884e+02
6.835287000000001854e+02 4.139596599999999853e+02
6.813726700000001983e+02 4.158259600000000091e+02
6.789519200000002002e+02 4.173602599999999825e+02
6.735798200000001543e+02 4.192998699999999985e+02
6.707622900000001209e+02 4.196370099999999752e+02
6.679494900000000825e+02 4.195088799999999765e+02
6.652054000000000542e+02 4.188778099999999540e+02
6.625998700000000099e+02 4.177133799999999724e+02
6.601968500000000404e+02 4.159794799999999668e+02
6.580661000000000058e+02 4.136437699999999609e+02
6.563880299999999579e+02 4.112740099999999757e+02
6.551437699999999040e+02 4.086535899999999515e+02
6.543598599999999124e+02 4.058602499999999509e+02
6.540688399999999092e+02 4.029716699999999605e+02
6.540688800000000356e+02 4.029719000000000051e+02
