4.435525900000000092e+02 1.860212199999999712e+02
4.436508900000000040e+02 1.826541499999999587e+02
4.443969700000000103e+02 1.796328999999999496e+02
4.457089200000000346e+02 1.769665999999999713e+02
4.475049900000000207e+02 1.746700399999999718e+02
4.497013500000000477e+02 1.727582099999999627e+02
4.522142000000000621e+02 1.712420499999999493e+02
4.549616900000000896e+02 1.701346099999999524e+02
4.578619500000000926e+02 1.694506699999999455e+02
4.608312200000000871e+02 1.692012199999999211e+02
4.637857000000000767e+02 1.694011499999999160e+02
4.666454600000000710e+02 1.700637099999999009e+02
4.693267700000000673e+02 1.711996399999999312e+02
4.717458200000000943e+02 1.728258999999999332e+02
4.738207100000000764e+02 1.749534299999999121e+02
4.754676800000000867e+02 1.775952099999999518e+02
4.766048600000000874e+02 1.807641599999999471e+02
4.774544200000000842e+02 1.839022699999999304e+02
4.776339500000000839e+02 1.869155299999998761e+02
4.772135100000000989e+02 1.897658599999998614e+02
4.762568800000000806e+02 1.924210199999998849e+02
4.748338900000000535e+02 1.948467999999999165e+02
4.730123800000000642e+02 1.970089499999999134e+02
4.708563500000000772e+02 1.988752799999998615e+02
4.684355600000000663e+02 2.004095399999998790e+02
4.630635100000000648e+02 2.023491999999998825e+02
4.602459600000000819e+02 2.026863299999998844e+02
4.574332000000000562e+02 2.025582099999999173e+02
4.546891100000000279e+02 2.019271399999998948e+02
4.520835800000000404e+02 2.007626999999998816e+02
4.496805200000000582e+02 1.990288099999999076e+02
4.475497800000000552e+02 1.966930999999999585e+02
4.458717000000000326e+02 1.943232899999999290e+02
4.446274400000000355e+02 1.917028699999999617e+02
4.438435700000000566e+02 1.889095800000000054e+02
4.435525500000000534e+02 1.860209999999999582e+02
4.435525900000000092e+02 1.860212199999999712e+02
