5.044071900000000142e+02 2.474641699999999673e+02
5.045054900000000089e+02 2.440970999999999549e+02
5.052515700000000152e+02 2.410758999999999332e+02
5.065635599999999954e+02 2.384095499999999674e+02
5.083596299999999815e+02 2.361129999999999427e+02
5.105559900000000084e+02 2.342011599999999589e+02
5.130688400000000229e+02 2.326850399999999581e+02
5.158163000000000693e+02 2.315775699999999233e+02
5.187165900000001102e+02 2.308936599999999544e+02
5.216858700000001363e+02 2.306442099999999300e+02
5.246403200000000879e+02 2.308441499999998996e+02
5.275001400000001013e+02 2.315066999999999098e+02
5.301814100000001417e+02 2.326426399999999148e+02
5.326004600000001119e+02 2.342688899999999421e+02
5.346753500000000940e+02 2.363964299999998957e+02
5.363223500000001422e+02 2.390381999999998470e+02
5.374595400000001746e+02 2.422071499999998423e+02
5.383091000000001713e+02 2.453452099999998381e+02
5.384886200000001963e+02 2.483585199999998849e+02
5.380681900000001860e+02 2.512088499999998703e+02
5.371115500000001930e+02 2.538639999999999191e+02
5.356885600000001659e+02 2.562897799999999506e+02
5.338670600000001514e+02 2.584519299999999475e+02
5.317110200000001896e+02 2.603182699999999841e+02
5.292902400000001535e+02 2.618525300000000016e+02
5.239181700000001456e+02 2.637921800000000303e+02
5.211006100000001879e+02 2.641293100000000322e+02
5.182878400000001875e+02 2.640011900000000651e+02
5.155437600000001339e+02 2.633701200000000426e+02
5.129382200000001149e+02 2.622056900000000041e+02
5.105351600000001326e+02 2.604717500000000427e+02
5.084044200000001297e+02 2.581360799999999927e+02
5.067263400000001070e+02 2.557662799999999379e+02
5.054820900000000847e+02 2.531458599999999706e+02
5.046982100000000742e+02 2.503525200000000268e+02
5.044071900000000710e+02 2.474639799999999923e+02
5.044071900000000142e+02 2.474641699999999673e+02
