6.957703000000000202e+02 3.943301700000000096e+02
6.958686000000000149e+02 3.909631100000000288e+02
6.966146800000000212e+02 3.879418600000000197e+02
6.979266599999999698e+02 3.852755600000000413e+02
6.997226999999999180e+02 3.829790000000000418e+02
7.019190899999998692e+02 3.810671700000000328e+02
7.044319099999999025e+02 3.795510500000000320e+02
7.071793999999998732e+02 3.784435700000000224e+02
7.100796599999998762e+02 3.777596700000000283e+02
7.130489699999998265e+02 3.775102200000000039e+02
7.160034299999998666e+02 3.777105300000000057e+02
7.188632399999999052e+02 3.783730499999999779e+02
7.215445199999999204e+02 3.795090199999999641e+02
7.239635599999999158e+02 3.811352399999999534e+02
7.260384499999998980e+02 3.832627699999999322e+02
7.276854499999999462e+02 3.859045499999999151e+02
7.288225999999999658e+02 3.890734899999999357e+02
7.296721999999999753e+02 3.922115999999999190e+02
7.298517299999999750e+02 3.952248599999999215e+02
7.294312599999999520e+02 3.980751899999999068e+02
7.284746199999999590e+02 4.007303899999998862e+02
7.270516299999999319e+02 4.031561599999998862e+02
7.252301199999999426e+02 4.053182799999999020e+02
7.230740899999999556e+02 4.071846099999999069e+02
7.206533399999999574e+02 4.087188699999999244e+02
7.152812299999999368e+02 4.106585299999999279e+02
7.124637099999999919e+02 4.109956599999999298e+02
7.096509099999999535e+02 4.108675299999999311e+02
7.069068199999999251e+02 4.102364699999999402e+02
7.043012899999998808e+02 4.090720299999999270e+02
7.018982699999999113e+02 4.073381399999999530e+02
6.997675199999998767e+02 4.050024299999999471e+02
6.980894499999998288e+02 4.026326199999999744e+02
6.968451899999997750e+02 4.000121999999999503e+02
6.960612799999997833e+02 3.972188999999999623e+02
6.957702499999998054e+02 3.943303199999999720e+02
6.957703000000000202e+02 3.943301700000000096e+02
