7.549103099999999813e+02 4.558470100000000116e+02
7.550086099999999760e+02 4.524799800000000118e+02
7.557546899999999823e+02 4.494587400000000343e+02
7.570666800000000194e+02 4.467924400000000560e+02
7.588627500000000055e+02 4.444958400000000438e+02
7.610591100000000324e+02 4.425840100000000348e+02
7.635719700000000785e+02 4.410678900000000340e+02
7.663194600000000491e+02 4.399604500000000371e+02
7.692197100000000773e+02 4.392765000000000555e+02
7.721889900000001035e+02 4.390270600000000627e+02
7.751434800000000678e+02 4.392273700000000645e+02
7.780032600000000684e+02 4.398899200000000747e+02
7.806845300000001089e+02 4.410258600000000797e+02
7.831035800000000791e+02 4.426521100000001070e+02
7.851785000000000991e+02 4.447796500000001174e+02
7.868254700000001094e+02 4.474214200000001256e+02
7.879626600000001417e+02 4.505903700000001209e+02
7.888122200000001385e+02 4.537284400000001483e+02
7.889917500000001382e+02 4.567417000000001508e+02
7.885712700000001405e+02 4.595920700000001489e+02
7.876146700000001601e+02 4.622472300000001724e+02
7.861916800000001331e+02 4.646730000000001723e+02
7.843701400000001058e+02 4.668351600000002009e+02
7.822141100000001188e+02 4.687014500000001931e+02
7.797933600000001206e+02 4.702357500000001664e+02
7.744212900000001127e+02 4.721754000000001383e+02
7.716037300000001551e+02 4.725121600000001649e+02
7.687909600000001547e+02 4.723840300000001662e+02
7.660468800000001011e+02 4.717529600000001437e+02
7.634413500000000568e+02 4.705885700000001179e+02
7.610382800000000998e+02 4.688546300000000997e+02
7.589075400000001537e+02 4.665189200000000938e+02
7.572294600000001310e+02 4.641491600000001085e+02
7.559852100000001656e+02 4.615287400000000844e+02
7.552012900000001991e+02 4.587354000000000838e+02
7.549102700000001960e+02 4.558468200000000934e+02
7.549103099999999813e+02 4.558470100000000116e+02
