6.050351799999999685e+02 3.019674599999999600e+02
6.051334799999999632e+02 2.986004299999999603e+02
6.058795599999999695e+02 2.955791899999999259e+02
6.071915399999999181e+02 2.929128399999999601e+02
6.089876099999999042e+02 2.906162899999999354e+02
6.111839699999999311e+02 2.887044499999999516e+02
6.136968299999999772e+02 2.871883299999999508e+02
6.164442799999999352e+02 2.860808599999999160e+02
6.193445799999999508e+02 2.853969499999999471e+02
6.223138500000000022e+02 2.851474999999999227e+02
6.252683399999999665e+02 2.853478199999999561e+02
6.281281199999999671e+02 2.860103699999999662e+02
6.308093999999999824e+02 2.871462999999999965e+02
6.332284499999999525e+02 2.887725599999999986e+02
6.353033299999999599e+02 2.909000899999999774e+02
6.369503399999999829e+02 2.935418300000000045e+02
6.380875199999999268e+02 2.967108100000000377e+02
6.389370799999999235e+02 2.998488800000000083e+02
6.391166099999999233e+02 3.028621799999999666e+02
6.386961399999999003e+02 3.057125199999999268e+02
6.377394999999999072e+02 3.083676699999999755e+02
6.363165099999998802e+02 3.107934500000000071e+02
6.344949999999998909e+02 3.129556000000000040e+02
6.323389699999999038e+02 3.148219000000000278e+02
6.299182199999999057e+02 3.163561900000000833e+02
6.245461099999998851e+02 3.182958500000000868e+02
6.217285899999999401e+02 3.186326000000001386e+02
6.189157899999999017e+02 3.185044800000001715e+02
6.161716999999998734e+02 3.178734100000001490e+02
6.135661699999998291e+02 3.167089800000001105e+02
6.111631499999998596e+02 3.149750800000001618e+02
6.090323999999998250e+02 3.126393700000002127e+02
6.073543299999997771e+02 3.102695700000001580e+02
6.061100699999997232e+02 3.076491500000001906e+02
6.053261599999997316e+02 3.048558500000001459e+02
6.050351399999997284e+02 3.019672700000000987e+02
6.050351799999999685e+02 3.019674599999999600e+02
