3.412600600000000099e+02 4.034348200000000020e+02
3.413662600000000111e+02 4.000680199999999900e+02
3.421194500000000289e+02 3.970485199999999963e+02
3.434376700000000255e+02 3.943853100000000040e+02
3.452391500000000519e+02 3.920929500000000303e+02
3.474399700000000735e+02 3.901862900000000423e+02
3.499563700000000495e+02 3.886760700000000384e+02
3.527064300000000685e+02 3.875750500000000329e+02
3.556083200000000488e+02 3.868979100000000244e+02
3.585781600000000253e+02 3.866556500000000369e+02
3.615322000000000457e+02 3.868627600000000371e+02
3.643904300000000376e+02 3.875320400000000518e+02
3.670690200000000232e+02 3.886742500000000291e+02
3.694842500000000314e+02 3.903061800000000403e+02
3.715541100000000370e+02 3.924385900000000333e+02
3.731949100000000499e+02 3.950842200000000162e+02
3.743246500000000765e+02 3.982558099999999968e+02
3.751668400000000929e+02 4.013958799999999769e+02
3.753395700000000943e+02 4.044095999999999549e+02
3.749124100000000794e+02 4.072589099999999576e+02
3.739495700000000511e+02 4.099118399999999838e+02
3.725208700000000590e+02 4.123342900000000100e+02
3.706943000000000552e+02 4.144921300000000315e+02
3.685338900000000422e+02 4.163534000000000219e+02
3.661095500000000698e+02 4.178819900000000302e+02
3.607329000000000860e+02 4.198090200000000323e+02
3.579145900000000893e+02 4.201393500000000358e+02
3.551021300000001020e+02 4.200048000000000457e+02
3.523595100000001139e+02 4.193673100000000318e+02
3.497567400000000930e+02 4.181967900000000213e+02
3.473577600000000984e+02 4.164572200000000066e+02
3.452324900000000980e+02 4.141165199999999800e+02
3.435599800000001096e+02 4.117428299999999695e+02
3.423218800000001352e+02 4.091194599999999468e+02
3.415445400000001541e+02 4.063243099999999686e+02
3.412603200000001493e+02 4.034350899999999456e+02
3.412600600000000099e+02 4.034348200000000020e+02
