6.367027799999999615e+02 3.311385999999999967e+02
6.368010799999999563e+02 3.277715299999999843e+02
6.375471999999999753e+02 3.247503299999999626e+02
6.388591499999999996e+02 3.220839899999999716e+02
6.406552199999999857e+02 3.197874299999999721e+02
6.428515800000000127e+02 3.178755899999999883e+02
6.453644299999999703e+02 3.163594799999999623e+02
6.481118900000000167e+02 3.152519999999999527e+02
6.510121800000000576e+02 3.145680499999999711e+02
6.539814500000001090e+02 3.143186099999999215e+02
6.569359500000001617e+02 3.145185399999999163e+02
6.597957300000001624e+02 3.151810899999999265e+02
6.624770000000002028e+02 3.163170699999999442e+02
6.648960500000001730e+02 3.179432899999999336e+02
6.669709300000001804e+02 3.200708199999999124e+02
6.686179400000002033e+02 3.227125999999999522e+02
6.697551200000001472e+02 3.258815399999999727e+02
6.706046900000001187e+02 3.290196499999999560e+02
6.707842100000001437e+02 3.320329099999999016e+02
6.703637400000001207e+02 3.348832399999998870e+02
6.694071000000001277e+02 3.375384399999999232e+02
6.679841100000001006e+02 3.399642099999998663e+02
6.661626100000000861e+02 3.421263299999998253e+02
6.640065800000000991e+02 3.439926599999997734e+02
6.615858300000001009e+02 3.455269599999998036e+02
6.562137600000000930e+02 3.474665699999998196e+02
6.533961900000000469e+02 3.478037099999997963e+02
6.505834300000000212e+02 3.476755799999997407e+02
6.478393399999999929e+02 3.470445099999997183e+02
6.452338099999999486e+02 3.458800799999996798e+02
6.428307499999999663e+02 3.441461799999997311e+02
6.406999999999999318e+02 3.418104699999997820e+02
6.390219299999998839e+02 3.394406699999997272e+02
6.377776699999998300e+02 3.368202499999997599e+02
6.369937599999998383e+02 3.340269499999997151e+02
6.367027399999998352e+02 3.311383699999996679e+02
6.367027799999999615e+02 3.311385999999999967e+02
