7.464245499999999538e+02 6.765277399999999943e+02
7.463262499999999591e+02 6.798948100000000068e+02
7.455801699999999528e+02 6.829160500000000411e+02
7.442681900000000041e+02 6.855823500000000195e+02
7.424721200000000181e+02 6.878789100000000190e+02
7.402757599999999911e+02 6.897907500000000027e+02
7.377628999999999451e+02 6.913069000000000415e+02
7.350154499999999871e+02 6.924143400000000383e+02
7.321151499999999714e+02 6.930982900000000200e+02
7.291458799999999201e+02 6.933477300000000696e+02
7.261914199999998800e+02 6.931474200000000110e+02
7.233316099999998414e+02 6.924848700000000008e+02
7.206503299999998262e+02 6.913488899999999830e+02
7.182312799999998560e+02 6.897226800000000821e+02
7.161563999999998487e+02 6.875951400000000149e+02
7.145094299999998384e+02 6.849533700000000636e+02
7.133722499999998945e+02 6.817844200000000683e+02
7.125226499999998850e+02 6.786463200000000597e+02
7.123431199999998853e+02 6.756330500000000256e+02
7.127635899999999083e+02 6.727827200000000403e+02
7.137202299999999013e+02 6.701275299999999788e+02
7.151432199999999284e+02 6.677017900000000736e+02
7.169647299999999177e+02 6.655396299999999883e+02
7.191207599999999047e+02 6.636733000000000402e+02
7.215415099999999029e+02 6.621390000000000100e+02
7.269136199999999235e+02 6.601993899999999940e+02
7.297311399999998685e+02 6.598626300000000811e+02
7.325439399999999068e+02 6.599907600000000230e+02
7.352880299999999352e+02 6.606218300000000454e+02
7.378935599999999795e+02 6.617862600000000839e+02
7.402965799999999490e+02 6.635201600000000326e+02
7.424273299999999836e+02 6.658558299999999690e+02
7.441054000000000315e+02 6.682256300000000238e+02
7.453496600000000853e+02 6.708460499999999911e+02
7.461335700000000770e+02 6.736393900000000485e+02
7.464246000000000549e+02 6.765279299999999694e+02
7.464245499999999538e+02 6.765277399999999943e+02
