1.052946400000000040e+03 5.641580599999999777e+02
1.052840200000000095e+03 5.675249000000000024e+02
1.052086999999999989e+03 5.705443599999999833e+02
1.050768800000000056e+03 5.732075700000000325e+02
1.048967300000000023e+03 5.754999299999999494e+02
1.046766499999999951e+03 5.774065899999999374e+02
1.044250099999999975e+03 5.789168099999999413e+02
1.041500000000000000e+03 5.800178300000000036e+02
1.038598099999999931e+03 5.806949700000000121e+02
1.035628299999999854e+03 5.809372299999999996e+02
1.032674299999999903e+03 5.807301199999999426e+02
1.029815999999999804e+03 5.800608399999998710e+02
1.027137399999999843e+03 5.789185899999999947e+02
1.024722199999999930e+03 5.772866599999999835e+02
1.022652299999999968e+03 5.751542899999999463e+02
1.021011599999999930e+03 5.725086599999999635e+02
1.019881799999999885e+03 5.693370299999999133e+02
1.019039599999999837e+03 5.661969599999999900e+02
1.018866899999999873e+03 5.631832799999999679e+02
1.019293999999999869e+03 5.603339300000000094e+02
1.020256899999999860e+03 5.576810499999999138e+02
1.021685599999999909e+03 5.552585899999999128e+02
1.023512199999999893e+03 5.531007499999999482e+02
1.025672499999999900e+03 5.512394799999999577e+02
1.028096900000000005e+03 5.497108899999999494e+02
1.033473500000000058e+03 5.477838600000000042e+02
1.036291900000000169e+03 5.474535300000000007e+02
1.039104300000000194e+03 5.475880799999999908e+02
1.041847000000000207e+03 5.482255699999999479e+02
1.044449700000000121e+03 5.493961299999999710e+02
1.046848700000000008e+03 5.511357000000000426e+02
1.048973899999999958e+03 5.534763599999999997e+02
1.050646500000000060e+03 5.558500900000000229e+02
1.051884600000000091e+03 5.584734200000000328e+02
1.052661900000000060e+03 5.612685699999999542e+02
1.052946100000000115e+03 5.641578299999999899e+02
1.052946400000000040e+03 5.641580599999999777e+02
