8.218437800000000379e+02 8.126793340000000399e+02
8.217454800000000432e+02 8.160464039999999386e+02
8.209994000000000369e+02 8.190676039999999603e+02
8.196874099999999999e+02 8.217339540000000397e+02
8.178913400000000138e+02 8.240305039999999508e+02
8.156949799999999868e+02 8.259423440000000483e+02
8.131821300000000292e+02 8.274584640000000491e+02
8.104346699999999828e+02 8.285659339999999702e+02
8.075343799999999419e+02 8.292498439999999391e+02
8.045651099999998905e+02 8.294992939999999635e+02
8.016106099999998378e+02 8.292993539999999939e+02
7.987508299999998371e+02 8.286368039999999837e+02
7.960695599999997967e+02 8.275008639999999787e+02
7.936505099999998265e+02 8.258746139999999514e+02
7.915756299999998191e+02 8.237470739999999978e+02
7.899286199999997962e+02 8.211053339999999707e+02
7.887914699999997765e+02 8.179363539999999375e+02
7.879418699999997671e+02 8.147982939999999417e+02
7.877623499999997421e+02 8.117850240000000213e+02
7.881828199999997651e+02 8.089346950000000334e+02
7.891394599999997581e+02 8.062794949999999972e+02
7.905624499999997852e+02 8.038537249999999403e+02
7.923839499999997997e+02 8.016915639999999712e+02
7.945399799999997867e+02 7.998252750000000333e+02
7.969607299999997849e+02 7.982909750000000031e+02
8.023328399999998055e+02 7.963513249999999744e+02
8.051503699999998389e+02 7.960141849999999977e+02
8.079631699999998773e+02 7.961423149999999396e+02
8.107072499999999309e+02 7.967733849999999620e+02
8.133127799999999752e+02 7.979378150000000005e+02
8.157158099999999195e+02 7.996717149999999492e+02
8.178465499999998656e+02 8.020074240000000145e+02
8.195246299999998882e+02 8.043772249999999531e+02
8.207688899999999421e+02 8.069976450000000341e+02
8.215527999999999338e+02 8.097909449999999651e+02
8.218438199999999370e+02 8.126795240000000149e+02
8.218437800000000379e+02 8.126793340000000399e+02
