7.848398999999999432e+02 2.824615700000000516e+02
7.847336999999999989e+02 2.858284100000000763e+02
7.839805199999999559e+02 2.888478700000000572e+02
7.826622899999999845e+02 2.915111200000000053e+02
7.808608600000000024e+02 2.938034400000000232e+02
7.786599999999999682e+02 2.957101000000000113e+02
7.761435900000000174e+02 2.972203600000000279e+02
7.733935300000000552e+02 2.983213299999999890e+02
7.704916500000000497e+02 2.989984699999999975e+02
7.675218100000000732e+02 2.992407399999999598e+02
7.645678000000000338e+02 2.990336199999999280e+02
7.617095699999999852e+02 2.983643399999999701e+02
7.590309799999999996e+02 2.972221299999999928e+02
7.566157500000000482e+02 2.955901699999999437e+02
7.545458600000000615e+02 2.934577999999999065e+02
7.529050900000000865e+02 2.908121699999999237e+02
7.517753500000001168e+02 2.876405799999998862e+02
7.509331200000001445e+02 2.845005099999998492e+02
7.507604000000001179e+02 2.814867899999998144e+02
7.511875600000000759e+02 2.786374799999998686e+02
7.521504300000000285e+02 2.759845499999998992e+02
7.535791300000000774e+02 2.735620999999998730e+02
7.554056600000001254e+02 2.714042599999999084e+02
7.575660800000001700e+02 2.695429899999999179e+02
7.599904600000002119e+02 2.680143999999999096e+02
7.653670600000002651e+02 2.660873699999999644e+02
7.681854200000002493e+02 2.657570399999999609e+02
7.709978800000002366e+02 2.658915899999999510e+02
7.737404500000002372e+02 2.665291199999999208e+02
7.763432600000002139e+02 2.676996399999999312e+02
7.787422000000002527e+02 2.694392099999998891e+02
7.808674700000002531e+02 2.717798999999998841e+02
7.825399900000002162e+02 2.741535999999998694e+02
7.837780800000002728e+02 2.767769699999998920e+02
7.845554200000002538e+02 2.795721199999999271e+02
7.848396400000002586e+02 2.824613399999999501e+02
7.848398999999999432e+02 2.824615700000000516e+02
