9.812720100000000230e+02 5.443979299999999739e+02
9.811737100000000282e+02 5.477649599999999737e+02
9.804276300000000219e+02 5.507862000000000080e+02
9.791156899999999723e+02 5.534525099999999611e+02
9.773196199999999862e+02 5.557490999999999985e+02
9.751232599999999593e+02 5.576609300000000076e+02
9.726103999999999132e+02 5.591770500000000084e+02
9.698629099999999426e+02 5.602845299999999042e+02
9.669626499999999396e+02 5.609684399999999869e+02
9.639933799999998882e+02 5.612178900000000112e+02
9.610388799999998355e+02 5.610179499999999280e+02
9.581791099999998096e+02 5.603553999999999178e+02
9.554977999999997564e+02 5.592194600000000264e+02
9.530787499999997863e+02 5.575932099999999991e+02
9.510038599999998041e+02 5.554656699999999319e+02
9.493568899999997939e+02 5.528239299999999048e+02
9.482197099999998500e+02 5.496549499999998716e+02
9.473701099999998405e+02 5.465168799999999010e+02
9.471905799999998408e+02 5.435036199999999553e+02
9.476110499999998638e+02 5.406532499999998436e+02
9.485676899999998568e+02 5.379980899999998201e+02
9.499906799999998839e+02 5.355723199999998769e+02
9.518121899999998732e+02 5.334101599999999053e+02
9.539682199999998602e+02 5.315438299999998435e+02
9.563890099999998711e+02 5.300095699999999397e+02
9.617610799999998790e+02 5.280699199999999109e+02
9.645786399999998366e+02 5.277327799999999343e+02
9.673913999999998623e+02 5.278609099999998762e+02
9.701354899999998906e+02 5.284919800000000123e+02
9.727410199999999350e+02 5.296564099999999371e+02
9.751440799999999172e+02 5.313903399999999237e+02
9.772748299999999517e+02 5.337260199999999486e+02
9.789528999999999996e+02 5.360958200000000033e+02
9.801971600000000535e+02 5.387162399999999707e+02
9.809810300000000325e+02 5.415095799999999144e+02
9.812720600000000104e+02 5.443981599999999617e+02
9.812720100000000230e+02 5.443979299999999739e+02
