5.244655599999999822e+02 4.993911400000000071e+02
5.243672599999999875e+02 5.027582100000000196e+02
5.236211799999999812e+02 5.057794100000000412e+02
5.223091899999999441e+02 5.084457500000000323e+02
5.205131199999999581e+02 5.107423100000000318e+02
5.183167599999999311e+02 5.126541500000000724e+02
5.158039099999999735e+02 5.141702700000000732e+02
5.130564200000000028e+02 5.152777399999999943e+02
5.101561599999999999e+02 5.159616499999999633e+02
5.071868900000000053e+02 5.162110999999999876e+02
5.042323900000000094e+02 5.160107800000000680e+02
5.013726700000000278e+02 5.153482700000000705e+02
4.986913700000000063e+02 5.142122900000000527e+02
4.962723700000000235e+02 5.125860400000000254e+02
4.941973700000000349e+02 5.104585000000000150e+02
4.925504700000000184e+02 5.078167700000000195e+02
4.914132700000000114e+02 5.046478200000000243e+02
4.905636700000000019e+02 5.015097200000000157e+02
4.903841699999999832e+02 4.984964500000000385e+02
4.908046699999999873e+02 4.956461200000000531e+02
4.917612699999999677e+02 4.929909300000000485e+02
4.931841699999999946e+02 4.905651500000000738e+02
4.950057699999999841e+02 4.884030300000000580e+02
4.971617699999999900e+02 4.865367000000000530e+02
4.995825699999999756e+02 4.850024000000000797e+02
5.049545799999999645e+02 4.830627900000000636e+02
5.077721499999999537e+02 4.827260300000000370e+02
5.105849099999999794e+02 4.828541600000000358e+02
5.133289999999999509e+02 4.834852300000000582e+02
5.159345299999999952e+02 4.846496600000000399e+02
5.183375899999999774e+02 4.863835600000000454e+02
5.204683299999999235e+02 4.887192700000000514e+02
5.221464099999999462e+02 4.910890700000000493e+02
5.233906700000000001e+02 4.937094900000000735e+02
5.241745799999999917e+02 4.965027900000000614e+02
5.244655999999999949e+02 4.993913700000000517e+02
5.244655599999999822e+02 4.993911400000000071e+02
