7.173161199999999553e+02 6.455428299999999808e+02
7.172178199999999606e+02 6.489098900000000185e+02
7.164717399999999543e+02 6.519311000000000149e+02
7.151597600000000057e+02 6.545974400000000060e+02
7.133637300000000323e+02 6.568939900000000307e+02
7.111673299999999927e+02 6.588058300000000145e+02
7.086545099999999593e+02 6.603219500000000153e+02
7.059070199999999886e+02 6.614294300000000248e+02
7.030067199999999730e+02 6.621133300000000190e+02
7.000374499999999216e+02 6.623627800000000434e+02
6.970829899999998815e+02 6.621628399999999601e+02
6.942231799999998429e+02 6.615002899999999499e+02
6.915418999999998277e+02 6.603643600000000333e+02
6.891228599999998323e+02 6.587381000000000313e+02
6.870479699999998502e+02 6.566105700000000525e+02
6.854009999999998399e+02 6.539688300000000254e+02
6.842638199999998960e+02 6.507998499999999922e+02
6.834142199999998866e+02 6.476617800000000216e+02
6.832346899999998868e+02 6.446485099999999875e+02
6.836551599999999098e+02 6.417981800000000021e+02
6.846117999999999029e+02 6.391429899999999407e+02
6.860347899999999299e+02 6.367172100000000228e+02
6.878562999999999192e+02 6.345550599999999122e+02
6.900123299999999062e+02 6.326887699999999768e+02
6.924331199999999171e+02 6.311544699999999466e+02
6.978051899999999250e+02 6.292148499999999558e+02
7.006227099999998700e+02 6.288777199999999539e+02
7.034355099999999084e+02 6.290058400000000347e+02
7.061795999999999367e+02 6.296368700000000445e+02
7.087851299999999810e+02 6.308013100000000577e+02
7.111881499999999505e+02 6.325352399999999307e+02
7.133188999999999851e+02 6.348709499999999935e+02
7.149969700000000330e+02 6.372407100000000355e+02
7.162412300000000869e+02 6.398611399999999776e+02
7.170251400000000785e+02 6.426544699999999466e+02
7.173161700000000565e+02 6.455430099999999811e+02
7.173161199999999553e+02 6.455428299999999808e+02
