6.810171100000000024e+02 2.303907600000000002e+02
6.809188100000000077e+02 2.337578600000000506e+02
6.801727300000000014e+02 2.367790700000000470e+02
6.788607399999999643e+02 2.394453700000000254e+02
6.770646699999999782e+02 2.417419700000000375e+02
6.748683099999999513e+02 2.436538000000000466e+02
6.723554499999999052e+02 2.451699200000000474e+02
6.696079999999999472e+02 2.462773600000000442e+02
6.667077099999999064e+02 2.469613000000000511e+02
6.637384299999998802e+02 2.472107500000000755e+02
6.607839399999999159e+02 2.470108200000000807e+02
6.579241599999999153e+02 2.463482600000000957e+02
6.552428899999998748e+02 2.452123300000000654e+02
6.528238399999999046e+02 2.435860700000000634e+02
6.507489099999999098e+02 2.414585400000000845e+02
6.491019499999998743e+02 2.388167600000000448e+02
6.479647599999998420e+02 2.356478200000000243e+02
6.471151999999998452e+02 2.325097500000000537e+02
6.469356699999998455e+02 2.294964800000000196e+02
6.473561499999998432e+02 2.266461199999999963e+02
6.483127399999998488e+02 2.239909300000000485e+02
6.497357699999998886e+02 2.215652300000000423e+02
6.515572799999998779e+02 2.194030300000000580e+02
6.537133099999998649e+02 2.175367300000000341e+02
6.561340599999998631e+02 2.160024300000000039e+02
6.615061699999998837e+02 2.140628299999999626e+02
6.643236899999998286e+02 2.137260299999999233e+02
6.671364599999998291e+02 2.138541299999999410e+02
6.698805399999998826e+02 2.144852299999998877e+02
6.724860699999999269e+02 2.156496299999998882e+02
6.748891399999998839e+02 2.173835299999998369e+02
6.770198799999998300e+02 2.197192299999998113e+02
6.786979499999998779e+02 2.220890299999998660e+02
6.799422099999999318e+02 2.247094299999998839e+02
6.807261199999999235e+02 2.275027799999999161e+02
6.810171499999999014e+02 2.303913299999999253e+02
6.810171100000000024e+02 2.303907600000000002e+02
