9.927025999999999613e+02 5.023868200000000002e+02
9.925963899999999285e+02 5.057536600000000249e+02
9.918432099999998854e+02 5.087730800000000499e+02
9.905249399999999014e+02 5.114363700000000676e+02
9.887235099999999193e+02 5.137286900000001424e+02
9.865226499999998850e+02 5.156353500000000167e+02
9.840062799999998333e+02 5.171455700000001343e+02
9.812562199999998711e+02 5.182465799999999945e+02
9.783543399999998655e+02 5.189237200000000030e+02
9.753844599999998763e+02 5.191659900000000789e+02
9.724304599999999255e+02 5.189588700000001609e+02
9.695722299999998768e+02 5.182896000000000640e+02
9.668936399999998912e+02 5.171473500000001877e+02
9.644784099999999398e+02 5.155154600000000755e+02
9.624085099999999784e+02 5.133830500000001393e+02
9.607677400000000034e+02 5.107374200000001565e+02
9.596380000000000337e+02 5.075657900000001632e+02
9.587957700000000614e+02 5.044257200000001831e+02
9.586230500000000347e+02 5.014120800000001736e+02
9.590502099999999928e+02 4.985627300000001583e+02
9.600130799999999454e+02 4.959098000000001321e+02
9.614417799999999943e+02 4.934873500000001059e+02
9.632683499999999412e+02 4.913295100000000843e+02
9.654287299999999732e+02 4.894682400000000939e+02
9.678531100000000151e+02 4.879396500000000856e+02
9.732297100000000682e+02 4.860126200000000836e+02
9.760480700000000525e+02 4.856822900000000800e+02
9.788605300000000398e+02 4.858168400000000702e+02
9.816031100000000151e+02 4.864543700000000968e+02
9.842059100000000171e+02 4.876248900000001072e+02
9.866048900000000685e+02 4.893644500000000903e+02
9.887301200000000563e+02 4.917051500000001170e+02
9.904026400000000194e+02 4.940788500000001022e+02
9.916407699999999750e+02 4.967022200000001249e+02
9.924181099999999560e+02 4.994973700000001031e+02
9.927023299999999608e+02 5.023865900000001261e+02
9.927025999999999613e+02 5.023868200000000002e+02
