7.428364599999999882e+02 2.943160800000000563e+02
7.427381599999999935e+02 2.976831500000000688e+02
7.419920799999999872e+02 3.007043900000001031e+02
7.406800899999999501e+02 3.033707000000000562e+02
7.388840199999999641e+02 3.056672500000000809e+02
7.366876599999999371e+02 3.075790900000000647e+02
7.341748099999999795e+02 3.090952500000000782e+02
7.314273200000000088e+02 3.102026900000000751e+02
7.285270600000000059e+02 3.108866300000000820e+02
7.255577899999999545e+02 3.111360800000001063e+02
7.226032899999999017e+02 3.109361400000001368e+02
7.197435099999999011e+02 3.102735900000001266e+02
7.170622399999998606e+02 3.091376200000000836e+02
7.146431899999998905e+02 3.075114000000000942e+02
7.125682699999998704e+02 3.053838600000001406e+02
7.109212999999998601e+02 3.027420900000001893e+02
7.097841199999999162e+02 2.995731400000001940e+02
7.089345499999999447e+02 2.964350800000001982e+02
7.087550299999999197e+02 2.934217700000001514e+02
7.091754999999999427e+02 2.905714400000001660e+02
7.101321299999999610e+02 2.879162900000001173e+02
7.115550899999999501e+02 2.854905100000000857e+02
7.133766299999999774e+02 2.833283600000000888e+02
7.155326599999999644e+02 2.814620300000001407e+02
7.179534099999999626e+02 2.799277600000001485e+02
7.233254799999999705e+02 2.779881100000001197e+02
7.261430399999999281e+02 2.776509800000001178e+02
7.289558099999999286e+02 2.777791000000000849e+02
7.316998999999999569e+02 2.784102100000001201e+02
7.343054300000000012e+02 2.795746100000001206e+02
7.367084899999999834e+02 2.813085400000001073e+02
7.388392299999999295e+02 2.836442100000001574e+02
7.405173099999999522e+02 2.860140100000002121e+02
7.417615599999999176e+02 2.886344300000001795e+02
7.425454799999998841e+02 2.914277700000001232e+02
7.428364999999998872e+02 2.943163100000001577e+02
7.428364599999999882e+02 2.943160800000000563e+02
