8.023797100000000455e+02 3.572110700000000065e+02
8.022814100000000508e+02 3.605781400000000190e+02
8.015353300000000445e+02 3.635993799999999965e+02
8.002233500000000959e+02 3.662657199999999875e+02
7.984272800000001098e+02 3.685622399999999743e+02
7.962309200000000828e+02 3.704741199999999708e+02
7.937180600000000368e+02 3.719902299999999968e+02
7.909705700000000661e+02 3.730977100000000064e+02
7.880703100000000632e+02 3.737816200000000322e+02
7.851010400000000118e+02 3.740310700000000566e+02
7.821465500000000475e+02 3.738311300000000301e+02
7.792867700000000468e+02 3.731685800000000199e+02
7.766054599999999937e+02 3.720326400000000149e+02
7.741864399999999478e+02 3.704063899999999876e+02
7.721115199999999277e+02 3.682788499999999772e+02
7.704645499999999174e+02 3.656371099999999501e+02
7.693273699999999735e+02 3.624681299999999737e+02
7.684778099999999768e+02 3.593300599999999463e+02
7.682982799999999770e+02 3.563167899999999690e+02
7.687187199999999621e+02 3.534664999999999964e+02
7.696753899999999931e+02 3.508113100000000486e+02
7.710983800000000201e+02 3.483855300000000170e+02
7.729198900000000094e+02 3.462233800000000201e+02
7.750759199999999964e+02 3.443570500000000720e+02
7.774966699999999946e+02 3.428227900000000545e+02
7.828687400000000025e+02 3.408831300000000510e+02
7.856862999999999602e+02 3.405460000000000491e+02
7.884990599999999858e+02 3.406741200000000163e+02
7.912431500000000142e+02 3.413051900000000387e+02
7.938486800000000585e+02 3.424695900000000393e+02
7.962517400000000407e+02 3.442035200000000259e+02
7.983824900000000753e+02 3.465392299999999750e+02
8.000605600000001232e+02 3.489089999999999918e+02
8.013048200000001771e+02 3.515294199999999591e+02
8.020887300000001687e+02 3.543227199999999470e+02
8.023797500000001719e+02 3.572112599999999247e+02
8.023797100000000455e+02 3.572110700000000065e+02
