9.040483699999999772e+02 4.101443100000000186e+02
9.039421599999999444e+02 4.135111200000000053e+02
9.031889799999999013e+02 4.165305799999999863e+02
9.018707499999999300e+02 4.191938199999999597e+02
9.000693199999999479e+02 4.214861799999999334e+02
8.978684599999999136e+02 4.233928399999999215e+02
8.953520499999999629e+02 4.249030699999999001e+02
8.926019900000000007e+02 4.260040799999998740e+02
8.897001099999999951e+02 4.266811799999998698e+02
8.867302700000000186e+02 4.269234499999998889e+02
8.837762700000000677e+02 4.267163299999999140e+02
8.809180000000001201e+02 4.260470899999999119e+02
8.782394100000001345e+02 4.249048399999999219e+02
8.758242200000000821e+02 4.232729199999999423e+02
8.737542800000001080e+02 4.211405499999999620e+02
8.721135100000001330e+02 4.184949099999999476e+02
8.709838100000001759e+02 4.153232899999999290e+02
8.701415800000002037e+02 4.121832499999999300e+02
8.699688600000001770e+02 4.091695299999999520e+02
8.703959800000001223e+02 4.063201899999999682e+02
8.713588500000000749e+02 4.036672599999999420e+02
8.727875500000001239e+02 4.012448499999999285e+02
8.746141200000000708e+02 3.990869999999999322e+02
8.767745000000001028e+02 3.972257399999999166e+02
8.791988800000001447e+02 3.956971399999999335e+02
8.845755200000000968e+02 3.937701099999999315e+02
8.873938400000000684e+02 3.934397799999999279e+02
8.902063000000000557e+02 3.935743299999999181e+02
8.929489100000000690e+02 3.942118299999999067e+02
8.955516900000001215e+02 3.953823899999999298e+02
8.979506700000001729e+02 3.971219099999999571e+02
9.000759300000001986e+02 3.994626099999999838e+02
9.017484100000001490e+02 4.018363400000000070e+02
9.029865500000001930e+02 4.044596799999999917e+02
9.037638800000001993e+02 4.072548299999999699e+02
9.040481000000002041e+02 4.101440899999999488e+02
9.040483699999999772e+02 4.101443100000000186e+02
