1.042486599999999953e+03 6.086583299999999781e+02
1.042388599999999997e+03 6.120253900000000158e+02
1.041642499999999927e+03 6.150466400000000249e+02
1.040330500000000029e+03 6.177129400000000032e+02
1.038534499999999980e+03 6.200095000000000027e+02
1.036338099999999940e+03 6.219213300000000118e+02
1.033825199999999995e+03 6.234374900000000252e+02
1.031077800000000025e+03 6.245449300000000221e+02
1.028177500000000009e+03 6.252288300000000163e+02
1.025208200000000033e+03 6.254782800000000407e+02
1.022253800000000069e+03 6.252783500000000458e+02
1.019393900000000031e+03 6.246158300000000736e+02
1.016712700000000041e+03 6.234798600000000306e+02
1.014293600000000083e+03 6.218536000000000286e+02
1.012218700000000126e+03 6.197261100000000624e+02
1.010571800000000167e+03 6.170843300000000227e+02
1.009434600000000160e+03 6.139153900000001158e+02
1.008585000000000150e+03 6.107772800000000188e+02
1.008405400000000100e+03 6.077640200000000732e+02
1.008825900000000047e+03 6.049136800000001131e+02
1.009782600000000002e+03 6.022585300000000643e+02
1.011205500000000029e+03 5.998327100000001337e+02
1.013027100000000019e+03 5.976706000000001495e+02
1.015183099999999968e+03 5.958042700000000877e+02
1.017603799999999978e+03 5.942700100000000702e+02
1.022975900000000024e+03 5.923303500000000668e+02
1.025793499999999995e+03 5.919932200000000648e+02
1.028606299999999919e+03 5.921213400000001457e+02
1.031350399999999809e+03 5.927524100000000544e+02
1.033955899999999701e+03 5.939168500000000677e+02
1.036358899999999721e+03 5.956507400000000416e+02
1.038489699999999630e+03 5.979864500000001044e+02
1.040167699999999741e+03 6.003562200000001212e+02
1.041411999999999807e+03 6.029766800000001012e+02
1.042195899999999710e+03 6.057699700000000576e+02
1.042486899999999650e+03 6.086585500000001048e+02
1.042486599999999953e+03 6.086583299999999781e+02
