5.544734200000000328e+02 5.290915299999999206e+02
5.543751200000000381e+02 5.324585999999999331e+02
5.536290400000000318e+02 5.354798399999999674e+02
5.523170200000000705e+02 5.381461799999999585e+02
5.505209500000000844e+02 5.404427399999999579e+02
5.483245900000000574e+02 5.423545699999999670e+02
5.458117300000000114e+02 5.438706899999999678e+02
5.430642800000000534e+02 5.449781699999999773e+02
5.401639800000000378e+02 5.456620800000000600e+02
5.371947099999999864e+02 5.459115300000000843e+02
5.342402200000000221e+02 5.457115900000000011e+02
5.313804400000000214e+02 5.450490399999999909e+02
5.286991600000000062e+02 5.439130999999999858e+02
5.262801100000000361e+02 5.422868499999999585e+02
5.242052300000000287e+02 5.401593100000000049e+02
5.225582200000000057e+02 5.375175699999999779e+02
5.214210799999999608e+02 5.343485899999999447e+02
5.205714799999999514e+02 5.312105199999998604e+02
5.203919499999999516e+02 5.281972199999999020e+02
5.208124199999999746e+02 5.253468899999999167e+02
5.217690599999999677e+02 5.226917299999998932e+02
5.231920499999999947e+02 5.202659599999999500e+02
5.250135199999999713e+02 5.181037999999998647e+02
5.271695499999999583e+02 5.162374699999998029e+02
5.295903399999999692e+02 5.147032099999998991e+02
5.349624099999999771e+02 5.127635599999998703e+02
5.377799699999999348e+02 5.124267999999998437e+02
5.405927299999999605e+02 5.125549299999997857e+02
5.433368199999999888e+02 5.131859599999997954e+02
5.459423500000000331e+02 5.143503899999998339e+02
5.483454100000000153e+02 5.160843299999999090e+02
5.504761600000000499e+02 5.184199999999998454e+02
5.521542300000000978e+02 5.207897999999997865e+02
5.533985300000000507e+02 5.234102199999998675e+02
5.541824400000000423e+02 5.262035599999999249e+02
5.544734600000000455e+02 5.290920999999998457e+02
5.544734200000000328e+02 5.290915299999999206e+02
