1.011172900000000027e+03 5.769201299999999719e+02
1.011074900000000071e+03 5.802871999999999844e+02
1.010328800000000115e+03 5.833084000000000060e+02
1.009016800000000103e+03 5.859747500000000855e+02
1.007220700000000079e+03 5.882713000000001102e+02
1.005024400000000128e+03 5.901831400000000940e+02
1.002511500000000183e+03 5.916992600000000948e+02
9.997640300000001616e+02 5.928067300000000159e+02
9.968637700000001587e+02 5.934906399999999849e+02
9.938944900000001326e+02 5.937400900000000092e+02
9.909400000000001683e+02 5.935401500000000397e+02
9.880802200000001676e+02 5.928776000000000295e+02
9.853989500000001271e+02 5.917416600000000244e+02
9.829799000000001570e+02 5.901154099999999971e+02
9.809049800000001369e+02 5.879878699999999299e+02
9.792580100000001266e+02 5.853461399999999912e+02
9.781208300000001827e+02 5.821771499999999833e+02
9.772712600000002112e+02 5.790390899999999874e+02
9.770917400000001862e+02 5.760258200000000670e+02
9.775122100000002092e+02 5.731754900000000816e+02
9.784688100000001896e+02 5.705203000000000202e+02
9.798918400000002293e+02 5.680945200000001023e+02
9.817133400000002439e+02 5.659324000000000296e+02
9.838693400000001930e+02 5.640660700000000816e+02
9.862901200000002291e+02 5.625317700000000514e+02
9.916621900000002370e+02 5.605921200000000226e+02
9.944797500000001946e+02 5.602549900000001344e+02
9.972925200000001951e+02 5.603831100000001015e+02
1.000036600000000249e+03 5.610141800000001240e+02
1.002642100000000255e+03 5.621786100000001625e+02
1.005045200000000250e+03 5.639125500000001239e+02
1.007175900000000297e+03 5.662482200000001740e+02
1.008854000000000269e+03 5.686180200000001150e+02
1.010098300000000222e+03 5.712384400000000824e+02
1.010882200000000239e+03 5.740317400000001271e+02
1.011173200000000293e+03 5.769203200000001743e+02
1.011172900000000027e+03 5.769201299999999719e+02
