8.654688499999999749e+02 8.029054650000000493e+02
8.653705499999999802e+02 8.062725749999999607e+02
8.646244399999999359e+02 8.092937749999999824e+02
8.633124899999999116e+02 8.119600840000000517e+02
8.615164199999999255e+02 8.142566739999999754e+02
8.593200599999998985e+02 8.161685139999999592e+02
8.568071999999998525e+02 8.176846339999999600e+02
8.540597099999998818e+02 8.187920739999999569e+02
8.511594499999998789e+02 8.194760139999999637e+02
8.481901799999998275e+02 8.197254639999999881e+02
8.452356899999998632e+02 8.195251439999999548e+02
8.423758699999998498e+02 8.188625939999999446e+02
8.396945999999998094e+02 8.177266540000000532e+02
8.372755699999997887e+02 8.161004040000000259e+02
8.352006799999998066e+02 8.139728740000000471e+02
8.335537099999997963e+02 8.113310940000000073e+02
8.324165299999998524e+02 8.081621450000000095e+02
8.315669699999998556e+02 8.050240850000000137e+02
8.313874399999998559e+02 8.020108139999999821e+02
8.318078699999998662e+02 7.991604849999999942e+02
8.327645099999998592e+02 7.965052949999999328e+02
8.341875399999998990e+02 7.940795150000000149e+02
8.360090099999998756e+02 7.919173650000000180e+02
8.381650399999998626e+02 7.900510639999999967e+02
8.405858099999998103e+02 7.885167639999999665e+02
8.459578799999998182e+02 7.865771139999999377e+02
8.487754399999997759e+02 7.862403540000000248e+02
8.515881999999998015e+02 7.863684839999999667e+02
8.543322899999998299e+02 7.869995539999999892e+02
8.569378199999998742e+02 7.881639840000000277e+02
8.593408799999998564e+02 7.898978839999999764e+02
8.614716299999998910e+02 7.922335950000000366e+02
8.631496999999999389e+02 7.946033949999999777e+02
8.643939599999999928e+02 7.972238149999999450e+02
8.651778699999999844e+02 8.000171149999999898e+02
8.654688999999999623e+02 8.029056950000000370e+02
8.654688499999999749e+02 8.029054650000000493e+02
