7.281410899999999629e+02 3.323790000000000191e+02
7.280427899999999681e+02 3.357461000000000695e+02
7.272967099999999618e+02 3.387673000000000911e+02
7.259847199999999248e+02 3.414336500000000569e+02
7.241886499999999387e+02 3.437302000000000817e+02
7.219922899999999117e+02 3.456420400000000654e+02
7.194794399999999541e+02 3.471581600000000662e+02
7.167319499999999834e+02 3.482656000000000631e+02
7.138316899999999805e+02 3.489495400000000700e+02
7.108624199999999291e+02 3.491989900000000944e+02
7.079079599999998891e+02 3.489986800000001494e+02
7.050481399999998757e+02 3.483361200000001645e+02
7.023668699999998353e+02 3.472001900000001342e+02
6.999478199999998651e+02 3.455739300000001322e+02
6.978729399999998577e+02 3.434464000000001533e+02
6.962259299999998348e+02 3.408046200000001136e+02
6.950887499999998909e+02 3.376356800000000931e+02
6.942391799999999193e+02 3.344976100000001225e+02
6.940596599999998944e+02 3.314843400000000884e+02
6.944801299999999173e+02 3.286340100000001030e+02
6.954367599999999356e+02 3.259788200000001552e+02
6.968597599999999375e+02 3.235530400000001237e+02
6.986812599999999520e+02 3.213909300000001394e+02
7.008372899999999390e+02 3.195246000000001914e+02
7.032580399999999372e+02 3.179903000000001612e+02
7.086301499999999578e+02 3.160506400000001577e+02
7.114476799999999912e+02 3.157138900000001058e+02
7.142604400000000169e+02 3.158420100000000730e+02
7.170045300000000452e+02 3.164730800000000954e+02
7.196100600000000895e+02 3.176374800000000960e+02
7.220131200000000717e+02 3.193714100000000826e+02
7.241438600000000179e+02 3.217071200000000317e+02
7.258219400000000405e+02 3.240768900000000485e+02
7.270662000000000944e+02 3.266973100000000159e+02
7.278501100000000861e+02 3.294906399999999849e+02
7.281411300000000892e+02 3.323791899999999941e+02
7.281410899999999629e+02 3.323790000000000191e+02
