8.165524599999999964e+02 6.992073299999999563e+02
8.164541600000000017e+02 7.025743899999999940e+02
8.157080399999999827e+02 7.055955900000000156e+02
8.143960899999999583e+02 7.082619300000000067e+02
8.126000199999999722e+02 7.105584900000000061e+02
8.104036599999999453e+02 7.124703299999999899e+02
8.078908099999999877e+02 7.139864499999999907e+02
8.051433200000000170e+02 7.150939200000000255e+02
8.022430600000000140e+02 7.157778299999999945e+02
7.992737899999999627e+02 7.160272800000000188e+02
7.963192899999999099e+02 7.158273400000000493e+02
7.934595099999999093e+02 7.151647900000000391e+02
7.907781999999998561e+02 7.140288500000000340e+02
7.883591499999998859e+02 7.124026000000000067e+02
7.862842699999998786e+02 7.102750599999999395e+02
7.846372999999998683e+02 7.076333200000000261e+02
7.835001199999999244e+02 7.044643399999999929e+02
7.826505599999999276e+02 7.013262799999999970e+02
7.824710299999999279e+02 6.983130200000000514e+02
7.828914999999999509e+02 6.954626600000000280e+02
7.838480999999999312e+02 6.928074699999999666e+02
7.852711299999999710e+02 6.903816899999999350e+02
7.870925999999999476e+02 6.882195699999999761e+02
7.892486299999999346e+02 6.863532400000000280e+02
7.916694099999999708e+02 6.848189499999999725e+02
7.970414799999999786e+02 6.828793299999999817e+02
7.998590500000000247e+02 6.825421999999999798e+02
8.026718100000000504e+02 6.826703199999999470e+02
8.054159000000000788e+02 6.833013499999999567e+02
8.080214300000001231e+02 6.844657899999999700e+02
8.104244900000001053e+02 6.861997200000000703e+02
8.125552400000001398e+02 6.885353900000000067e+02
8.142333100000001878e+02 6.909051899999999478e+02
8.154775700000002416e+02 6.935256200000000035e+02
8.162614800000002333e+02 6.963189399999999978e+02
8.165525000000002365e+02 6.992075199999999313e+02
8.165524599999999964e+02 6.992073299999999563e+02
