5.097936500000000137e+02 4.264514699999999721e+02
5.096953500000000190e+02 4.298185399999999845e+02
5.089492700000000127e+02 4.328397400000000061e+02
5.076372800000000325e+02 4.355060799999999972e+02
5.058412100000000464e+02 4.378026399999999967e+02
5.036448800000000574e+02 4.397144700000000057e+02
5.011320800000000304e+02 4.412305900000000065e+02
4.983845800000000281e+02 4.423380700000000161e+02
4.954842800000000125e+02 4.430219800000000419e+02
4.925149800000000369e+02 4.432714200000000346e+02
4.895605800000000158e+02 4.430711100000000329e+02
4.867007800000000088e+02 4.424085600000000227e+02
4.840194799999999873e+02 4.412726200000000176e+02
4.816003799999999728e+02 4.396463699999999903e+02
4.795254799999999591e+02 4.375188299999999799e+02
4.778785799999999426e+02 4.348770899999999529e+02
4.767413799999999355e+02 4.317081099999999765e+02
4.758917799999999261e+02 4.285700399999999490e+02
4.757122799999999074e+02 4.255567799999999465e+02
4.761326799999998798e+02 4.227064499999999612e+02
4.770893799999998919e+02 4.200512499999999818e+02
4.785123799999998937e+02 4.176254799999999818e+02
4.803338799999999083e+02 4.154633599999999660e+02
4.824898799999999142e+02 4.135970299999999611e+02
4.849106799999998998e+02 4.120627299999999877e+02
4.902827799999998888e+02 4.101231199999999717e+02
4.931002799999998842e+02 4.097859799999999950e+02
4.959130799999998658e+02 4.099141099999999938e+02
4.986571799999998689e+02 4.105451800000000162e+02
5.012626799999998752e+02 4.117096099999999979e+02
5.036657799999998701e+02 4.134435100000000034e+02
5.057964299999998730e+02 4.157792200000000093e+02
5.074745399999998767e+02 4.181490200000000073e+02
5.087187899999998990e+02 4.207694000000000187e+02
5.095026699999999096e+02 4.235627400000000193e+02
5.097936899999999127e+02 4.264513200000000097e+02
5.097936500000000137e+02 4.264514699999999721e+02
