8.455425199999999677e+02 7.295743600000000697e+02
8.454442199999999730e+02 7.329414300000000821e+02
8.446981399999999667e+02 7.359626299999999901e+02
8.433861499999999296e+02 7.386289699999999812e+02
8.415900799999999435e+02 7.409255299999999806e+02
8.393937299999998913e+02 7.428373699999999644e+02
8.368808999999998832e+02 7.443534799999999905e+02
8.341334499999999252e+02 7.454609600000000000e+02
8.312331499999999096e+02 7.461448699999999690e+02
8.282638799999998582e+02 7.463943199999999933e+02
8.253093799999998055e+02 7.461939999999999600e+02
8.224495999999998048e+02 7.455314899999999625e+02
8.197683299999997644e+02 7.443955100000000584e+02
8.173492799999997942e+02 7.427692600000000311e+02
8.152743999999997868e+02 7.406417599999999766e+02
8.136273899999997639e+02 7.379999900000000252e+02
8.124902099999998200e+02 7.348310400000000300e+02
8.116406499999998232e+02 7.316929400000000214e+02
8.114611199999998234e+02 7.286796699999999873e+02
8.118815899999998464e+02 7.258293400000000020e+02
8.128382299999998395e+02 7.231741499999999405e+02
8.142612199999998666e+02 7.207483700000000226e+02
8.160827299999998559e+02 7.185862499999999500e+02
8.182387599999998429e+02 7.167199200000000019e+02
8.206595099999998411e+02 7.151856199999999717e+02
8.260315799999998490e+02 7.132460099999999557e+02
8.288491399999998066e+02 7.129092499999999291e+02
8.316618999999998323e+02 7.130373799999999846e+02
8.344059899999998606e+02 7.136684099999999944e+02
8.370115099999998165e+02 7.148328400000000329e+02
8.394145499999998492e+02 7.165667799999999943e+02
8.415452999999998838e+02 7.189024500000000444e+02
8.432233699999999317e+02 7.212722499999999854e+02
8.444676299999999856e+02 7.238926699999999528e+02
8.452515399999999772e+02 7.266860100000000102e+02
8.455425599999999804e+02 7.295745500000000447e+02
8.455425199999999677e+02 7.295743600000000697e+02
