6.691104900000000271e+02 5.423971699999999601e+02
6.690121900000000323e+02 5.457642399999999725e+02
6.682660700000000134e+02 5.487854400000001078e+02
6.669541199999999890e+02 5.514517800000000989e+02
6.651580500000000029e+02 5.537483400000000984e+02
6.629616899999999760e+02 5.556601800000000821e+02
6.604488400000000183e+02 5.571762900000001082e+02
6.577013799999999719e+02 5.582837700000000041e+02
6.548010899999999310e+02 5.589677200000000994e+02
6.518318199999998797e+02 5.592171600000000353e+02
6.488773199999998269e+02 5.590172300000000405e+02
6.460175399999998263e+02 5.583546800000000303e+02
6.433362699999997858e+02 5.572187000000000126e+02
6.409172199999998156e+02 5.555924800000000232e+02
6.388423399999998082e+02 5.534649500000000444e+02
6.371953299999997853e+02 5.508231700000001183e+02
6.360581499999998414e+02 5.476542300000000978e+02
6.352085799999998699e+02 5.445161200000000008e+02
6.350290599999998449e+02 5.415028600000000552e+02
6.354495299999998679e+02 5.386525300000000698e+02
6.364061699999998609e+02 5.359973300000001473e+02
6.378291599999998880e+02 5.335715600000000904e+02
6.396506599999999025e+02 5.314094400000001315e+02
6.418066899999998896e+02 5.295431100000000697e+02
6.442274399999998877e+02 5.280088100000000395e+02
6.495995099999998956e+02 5.260692000000001372e+02
6.524170799999999417e+02 5.257320600000000468e+02
6.552298399999999674e+02 5.258601900000001024e+02
6.579739299999999957e+02 5.264912600000001248e+02
6.605794600000000401e+02 5.276556900000000496e+02
6.629825200000000223e+02 5.293895900000001120e+02
6.651132700000000568e+02 5.317253000000000611e+02
6.667913400000001047e+02 5.340951000000001159e+02
6.680356000000001586e+02 5.367155200000001969e+02
6.688195100000001503e+02 5.395088200000001279e+02
6.691105300000001534e+02 5.423974000000000615e+02
6.691104900000000271e+02 5.423971699999999601e+02
