5.212602100000000291e+02 3.855668200000000070e+02
5.211619100000000344e+02 3.889338900000000194e+02
5.204158300000000281e+02 3.919550900000000411e+02
5.191038399999999911e+02 3.946214300000000321e+02
5.173077700000000050e+02 3.969179900000000316e+02
5.151114099999999780e+02 3.988298200000000406e+02
5.125985899999999447e+02 4.003459400000000414e+02
5.098510999999999171e+02 4.014534200000000510e+02
5.069508099999999331e+02 4.021373300000000768e+02
5.039815699999999197e+02 4.023867700000000696e+02
5.010270699999999238e+02 4.021868400000000747e+02
4.981672699999999168e+02 4.015242900000000645e+02
4.954860699999999269e+02 4.003883500000000595e+02
4.930669699999999125e+02 3.987620900000000574e+02
4.909920699999998988e+02 3.966345600000000786e+02
4.893451699999998823e+02 3.939928200000000516e+02
4.882079699999998752e+02 3.908238400000000752e+02
4.873583699999998657e+02 3.876857700000000477e+02
4.871787699999998722e+02 3.846725100000000452e+02
4.875992699999998763e+02 3.818221800000000599e+02
4.885559699999998884e+02 3.791669800000000805e+02
4.899788699999999153e+02 3.767412100000000805e+02
4.918004699999999048e+02 3.745790500000000520e+02
4.939564699999999107e+02 3.727127600000000598e+02
4.963772699999998963e+02 3.711784600000000864e+02
5.017492699999999104e+02 3.692388400000000956e+02
5.045668699999999376e+02 3.689020900000001006e+02
5.073795899999999506e+02 3.690302100000001246e+02
5.101236799999999221e+02 3.696612800000001471e+02
5.127292099999999664e+02 3.708257200000001603e+02
5.151322699999999486e+02 3.725596100000001343e+02
5.172629799999999705e+02 3.748953200000001402e+02
5.189410899999999174e+02 3.772650900000001570e+02
5.201853499999999713e+02 3.798855100000001812e+02
5.209692299999999250e+02 3.826788400000002071e+02
5.212602499999999281e+02 3.855674200000001974e+02
5.212602100000000291e+02 3.855668200000000070e+02
