6.095650299999999788e+02 4.801614799999999832e+02
6.094667299999999841e+02 4.835285399999999640e+02
6.087206499999999778e+02 4.865497899999999731e+02
6.074086700000000292e+02 4.892160899999999515e+02
6.056126300000000811e+02 4.915126499999999510e+02
6.034162400000001298e+02 4.934244799999999600e+02
6.009034200000000965e+02 4.949405999999999608e+02
5.981559300000001258e+02 4.960480799999999704e+02
5.952556700000001229e+02 4.967319799999999645e+02
5.922863600000001725e+02 4.969814299999999889e+02
5.893319000000001324e+02 4.967811199999999872e+02
5.864720900000000938e+02 4.961186000000000149e+02
5.837908100000000786e+02 4.949826300000000288e+02
5.813717700000000832e+02 4.933564100000000394e+02
5.792968800000001011e+02 4.912288800000000606e+02
5.776498800000000529e+02 4.885871000000000777e+02
5.765127300000000332e+02 4.854181600000000572e+02
5.756631300000000238e+02 4.822800500000000739e+02
5.754836000000000240e+02 4.792667900000000714e+02
5.759040700000000470e+02 4.764164600000000860e+02
5.768607100000000401e+02 4.737612600000001066e+02
5.782837000000000671e+02 4.713354900000001066e+02
5.801052100000000564e+02 4.691733700000000908e+02
5.822612400000000434e+02 4.673070400000000859e+02
5.846819900000000416e+02 4.657727800000000684e+02
5.900541000000000622e+02 4.638331200000000649e+02
5.928716200000000072e+02 4.634959900000000630e+02
5.956844200000000455e+02 4.636241200000000617e+02
5.984285100000000739e+02 4.642551800000000526e+02
6.010340400000001182e+02 4.654196200000000658e+02
6.034370600000000877e+02 4.671535100000000398e+02
6.055678100000001223e+02 4.694892200000000457e+02
6.072458800000001702e+02 4.718590300000000184e+02
6.084901400000002241e+02 4.744794500000000426e+02
6.092740500000002157e+02 4.772727500000000305e+02
6.095650800000001936e+02 4.801613300000000208e+02
6.095650299999999788e+02 4.801614799999999832e+02
