7.621481800000000248e+02 7.517645099999999729e+02
7.620498800000000301e+02 7.551315700000000106e+02
7.613038000000000238e+02 7.581528100000000450e+02
7.599918099999999868e+02 7.608191199999999981e+02
7.581957800000000134e+02 7.631156700000000228e+02
7.559994199999999864e+02 7.650275139999999965e+02
7.534865700000000288e+02 7.665436339999999973e+02
7.507390800000000581e+02 7.676511140000000069e+02
7.478387800000000425e+02 7.683350140000000010e+02
7.448695500000000038e+02 7.685844640000000254e+02
7.419150499999999511e+02 7.683845239999999421e+02
7.390552299999999377e+02 7.677220139999999446e+02
7.363739599999998973e+02 7.665860440000000153e+02
7.339549099999999271e+02 7.649597840000000133e+02
7.318800299999999197e+02 7.628322899999999436e+02
7.302330599999999095e+02 7.601905100000000175e+02
7.290958799999999655e+02 7.570215600000000222e+02
7.282462799999999561e+02 7.538834600000000137e+02
7.280667499999999563e+02 7.508701899999999796e+02
7.284872199999999793e+02 7.480198599999999942e+02
7.294438599999999724e+02 7.453646699999999328e+02
7.308668499999999995e+02 7.429388900000000149e+02
7.326883599999999888e+02 7.407767800000000307e+02
7.348443899999999758e+02 7.389104499999999689e+02
7.372651700000000119e+02 7.373761799999999766e+02
7.426372400000000198e+02 7.354365299999999479e+02
7.454548100000000659e+02 7.350993999999999460e+02
7.482675700000000916e+02 7.352275199999999131e+02
7.510116600000001199e+02 7.358585499999999229e+02
7.536171900000001642e+02 7.370229899999999361e+02
7.560202100000001337e+02 7.387568800000000238e+02
7.581509600000001683e+02 7.410925899999999729e+02
7.598290300000002162e+02 7.434624000000000024e+02
7.610732900000002701e+02 7.460828199999999697e+02
7.618572000000002618e+02 7.488761200000000144e+02
7.621482200000002649e+02 7.517646899999999732e+02
7.621481800000000248e+02 7.517645099999999729e+02
