6.404295600000000377e+02 5.108682000000000016e+02
6.403312600000000430e+02 5.142352700000000141e+02
6.395851800000000367e+02 5.172564700000000357e+02
6.382732000000000880e+02 5.199228100000000268e+02
6.364771300000001020e+02 5.222193700000000263e+02
6.342807700000000750e+02 5.241312000000000353e+02
6.317679100000000290e+02 5.256473200000000361e+02
6.290204600000000710e+02 5.267548000000000457e+02
6.261201600000000553e+02 5.274387100000001283e+02
6.231508900000000040e+02 5.276881600000001526e+02
6.201964299999999639e+02 5.274878400000001193e+02
6.173366199999999253e+02 5.268253300000001218e+02
6.146553399999999101e+02 5.256893500000001040e+02
6.122362899999999399e+02 5.240631000000000768e+02
6.101614099999999326e+02 5.219355600000001232e+02
6.085144399999999223e+02 5.192938300000000709e+02
6.073772199999999657e+02 5.161248400000000629e+02
6.065276599999999689e+02 5.129867800000000670e+02
6.063481299999999692e+02 5.099735100000000898e+02
6.067685999999999922e+02 5.071231800000001044e+02
6.077252399999999852e+02 5.044679900000000998e+02
6.091482300000000123e+02 5.020422100000001251e+02
6.109697400000000016e+02 4.998800900000001093e+02
6.131257699999999886e+02 4.980137600000001044e+02
6.155465199999999868e+02 4.964794600000001310e+02
6.209186300000000074e+02 4.945398500000001150e+02
6.237361499999999523e+02 4.942027100000001383e+02
6.265489099999999780e+02 4.943308400000001370e+02
6.292930000000000064e+02 4.949619100000001595e+02
6.318985300000000507e+02 4.961263400000001411e+02
6.343015900000000329e+02 4.978602400000001467e+02
6.364323400000000674e+02 5.001959500000001526e+02
6.381104100000001154e+02 5.025657500000001505e+02
6.393546700000001692e+02 5.051861700000001747e+02
6.401385800000001609e+02 5.079794700000001626e+02
6.404296100000001388e+02 5.108680500000001530e+02
6.404295600000000377e+02 5.108682000000000016e+02
