7.893305599999999913e+02 6.681866499999999860e+02
7.892322599999999966e+02 6.715537199999999984e+02
7.884861799999999903e+02 6.745749200000000201e+02
7.871742000000000417e+02 6.772412699999999859e+02
7.853781300000000556e+02 6.795378200000000106e+02
7.831817700000000286e+02 6.814496599999999944e+02
7.806689099999999826e+02 6.829657799999999952e+02
7.779214600000000246e+02 6.840732600000000048e+02
7.750211600000000089e+02 6.847571599999999989e+02
7.720518899999999576e+02 6.850066100000000233e+02
7.690974299999999175e+02 6.848062899999999900e+02
7.662376199999998789e+02 6.841437799999999925e+02
7.635563399999998637e+02 6.830078100000000632e+02
7.611372899999998936e+02 6.813815500000000611e+02
7.590624099999998862e+02 6.792540199999999686e+02
7.574154099999998380e+02 6.766122800000000552e+02
7.562782599999998183e+02 6.734433000000000220e+02
7.554286599999998089e+02 6.703052299999999377e+02
7.552491299999998091e+02 6.672919600000000173e+02
7.556695999999998321e+02 6.644416300000000319e+02
7.566262399999998252e+02 6.617864399999999705e+02
7.580492299999998522e+02 6.593606599999999389e+02
7.598706999999998288e+02 6.571985499999999547e+02
7.620267299999998158e+02 6.553322200000000066e+02
7.644475199999998267e+02 6.537979199999999764e+02
7.698195899999998346e+02 6.518582999999999856e+02
7.726371499999997923e+02 6.515215399999999590e+02
7.754499099999998180e+02 6.516496700000000146e+02
7.781939999999998463e+02 6.522807000000000244e+02
7.807995299999998906e+02 6.534451400000000376e+02
7.832025899999998728e+02 6.551790699999999106e+02
7.853333399999999074e+02 6.575147399999999607e+02
7.870114099999999553e+02 6.598845400000000154e+02
7.882556700000000092e+02 6.625049699999999575e+02
7.890395800000000008e+02 6.652982999999999265e+02
7.893306099999999788e+02 6.681868399999999610e+02
7.893305599999999913e+02 6.681866499999999860e+02
