9.176808999999999514e+02 7.506488100000000259e+02
9.175825999999999567e+02 7.540158800000000383e+02
9.168365199999999504e+02 7.570370799999999463e+02
9.155245299999999133e+02 7.597034200000000510e+02
9.137284999999999400e+02 7.619999800000000505e+02
9.115320999999999003e+02 7.639118099999999458e+02
9.090192799999998670e+02 7.654279340000000502e+02
9.062717999999998710e+02 7.665354139999999461e+02
9.033715099999998301e+02 7.672193240000000287e+02
9.004022399999997788e+02 7.674687639999999647e+02
8.974477799999997387e+02 7.672688339999999698e+02
8.945879599999997254e+02 7.666063139999999976e+02
8.919066899999996849e+02 7.654703439999999546e+02
8.894876399999997147e+02 7.638440799999999626e+02
8.874127599999997074e+02 7.617165499999999838e+02
8.857657899999996971e+02 7.590748099999999567e+02
8.846286099999997532e+02 7.559058299999999235e+02
8.837790099999997437e+02 7.527677599999999529e+02
8.835994799999997440e+02 7.497545000000000073e+02
8.840199499999997670e+02 7.469041700000000219e+02
8.849765899999997600e+02 7.442489699999999857e+02
8.863995799999997871e+02 7.418232000000000426e+02
8.882210899999997764e+02 7.396610799999999699e+02
8.903771199999997634e+02 7.377947500000000218e+02
8.927978699999997616e+02 7.362604499999999916e+02
8.981699699999998074e+02 7.343208300000000008e+02
9.009875399999998535e+02 7.339836999999999989e+02
9.038002999999998792e+02 7.341118199999999661e+02
9.065443699999998444e+02 7.347428899999999885e+02
9.091499099999998634e+02 7.359073300000000017e+02
9.115529699999998456e+02 7.376412199999999757e+02
9.136836799999998675e+02 7.399769300000000385e+02
9.153617899999998144e+02 7.423466999999999416e+02
9.166060399999997799e+02 7.449671599999999216e+02
9.173899199999997336e+02 7.477604599999999664e+02
9.176809399999997368e+02 7.506490300000000389e+02
9.176808999999999514e+02 7.506488100000000259e+02
