7.985384199999999737e+02 6.260715900000000147e+02
7.984401199999999790e+02 6.294386600000000271e+02
7.976940399999999727e+02 6.324598599999999351e+02
7.963820499999999356e+02 6.351262100000000146e+02
7.945859799999999495e+02 6.374227599999999256e+02
7.923896199999999226e+02 6.393346000000000231e+02
7.898767699999999650e+02 6.408507200000000239e+02
7.871293099999999185e+02 6.419581900000000587e+02
7.842290199999998777e+02 6.426421000000000276e+02
7.812597399999998515e+02 6.428915500000000520e+02
7.783052899999998999e+02 6.426916099999999687e+02
7.754454699999998866e+02 6.420290599999999586e+02
7.727641999999998461e+02 6.408931199999999535e+02
7.703451499999998759e+02 6.392668699999999262e+02
7.682702599999998938e+02 6.371393299999999726e+02
7.666232599999998456e+02 6.344975600000000213e+02
7.654860699999998133e+02 6.313286100000000260e+02
7.646365099999998165e+02 6.281905500000000302e+02
7.644569899999997915e+02 6.251772399999999834e+02
7.648774199999998018e+02 6.223269099999999980e+02
7.658340599999997949e+02 6.196717599999999493e+02
7.672570499999998219e+02 6.172459799999999177e+02
7.690785499999998365e+02 6.150838300000000345e+02
7.712345899999997982e+02 6.132174899999999980e+02
7.736553699999998344e+02 6.116832299999999805e+02
7.790274399999998423e+02 6.097435799999999517e+02
7.818449999999997999e+02 6.094064499999999498e+02
7.846577699999998003e+02 6.095345700000000306e+02
7.874018499999998539e+02 6.101656399999999394e+02
7.900073899999998730e+02 6.113300699999999779e+02
7.924104499999998552e+02 6.130640099999999393e+02
7.945411899999998013e+02 6.153996799999999894e+02
7.962192699999998240e+02 6.177694799999999304e+02
7.974635199999997894e+02 6.203898999999998978e+02
7.982473999999997432e+02 6.231832399999999552e+02
7.985384199999997463e+02 6.260717799999999897e+02
7.985384199999999737e+02 6.260715900000000147e+02
