7.342389399999999569e+02 7.195915599999999586e+02
7.341406399999999621e+02 7.229586299999999710e+02
7.333945199999999431e+02 7.259798299999999927e+02
7.320825699999999188e+02 7.286461699999999837e+02
7.302864999999999327e+02 7.309427299999999832e+02
7.280901399999999057e+02 7.328545599999999922e+02
7.255772899999999481e+02 7.343706799999999930e+02
7.228297999999999774e+02 7.354781600000000026e+02
7.199295399999999745e+02 7.361621099999999842e+02
7.169602699999999231e+02 7.364115500000000338e+02
7.140057699999998704e+02 7.362112399999999752e+02
7.111459899999998697e+02 7.355486899999999650e+02
7.084646799999998166e+02 7.344127100000000610e+02
7.060456699999998591e+02 7.327865000000000464e+02
7.039707499999998390e+02 7.306589599999999791e+02
7.023237799999998288e+02 7.280171900000000278e+02
7.011865999999998849e+02 7.248482400000000325e+02
7.003370399999998881e+02 7.217101400000000240e+02
7.001575099999998884e+02 7.186968699999999899e+02
7.005779399999998986e+02 7.158465400000000045e+02
7.015345799999998917e+02 7.131913499999999431e+02
7.029576099999999315e+02 7.107656099999999242e+02
7.047790799999999081e+02 7.086034499999999525e+02
7.069351099999998951e+02 7.067371200000000044e+02
7.093558999999999060e+02 7.052028599999999869e+02
7.147279599999999391e+02 7.032632099999999582e+02
7.175455299999999852e+02 7.029264499999999316e+02
7.203582900000000109e+02 7.030545799999999872e+02
7.231023800000000392e+02 7.036856399999999212e+02
7.257079100000000835e+02 7.048500400000000354e+02
7.281109700000000657e+02 7.065839799999999968e+02
7.302417200000001003e+02 7.089196899999999459e+02
7.319197900000001482e+02 7.112894499999999880e+02
7.331640500000002021e+02 7.139098699999999553e+02
7.339479600000001938e+02 7.167032100000000128e+02
7.342389800000001969e+02 7.195917500000000473e+02
7.342389399999999569e+02 7.195915599999999586e+02
