7.119510900000000220e+02 5.322364400000000160e+02
7.118527900000000272e+02 5.356035100000000284e+02
7.111067100000000210e+02 5.386247499999999491e+02
7.097947599999999966e+02 5.412910899999999401e+02
7.079986999999999853e+02 5.435876499999999396e+02
7.058023399999999583e+02 5.454994799999999486e+02
7.032894799999999123e+02 5.470155999999999494e+02
7.005419899999999416e+02 5.481230800000000727e+02
6.976417299999999386e+02 5.488069800000000669e+02
6.946724599999998873e+02 5.490564300000000912e+02
6.917179599999998345e+02 5.488565000000000964e+02
6.888581899999998086e+02 5.481939500000000862e+02
6.861769099999997934e+02 5.470580099999999675e+02
6.837578599999998232e+02 5.454317499999999654e+02
6.816829399999998031e+02 5.433042199999999866e+02
6.800359699999997929e+02 5.406624400000000605e+02
6.788987899999998490e+02 5.374935000000000400e+02
6.780492299999998522e+02 5.343554300000000694e+02
6.778696999999998525e+02 5.313421299999999974e+02
6.782901699999998755e+02 5.284918000000000120e+02
6.792468099999998685e+02 5.258366399999999885e+02
6.806697999999998956e+02 5.234108599999999569e+02
6.824913099999998849e+02 5.212487100000000737e+02
6.846473399999998719e+02 5.193823800000000119e+02
6.870680899999998701e+02 5.178481199999999944e+02
6.924401599999998780e+02 5.159084599999999909e+02
6.952577199999998356e+02 5.155713299999999890e+02
6.980704799999998613e+02 5.156994600000000446e+02
7.008145699999998897e+02 5.163304900000000544e+02
7.034200999999999340e+02 5.174949199999999792e+02
7.058231599999999162e+02 5.192288599999999406e+02
7.079539099999999507e+02 5.215645299999999907e+02
7.096319799999999987e+02 5.239343300000000454e+02
7.108762400000000525e+02 5.265547500000000127e+02
7.116601100000000315e+02 5.293480899999999565e+02
7.119511400000000094e+02 5.322366299999999910e+02
7.119510900000000220e+02 5.322364400000000160e+02
