8.115371499999999969e+02 5.827936399999999821e+02
8.114388500000000022e+02 5.861606999999999061e+02
8.106927699999999959e+02 5.891819100000000162e+02
8.093807799999999588e+02 5.918482500000000073e+02
8.075847499999999854e+02 5.941448000000000320e+02
8.053883499999999458e+02 5.960566400000000158e+02
8.028755299999999124e+02 5.975727600000000166e+02
8.001280399999999418e+02 5.986802399999999125e+02
7.972277899999999136e+02 5.993641399999999066e+02
7.942585099999998874e+02 5.996135899999999310e+02
7.913040199999999231e+02 5.994132799999999861e+02
7.884441999999999098e+02 5.987507299999999759e+02
7.857629299999998693e+02 5.976147899999999709e+02
7.833438799999998992e+02 5.959885299999999688e+02
7.812689999999998918e+02 5.938609999999999900e+02
7.796220299999998815e+02 5.912192199999999502e+02
7.784848399999998492e+02 5.880502799999999297e+02
7.776352399999998397e+02 5.849122099999999591e+02
7.774557199999998147e+02 5.818989500000000135e+02
7.778761899999998377e+02 5.790486200000000281e+02
7.788328299999998308e+02 5.763934199999999919e+02
7.802558199999998578e+02 5.739676500000000487e+02
7.820773199999998724e+02 5.718055299999999761e+02
7.842333499999998594e+02 5.699392000000000280e+02
7.866540999999998576e+02 5.684048999999999978e+02
7.920262099999998782e+02 5.664652499999999691e+02
7.948437699999998358e+02 5.661284900000000562e+02
7.976565399999998363e+02 5.662566199999999981e+02
8.004006199999998898e+02 5.668877199999999448e+02
8.030061499999999342e+02 5.680521200000000590e+02
8.054092199999998911e+02 5.697860499999999320e+02
8.075399199999999382e+02 5.721217599999999948e+02
8.092180399999999736e+02 5.744915300000000116e+02
8.104622899999999390e+02 5.771119499999999789e+02
8.112461699999998928e+02 5.799052800000000616e+02
8.115371899999998959e+02 5.827938300000000709e+02
8.115371499999999969e+02 5.827936399999999821e+02
