6.928381500000000415e+02 4.571349000000000160e+02
6.927398500000000467e+02 4.605019700000000284e+02
6.919937800000000152e+02 4.635232100000000059e+02
6.906817899999999781e+02 4.661895499999999970e+02
6.888857600000000048e+02 4.684860699999999838e+02
6.866893599999999651e+02 4.703979099999999676e+02
6.841765399999999318e+02 4.719140599999999495e+02
6.814290499999999611e+02 4.730215399999999590e+02
6.785287899999999581e+02 4.737054499999999848e+02
6.755595199999999068e+02 4.739549000000000092e+02
6.726050299999999424e+02 4.737545800000000327e+02
6.697452099999999291e+02 4.730920300000000225e+02
6.670639399999998886e+02 4.719560900000000174e+02
6.646448899999999185e+02 4.703298399999999901e+02
6.625699999999999363e+02 4.682022999999999797e+02
6.609230399999999008e+02 4.655605599999999527e+02
6.597858499999998685e+02 4.623915799999999763e+02
6.589362499999998590e+02 4.592535199999999804e+02
6.587567199999998593e+02 4.562402099999999905e+02
6.591771999999998570e+02 4.533898800000000051e+02
6.601338299999998753e+02 4.507347199999999816e+02
6.615568199999999024e+02 4.483089499999999816e+02
6.633783299999998917e+02 4.461467900000000100e+02
6.655343599999998787e+02 4.442804600000000050e+02
6.679551099999998769e+02 4.427461999999999875e+02
6.733272199999998975e+02 4.408065500000000156e+02
6.761447799999998551e+02 4.404697899999999890e+02
6.789575399999998808e+02 4.405979199999999878e+02
6.817016299999999092e+02 4.412289900000000102e+02
6.843071599999999535e+02 4.423933800000000360e+02
6.867102199999999357e+02 4.441273200000000543e+02
6.888409299999999575e+02 4.464630300000000602e+02
6.905190399999999045e+02 4.488327900000000454e+02
6.917632999999999583e+02 4.514532100000000696e+02
6.925471699999999373e+02 4.542465500000000702e+02
6.928381999999999152e+02 4.571350900000000479e+02
6.928381500000000415e+02 4.571349000000000160e+02
