7.946222599999999829e+02 5.159428299999999581e+02
7.945239599999999882e+02 5.193098999999999705e+02
7.937778399999999692e+02 5.223311400000000049e+02
7.924658899999999448e+02 5.249974399999999832e+02
7.906698199999999588e+02 5.272939999999999827e+02
7.884734699999999066e+02 5.292058299999999917e+02
7.859606099999998605e+02 5.307219499999999925e+02
7.832131199999998898e+02 5.318294300000000021e+02
7.803128599999998869e+02 5.325133399999999710e+02
7.773435899999998355e+02 5.327627899999999954e+02
7.743890899999997828e+02 5.325624700000000757e+02
7.715292799999997442e+02 5.318999600000000783e+02
7.688479999999997290e+02 5.307639800000000605e+02
7.664289499999997588e+02 5.291377700000000459e+02
7.643540699999997514e+02 5.270102300000000923e+02
7.627070999999997412e+02 5.243684600000000273e+02
7.615699199999997973e+02 5.211995100000000321e+02
7.607203599999998005e+02 5.180614100000000235e+02
7.605404499999998507e+02 5.150481400000001031e+02
7.609609199999998737e+02 5.121978100000001177e+02
7.619175599999998667e+02 5.095426200000000563e+02
7.633405499999998938e+02 5.071168400000000815e+02
7.651620599999998831e+02 5.049547200000000657e+02
7.673180899999998701e+02 5.030883900000000608e+02
7.697388399999998683e+02 5.015541300000000433e+02
7.751109499999998889e+02 4.996144800000000714e+02
7.779285099999998465e+02 4.992773400000000947e+02
7.807412699999998722e+02 4.994054700000000935e+02
7.834853599999999005e+02 5.000365400000001159e+02
7.860908899999999448e+02 5.012009700000000976e+02
7.884939499999999271e+02 5.029348700000001031e+02
7.906246599999999489e+02 5.052705800000001091e+02
7.923027299999999968e+02 5.076403800000001070e+02
7.935470299999999497e+02 5.102608000000001311e+02
7.943308999999999287e+02 5.130541000000000622e+02
7.946219299999999066e+02 5.159426800000001094e+02
7.946222599999999829e+02 5.159428299999999581e+02
