6.438133299999999508e+02 3.538530900000000088e+02
6.437150299999999561e+02 3.572201600000000212e+02
6.429689499999999498e+02 3.602413999999999987e+02
6.416569599999999127e+02 3.629077100000000087e+02
6.398608899999999267e+02 3.652042600000000334e+02
6.376645299999998997e+02 3.671161000000000172e+02
6.351516699999998536e+02 3.686322499999999991e+02
6.324042199999998957e+02 3.697396899999999960e+02
6.295039299999998548e+02 3.704236399999999776e+02
6.265346499999998287e+02 3.706730900000000020e+02
6.235801999999998770e+02 3.704731499999999755e+02
6.207203799999998637e+02 3.698105999999999653e+02
6.180391099999998232e+02 3.686746599999999603e+02
6.156200599999998531e+02 3.670484099999999330e+02
6.135451699999998709e+02 3.649208699999999226e+02
6.118981699999998227e+02 3.622790999999999144e+02
6.107610199999998031e+02 3.591101499999999191e+02
6.099114199999997936e+02 3.559720799999998917e+02
6.097318899999997939e+02 3.529587799999998765e+02
6.101523699999997916e+02 3.501084899999998470e+02
6.111089999999998099e+02 3.474533299999998235e+02
6.125319899999998370e+02 3.450275499999997919e+02
6.143534999999998263e+02 3.428653999999997950e+02
6.165095299999998133e+02 3.409990699999998469e+02
6.189302799999998115e+02 3.394648099999998294e+02
6.243023899999998321e+02 3.375251499999998259e+02
6.271199099999997770e+02 3.371880199999998240e+02
6.299326799999997775e+02 3.373161499999998796e+02
6.326767599999998311e+02 3.379471799999998893e+02
6.352822899999998754e+02 3.391116099999999278e+02
6.376853599999998323e+02 3.408455499999998892e+02
6.398160999999997784e+02 3.431812199999999393e+02
6.414941699999998264e+02 3.455510199999999941e+02
6.427384299999998802e+02 3.481714399999999614e+02
6.435223399999998719e+02 3.509647799999999052e+02
6.438133699999998498e+02 3.538532799999999270e+02
6.438133299999999508e+02 3.538530900000000088e+02
