8.244182899999999563e+02 5.463114800000000741e+02
8.243199899999999616e+02 5.496785500000000866e+02
8.235739099999999553e+02 5.526997900000000072e+02
8.222619199999999182e+02 5.553660999999999603e+02
8.204658499999999322e+02 5.576626499999999851e+02
8.182694899999999052e+02 5.595744899999999689e+02
8.157566399999999476e+02 5.610906500000000960e+02
8.130091499999999769e+02 5.621980900000000929e+02
8.101088899999999740e+02 5.628820299999999861e+02
8.071396199999999226e+02 5.631314800000000105e+02
8.041851199999998698e+02 5.629311600000000908e+02
8.013253399999998692e+02 5.622686100000000806e+02
7.986440699999998287e+02 5.611326700000000756e+02
7.962250199999998586e+02 5.595064200000000483e+02
7.941500999999998385e+02 5.573788900000000694e+02
7.925031299999998282e+02 5.547371100000000297e+02
7.913659499999998843e+02 5.515681600000000344e+02
7.905163899999998876e+02 5.484301000000000386e+02
7.903368599999998878e+02 5.454167900000001055e+02
7.907573299999999108e+02 5.425664600000001201e+02
7.917139299999998912e+02 5.399112700000000586e+02
7.931369599999999309e+02 5.374854900000001408e+02
7.949584599999999455e+02 5.353233800000001565e+02
7.971144599999998945e+02 5.334570500000002085e+02
7.995352499999999054e+02 5.319227800000001025e+02
8.049073099999999386e+02 5.299831300000001875e+02
8.077248799999999846e+02 5.296460000000001855e+02
8.105376400000000103e+02 5.297741200000002664e+02
8.132817300000000387e+02 5.304051900000001751e+02
8.158872600000000830e+02 5.315696200000002136e+02
8.182903200000000652e+02 5.333035600000002887e+02
8.204210700000000998e+02 5.356392300000002251e+02
8.220991400000001477e+02 5.380090300000001662e+02
8.233434000000002015e+02 5.406294500000002472e+02
8.241273100000001932e+02 5.434227900000003046e+02
8.244183300000001964e+02 5.463113300000002255e+02
8.244182899999999563e+02 5.463114800000000741e+02
