6.764997799999999870e+02 3.853749500000000126e+02
6.764014799999999923e+02 3.887420200000000250e+02
6.756553999999999860e+02 3.917632600000000025e+02
6.743434099999999489e+02 3.944295599999999808e+02
6.725473399999999629e+02 3.967261199999999803e+02
6.703510199999999486e+02 3.986379499999999894e+02
6.678381599999999025e+02 4.001541100000000029e+02
6.650906699999999319e+02 4.012615499999999997e+02
6.621903799999998910e+02 4.019454900000000066e+02
6.592210999999998648e+02 4.021949400000000310e+02
6.562666499999999132e+02 4.019946300000000292e+02
6.534068299999998999e+02 4.013320800000000190e+02
6.507255599999998594e+02 4.001961000000000013e+02
6.483065099999998893e+02 3.985698800000000119e+02
6.462316199999999071e+02 3.964423500000000331e+02
6.445846599999998716e+02 3.938005700000000502e+02
6.434474699999998393e+02 3.906316300000000297e+02
6.425978699999998298e+02 3.874935600000000022e+02
6.424183399999998301e+02 3.844802599999999870e+02
6.428388199999998278e+02 3.816299300000000017e+02
6.437954499999998461e+02 3.789747699999999782e+02
6.452184499999998479e+02 3.765489999999999782e+02
6.470399499999998625e+02 3.743868400000000065e+02
6.491959799999998495e+02 3.725205100000000016e+02
6.516167699999998604e+02 3.709862499999999841e+02
6.569888399999998683e+02 3.690466000000000122e+02
6.598063599999998132e+02 3.687098399999999856e+02
6.626191599999998516e+02 3.688379699999999843e+02
6.653632499999998799e+02 3.694690299999999752e+02
6.679687799999999243e+02 3.706334699999999884e+02
6.703718099999998685e+02 3.723673999999999751e+02
6.725025499999998146e+02 3.747030699999999683e+02
6.741806599999997616e+02 3.770728799999999410e+02
6.754249199999998154e+02 3.796932999999999652e+02
6.762087999999997692e+02 3.824866299999999910e+02
6.764998199999997723e+02 3.853751699999999687e+02
6.764997799999999870e+02 3.853749500000000126e+02
