8.545308499999999867e+02 5.777408000000000357e+02
8.544325499999999920e+02 5.811078700000000481e+02
8.536864699999999857e+02 5.841290699999999561e+02
8.523744900000000371e+02 5.867954200000000355e+02
8.505784200000000510e+02 5.890919700000000603e+02
8.483820600000000240e+02 5.910038100000000441e+02
8.458691999999999780e+02 5.925199300000000449e+02
8.431217500000000200e+02 5.936274000000000797e+02
8.402214500000000044e+02 5.943113100000000486e+02
8.372522000000000162e+02 5.945607600000000730e+02
8.342977399999999761e+02 5.943604400000001533e+02
8.314379299999999375e+02 5.936978900000001431e+02
8.287566499999999223e+02 5.925619600000001128e+02
8.263375999999999522e+02 5.909357000000001108e+02
8.242627199999999448e+02 5.888081700000001319e+02
8.226157099999999218e+02 5.861664300000001049e+02
8.214785299999999779e+02 5.829974500000000717e+02
8.206289699999999812e+02 5.798593800000001011e+02
8.204494399999999814e+02 5.768461100000001807e+02
8.208699100000000044e+02 5.739957800000001953e+02
8.218265499999999975e+02 5.713405900000001338e+02
8.232495400000000245e+02 5.689148100000002160e+02
8.250710500000000138e+02 5.667527000000002317e+02
8.272270800000000008e+02 5.648863600000001952e+02
8.296478299999999990e+02 5.633520700000001398e+02
8.350199300000000449e+02 5.614124500000002627e+02
8.378374600000000783e+02 5.610756900000001224e+02
8.406502400000000534e+02 5.612038200000001780e+02
8.433943300000000818e+02 5.618348900000002004e+02
8.459998600000001261e+02 5.629992800000002262e+02
8.484028800000000956e+02 5.647332200000003013e+02
8.505336300000001302e+02 5.670689300000002504e+02
8.522117000000001781e+02 5.694386900000001788e+02
8.534559600000002320e+02 5.720591100000002598e+02
8.542398700000002236e+02 5.748524500000003172e+02
8.545309000000002015e+02 5.777409900000002381e+02
8.545308499999999867e+02 5.777408000000000357e+02
