9.537377699999999550e+02 6.266605799999999817e+02
9.536394699999999602e+02 6.300276499999999942e+02
9.528933899999999539e+02 6.330488900000000285e+02
9.515813999999999169e+02 6.357152300000000196e+02
9.497853699999999435e+02 6.380117500000000064e+02
9.475890099999999165e+02 6.399235899999999901e+02
9.450761599999999589e+02 6.414397400000000289e+02
9.423286699999999882e+02 6.425472200000000385e+02
9.394284099999999853e+02 6.432311300000000074e+02
9.364591399999999339e+02 6.434805800000000318e+02
9.335046399999998812e+02 6.432802599999999984e+02
9.306448199999998678e+02 6.426177099999999882e+02
9.279635499999998274e+02 6.414817699999999832e+02
9.255444999999998572e+02 6.398555200000000696e+02
9.234696199999998498e+02 6.377279800000000023e+02
9.218226499999998396e+02 6.350862399999999752e+02
9.206854699999998957e+02 6.319172599999999420e+02
9.198358699999998862e+02 6.287791999999999462e+02
9.196563399999998865e+02 6.257658900000000131e+02
9.200768099999999095e+02 6.229155600000000277e+02
9.210334499999999025e+02 6.202604099999999789e+02
9.224564399999999296e+02 6.178346300000000610e+02
9.242779399999999441e+02 6.156724699999999757e+02
9.264339799999999059e+02 6.138061400000000276e+02
9.288547599999999420e+02 6.122718800000000101e+02
9.342268299999999499e+02 6.103322299999999814e+02
9.370443999999999960e+02 6.099954700000000685e+02
9.398571600000000217e+02 6.101236000000000104e+02
9.426012500000000500e+02 6.107546700000000328e+02
9.452067800000000943e+02 6.119191000000000713e+02
9.476098400000000765e+02 6.136530000000000200e+02
9.497405500000000984e+02 6.159887100000000828e+02
9.514186600000000453e+02 6.183585100000000239e+02
9.526629100000000108e+02 6.209789299999999912e+02
9.534467899999999645e+02 6.237722300000000359e+02
9.537378099999999677e+02 6.266608099999999695e+02
9.537377699999999550e+02 6.266605799999999817e+02
