9.249440600000000359e+02 5.941853599999999460e+02
9.248457600000000411e+02 5.975524199999999837e+02
9.240996800000000349e+02 6.005736600000000180e+02
9.227876899999999978e+02 6.032399699999999712e+02
9.209916200000000117e+02 6.055365199999999959e+02
9.187952599999999848e+02 6.074483999999999924e+02
9.162824399999999514e+02 6.089645199999999932e+02
9.135349499999999807e+02 6.100719599999999900e+02
9.106346599999999398e+02 6.107558999999999969e+02
9.076653799999999137e+02 6.110053500000000213e+02
9.047109199999998737e+02 6.108054099999999380e+02
9.018511099999998351e+02 6.101428599999999278e+02
8.991698299999998198e+02 6.090069200000000365e+02
8.967507799999998497e+02 6.073806700000000092e+02
8.946758999999998423e+02 6.052531400000000303e+02
8.930289299999998320e+02 6.026113599999999906e+02
8.918917499999998881e+02 5.994424099999999953e+02
8.910421499999998787e+02 5.963043499999999995e+02
8.908626199999998789e+02 5.932910400000000664e+02
8.912830899999999019e+02 5.904407100000000810e+02
8.922397299999998950e+02 5.877855600000000322e+02
8.936627199999999220e+02 5.853597800000000007e+02
8.954842299999999113e+02 5.831976300000001174e+02
8.976402599999998984e+02 5.813313000000000557e+02
9.000610499999999092e+02 5.797970300000000634e+02
9.054331099999999424e+02 5.778573800000001484e+02
9.082506399999999758e+02 5.775202500000000327e+02
9.110634400000000142e+02 5.776483700000001136e+02
9.138075300000000425e+02 5.782794400000001360e+02
9.164130600000000868e+02 5.794438700000000608e+02
9.188160900000000311e+02 5.811777700000001232e+02
9.209468299999999772e+02 5.835134800000000723e+02
9.226249099999999999e+02 5.858832800000001271e+02
9.238691599999999653e+02 5.885037000000002081e+02
9.246530799999999317e+02 5.912970000000001392e+02
9.249440999999999349e+02 5.941855800000000727e+02
9.249440600000000359e+02 5.941853599999999460e+02
