9.984058099999999740e+02 6.181728100000000268e+02
9.983075099999999793e+02 6.215398800000000392e+02
9.975614299999999730e+02 6.245611200000000736e+02
9.962494399999999359e+02 6.272274200000000519e+02
9.944533699999999499e+02 6.295239800000000514e+02
9.922570199999998977e+02 6.314358100000000604e+02
9.897441599999998516e+02 6.329519300000000612e+02
9.869967099999998936e+02 6.340594100000000708e+02
9.840964099999998780e+02 6.347433500000000777e+02
9.811271399999998266e+02 6.349927999999999884e+02
9.781726799999997866e+02 6.347928600000000188e+02
9.753128599999997732e+02 6.341303100000000086e+02
9.726315899999997328e+02 6.329943400000000793e+02
9.702125399999997626e+02 6.313681200000000899e+02
9.681376599999997552e+02 6.292405900000001111e+02
9.664906899999997449e+02 6.265988100000000713e+02
9.653534699999997883e+02 6.234298700000000508e+02
9.645039099999997916e+02 6.202918000000000802e+02
9.643243799999997918e+02 6.172785000000001219e+02
9.647448499999998148e+02 6.144281700000000228e+02
9.657014899999998079e+02 6.117730100000001130e+02
9.671244799999998349e+02 6.093472300000000814e+02
9.689459899999998242e+02 6.071850799999999708e+02
9.711020199999998113e+02 6.053187500000000227e+02
9.735227699999998094e+02 6.037844900000000052e+02
9.788948699999998553e+02 6.018448300000000017e+02
9.817123999999998887e+02 6.015076999999999998e+02
9.845251599999999144e+02 6.016358199999999670e+02
9.872692499999999427e+02 6.022668900000001031e+02
9.898747799999999870e+02 6.034313300000001163e+02
9.922778399999999692e+02 6.051652200000000903e+02
9.944085900000000038e+02 6.075009300000000394e+02
9.960866600000000517e+02 6.098707400000000689e+02
9.973309200000001056e+02 6.124911600000000362e+02
9.981148300000000972e+02 6.152844500000001062e+02
9.984058500000001004e+02 6.181730300000000398e+02
9.984058099999999740e+02 6.181728100000000268e+02
