9.070224399999999605e+02 5.232324100000000726e+02
9.069241399999999658e+02 5.265994699999999966e+02
9.061780599999999595e+02 5.296207200000000057e+02
9.048660699999999224e+02 5.322870199999999841e+02
9.030699899999999616e+02 5.345835700000000088e+02
9.008736199999999599e+02 5.364954099999999926e+02
8.983607700000000023e+02 5.380115299999999934e+02
8.956133200000000443e+02 5.391190100000000029e+02
8.927130200000000286e+02 5.398029500000000098e+02
8.897437499999999773e+02 5.400524000000000342e+02
8.867892899999999372e+02 5.398524600000000646e+02
8.839294699999999239e+02 5.391899100000000544e+02
8.812481999999998834e+02 5.380539400000000114e+02
8.788291499999999132e+02 5.364277200000000221e+02
8.767542699999999058e+02 5.343001900000000433e+02
8.751072999999998956e+02 5.316584100000000035e+02
8.739701199999999517e+02 5.284894600000000082e+02
8.731205199999999422e+02 5.253514000000000124e+02
8.729409899999999425e+02 5.223380900000000793e+02
8.733614599999999655e+02 5.194877600000000939e+02
8.743180999999999585e+02 5.168326100000001588e+02
8.757410899999999856e+02 5.144068300000001273e+02
8.775625900000000001e+02 5.122446800000001303e+02
8.797186299999999619e+02 5.103783500000001254e+02
8.821393799999999601e+02 5.088440800000001332e+02
8.875114800000000059e+02 5.069044300000001613e+02
8.903290100000000393e+02 5.065673000000001593e+02
8.931418100000000777e+02 5.066954200000001833e+02
8.958858900000001313e+02 5.073264900000002058e+02
8.984914300000001504e+02 5.084909300000002190e+02
9.008944500000001199e+02 5.102248600000002057e+02
9.030252000000001544e+02 5.125605300000001989e+02
9.047032900000001518e+02 5.149303300000001400e+02
9.059475500000002057e+02 5.175507600000001958e+02
9.067314600000001974e+02 5.203440900000002785e+02
9.070224800000002006e+02 5.232326300000001993e+02
9.070224399999999605e+02 5.232324100000000726e+02
