1.028183999999999969e+03 6.496616900000000214e+02
1.028086000000000013e+03 6.530287600000000339e+02
1.027339899999999943e+03 6.560499999999999545e+02
1.026027900000000045e+03 6.587163000000000466e+02
1.024231899999999996e+03 6.610128600000000461e+02
1.022035499999999956e+03 6.629247299999999541e+02
1.019522600000000011e+03 6.644408499999999549e+02
1.016775200000000041e+03 6.655482899999999518e+02
1.013874900000000025e+03 6.662322300000000723e+02
1.010905600000000049e+03 6.664816799999999830e+02
1.007951099999999997e+03 6.662813700000000381e+02
1.005091300000000047e+03 6.656188200000000279e+02
1.002410000000000082e+03 6.644828800000000228e+02
9.999910300000001371e+02 6.628566200000000208e+02
9.979161100000001170e+02 6.607290900000000420e+02
9.962691400000001067e+02 6.580873100000000022e+02
9.951319600000001628e+02 6.549183699999999817e+02
9.942824000000001661e+02 6.517803000000000111e+02
9.941028700000001663e+02 6.487670399999999518e+02
9.945233000000001766e+02 6.459167099999999664e+02
9.954799400000001697e+02 6.432615099999999302e+02
9.969029700000002094e+02 6.408357399999999870e+02
9.987244400000001860e+02 6.386735799999999017e+02
1.000880500000000211e+03 6.368072499999999536e+02
1.003301300000000197e+03 6.352729899999999361e+02
1.008673300000000154e+03 6.333333399999999074e+02
1.011490900000000124e+03 6.329961999999999307e+02
1.014303600000000074e+03 6.331243299999999863e+02
1.017047700000000077e+03 6.337554000000000087e+02
1.019653300000000058e+03 6.349198299999999335e+02
1.022056300000000078e+03 6.366537299999999959e+02
1.024187100000000100e+03 6.389894399999999450e+02
1.025865100000000211e+03 6.413592399999999998e+02
1.027109400000000278e+03 6.439796599999999671e+02
1.027893300000000181e+03 6.467729600000000119e+02
1.028184300000000121e+03 6.496615399999999454e+02
1.028183999999999969e+03 6.496616900000000214e+02
