3.216641300000000001e+02 5.785451499999999214e+02
3.182988300000000095e+02 5.783983900000000631e+02
3.152886799999999994e+02 5.776088999999999487e+02
3.126414899999999761e+02 5.762586800000000267e+02
3.103710299999999620e+02 5.744297400000000380e+02
3.084910099999999602e+02 5.722060800000000427e+02
3.070112099999999486e+02 5.696716599999999744e+02
3.059433999999999401e+02 5.669085500000001048e+02
3.053013199999999188e+02 5.639987100000000737e+02
3.050946299999999383e+02 5.610261600000001181e+02
3.053374599999999646e+02 5.580748900000000958e+02
3.060410699999999906e+02 5.552249100000000226e+02
3.072155199999999695e+02 5.525602599999999711e+02
3.088764299999999707e+02 5.501648700000000645e+02
3.110336099999999533e+02 5.481208300000000690e+02
3.136987799999999424e+02 5.465120200000000068e+02
3.168837999999999511e+02 5.454206100000000106e+02
3.200337699999999472e+02 5.446162699999999859e+02
3.230493199999999661e+02 5.444801299999999173e+02
3.258932999999999538e+02 5.449415899999999056e+02
3.285344399999999609e+02 5.459363499999999476e+02
3.309394899999999780e+02 5.473941099999999551e+02
3.330751599999999826e+02 5.492465099999999438e+02
3.349102599999999939e+02 5.514291799999998602e+02
3.364095499999999674e+02 5.538718099999998685e+02
3.382716399999999908e+02 5.592712399999999207e+02
3.385678100000000086e+02 5.620933599999998478e+02
3.383992000000000075e+02 5.649039799999999332e+02
3.377287400000000162e+02 5.676386999999999716e+02
3.365269200000000183e+02 5.702271999999999252e+02
3.347585700000000202e+02 5.726050499999998920e+02
3.323924800000000346e+02 5.747019599999998718e+02
3.299987700000000359e+02 5.763457499999999527e+02
3.273607000000000085e+02 5.775521599999999580e+02
3.245563700000000154e+02 5.782957799999999224e+02
3.216639400000000251e+02 5.785452000000000226e+02
3.216641300000000001e+02 5.785451499999999214e+02
