6.652273500000000013e+02 5.711262500000000273e+02
6.618620399999999790e+02 5.709795000000000300e+02
6.588518900000000258e+02 5.701900100000000293e+02
6.562047099999999773e+02 5.688397700000000441e+02
6.539342500000000200e+02 5.670108300000000554e+02
6.520542199999999866e+02 5.647871800000000349e+02
6.505744300000000067e+02 5.622527500000001055e+02
6.495066199999999981e+02 5.594896499999999833e+02
6.488645299999999452e+02 5.565798100000000659e+02
6.486578499999999394e+02 5.536072500000000218e+02
6.489006799999999657e+02 5.506559500000000753e+02
6.496042800000000170e+02 5.478060000000000400e+02
6.507787399999999707e+02 5.451413600000000770e+02
6.524396399999999403e+02 5.427459700000000566e+02
6.545968299999999545e+02 5.407019199999999728e+02
6.572619899999999689e+02 5.390931199999999990e+02
6.604470299999999270e+02 5.380017000000000280e+02
6.635969899999998916e+02 5.371973600000000033e+02
6.666125299999998788e+02 5.370612200000000485e+02
6.694565099999998665e+02 5.375226900000000114e+02
6.720976599999999053e+02 5.385174400000000787e+02
6.745026999999998907e+02 5.399752000000000862e+02
6.766383799999998701e+02 5.418276100000000497e+02
6.784734799999998813e+02 5.440102799999999661e+02
6.799727799999998297e+02 5.464528999999999996e+02
6.818348599999998214e+02 5.518523400000000265e+02
6.821310299999997824e+02 5.546744499999999789e+02
6.819624199999998382e+02 5.574850800000000390e+02
6.812919199999998909e+02 5.602198000000000775e+02
6.800900999999998930e+02 5.628083000000000311e+02
6.783217899999998508e+02 5.651861599999999726e+02
6.759556499999998778e+02 5.672830599999999777e+02
6.735619399999998222e+02 5.689268400000000838e+02
6.709238799999998264e+02 5.701332500000000891e+02
6.681195899999997891e+02 5.708768700000000536e+02
6.652271199999997862e+02 5.711262900000000400e+02
6.652273500000000013e+02 5.711262500000000273e+02
