7.290660900000000311e+02 5.121045199999999795e+02
7.257007800000000088e+02 5.119577699999999822e+02
7.226905900000000429e+02 5.111682700000000068e+02
7.200434400000000323e+02 5.098180800000000090e+02
7.177729900000000498e+02 5.079891499999999951e+02
7.158929600000000164e+02 5.057654999999999745e+02
7.144131300000000238e+02 5.032310699999999883e+02
7.133453500000000531e+02 5.004679199999999923e+02
7.127032300000000760e+02 4.975581199999999740e+02
7.124965500000000702e+02 4.945855299999999488e+02
7.127393700000001218e+02 4.916342599999999265e+02
7.134430200000001605e+02 4.887843099999999481e+02
7.146174300000001267e+02 4.861196299999999724e+02
7.162783400000000711e+02 4.837242799999999647e+02
7.184355200000001105e+02 4.816801999999999566e+02
7.211007300000001123e+02 4.800714299999999639e+02
7.242857200000000830e+02 4.789799799999999550e+02
7.274356900000001360e+02 4.781756399999999303e+02
7.304512700000001360e+02 4.780394999999999186e+02
7.332952500000001237e+02 4.785009599999999068e+02
7.359363600000001497e+02 4.794957199999998920e+02
7.383414000000001352e+02 4.809534799999998995e+02
7.404771100000001525e+02 4.828059199999999009e+02
7.423122100000001637e+02 4.849885999999999058e+02
7.438114700000002131e+02 4.874312199999998825e+02
7.456736000000001923e+02 4.928306499999998778e+02
7.459697500000002037e+02 4.956527699999998617e+02
7.458011600000002090e+02 4.984633899999998903e+02
7.451306900000001860e+02 5.011981199999999035e+02
7.439288700000001882e+02 5.037866099999998823e+02
7.421605300000002217e+02 5.061644299999998680e+02
7.397944300000002613e+02 5.082613699999998857e+02
7.374007200000002058e+02 5.099051599999999098e+02
7.347626500000002352e+02 5.111115699999999151e+02
7.319583300000002737e+02 5.118551499999999237e+02
7.290659000000002834e+02 5.121045699999999670e+02
7.290660900000000311e+02 5.121045199999999795e+02
