2.594736199999999826e+02 6.371101700000000392e+02
2.561083099999999604e+02 6.369634100000000672e+02
2.530981599999999503e+02 6.361739199999999528e+02
2.504509899999999618e+02 6.348236899999999423e+02
2.481805199999999729e+02 6.329947399999999789e+02
2.463004899999999679e+02 6.307711000000000467e+02
2.448207099999999627e+02 6.282367100000000164e+02
2.437528899999999510e+02 6.254736000000000331e+02
2.431107999999999549e+02 6.225637600000000020e+02
2.429041199999999492e+02 6.195912000000000717e+02
2.431469499999999471e+02 6.166398900000000367e+02
2.438505499999999415e+02 6.137899499999999762e+02
2.450250099999999520e+02 6.111253100000000131e+02
2.466859099999999501e+02 6.087299199999999928e+02
2.488430599999999515e+02 6.066858799999999974e+02
2.515082599999999502e+02 6.050770600000000741e+02
2.546932599999999525e+02 6.039856200000000399e+02
2.578432599999999297e+02 6.031813200000000279e+02
2.608587999999999170e+02 6.030451800000000731e+02
2.637027799999999047e+02 6.035066300000000865e+02
2.663439299999998866e+02 6.045014000000001033e+02
2.687489699999998720e+02 6.059591600000001108e+02
2.708846499999998514e+02 6.078115999999999985e+02
2.727197499999998627e+02 6.099942700000000286e+02
2.742190499999998679e+02 6.124368600000000242e+02
2.760811299999998596e+02 6.178362900000000764e+02
2.763772899999998458e+02 6.206584100000000035e+02
2.762086899999998195e+02 6.234690300000000889e+02
2.755382299999998281e+02 6.262037500000001273e+02
2.743364099999998302e+02 6.287922400000001062e+02
2.725680599999998321e+02 6.311700700000001234e+02
2.702019599999998150e+02 6.332669800000001032e+02
2.678082499999998163e+02 6.349107600000000957e+02
2.651701899999998204e+02 6.361171800000000758e+02
2.623658599999998273e+02 6.368608000000000402e+02
2.594734299999998370e+02 6.371102100000000519e+02
2.594736199999999826e+02 6.371101700000000392e+02
