3.687383199999999874e+02 4.361440099999999802e+02
3.653730199999999968e+02 4.359972500000000082e+02
3.623628699999999867e+02 4.352077199999999948e+02
3.597156799999999635e+02 4.338575200000000223e+02
3.574452199999999493e+02 4.320285800000000336e+02
3.555651999999999475e+02 4.298049300000000130e+02
3.540853999999999360e+02 4.272705200000000332e+02
3.530175999999999590e+02 4.245073700000000372e+02
3.523755099999999629e+02 4.215975700000000188e+02
3.521688199999999824e+02 4.186250100000000316e+02
3.524116500000000087e+02 4.156737000000000535e+02
3.531152600000000348e+02 4.128237500000000750e+02
3.542897200000000453e+02 4.101590700000000993e+02
3.559506200000000717e+02 4.077637200000000917e+02
3.581077700000000732e+02 4.057196400000000835e+02
3.607729700000001003e+02 4.041108700000000908e+02
3.639579600000001278e+02 4.030194200000000819e+02
3.671079600000001051e+02 4.022151200000000699e+02
3.701235100000001239e+02 4.020789900000000898e+02
3.729674900000001116e+02 4.025404000000000906e+02
3.756086300000001188e+02 4.035351600000000758e+02
3.780136800000001358e+02 4.049929600000000960e+02
3.801493500000001404e+02 4.068453700000001163e+02
3.819844600000001265e+02 4.090280400000000895e+02
3.834837100000001442e+02 4.114706600000000662e+02
3.853458300000001486e+02 4.168701000000000931e+02
3.856420000000001664e+02 4.196922100000001024e+02
3.854733900000001654e+02 4.225028400000001056e+02
3.848028900000001613e+02 4.252375600000000873e+02
3.836010700000001634e+02 4.278260600000000977e+02
3.818327600000001780e+02 4.302039100000001213e+02
3.794666200000002050e+02 4.323008200000001011e+02
3.770729500000002190e+02 4.339446000000000936e+02
3.744349000000001979e+02 4.351510100000000989e+02
3.716305600000001732e+02 4.358946300000001202e+02
3.687380900000001702e+02 4.361440400000001318e+02
3.687383199999999874e+02 4.361440099999999802e+02
