3.475038999999999874e+02 5.075846799999999917e+02
3.441385999999999967e+02 5.074379200000000196e+02
3.411284499999999866e+02 5.066484300000000189e+02
3.384812699999999950e+02 5.052982100000000401e+02
3.362108099999999808e+02 5.034693000000000325e+02
3.343307800000000043e+02 5.012456100000000561e+02
3.328509900000000243e+02 4.987112300000000573e+02
3.317831800000000158e+02 4.959480800000000613e+02
3.311410900000000197e+02 4.930382400000000871e+02
3.309344100000000140e+02 4.900656800000000999e+02
3.311768600000000333e+02 4.871144100000000776e+02
3.318805100000000152e+02 4.842644300000000612e+02
3.330549100000000067e+02 4.815997800000000666e+02
3.347158299999999826e+02 4.792044000000000779e+02
3.368729999999999905e+02 4.771603500000000508e+02
3.395381800000000112e+02 4.755515800000000581e+02
3.427232000000000198e+02 4.744601300000000492e+02
3.458731700000000160e+02 4.736557900000000245e+02
3.488887100000000032e+02 4.735196500000000128e+02
3.517327000000000226e+02 4.739811100000000010e+02
3.543738400000000297e+02 4.749758699999999862e+02
3.567788900000000467e+02 4.764336299999999937e+02
3.589145900000000324e+02 4.782860799999999699e+02
3.607496500000000310e+02 4.804687499999999432e+02
3.622489500000000362e+02 4.829113699999999199e+02
3.641110400000000595e+02 4.883107999999999151e+02
3.644075800000000527e+02 4.911328899999999180e+02
3.642389800000000264e+02 4.939435499999999024e+02
3.635685200000000350e+02 4.966782699999998840e+02
3.623666900000000624e+02 4.992667699999998945e+02
3.605983500000000390e+02 5.016445799999999053e+02
3.582322100000000660e+02 5.037414899999998852e+02
3.558385400000000800e+02 5.053852699999998777e+02
3.532004700000000526e+02 5.065916899999998577e+02
3.503961500000000342e+02 5.073353099999998790e+02
3.475037200000000439e+02 5.075847299999998654e+02
3.475038999999999874e+02 5.075846799999999917e+02
