4.126552100000000110e+02 4.489710400000000163e+02
4.092899100000000203e+02 4.488242800000000443e+02
4.062797199999999975e+02 4.480347900000000436e+02
4.036325800000000186e+02 4.466845600000000331e+02
4.013621100000000297e+02 4.448556300000000192e+02
3.994821000000000026e+02 4.426319700000000239e+02
3.980022999999999911e+02 4.400975500000000125e+02
3.969344899999999825e+02 4.373344400000000292e+02
3.962923700000000053e+02 4.344246000000000549e+02
3.960856800000000248e+02 4.314520500000000425e+02
3.963281200000000126e+02 4.285007300000000328e+02
3.970317800000000261e+02 4.256507800000000543e+02
3.982062300000000050e+02 4.229861400000000344e+02
3.998670999999999935e+02 4.205907500000000141e+02
4.020242700000000013e+02 4.185467100000000187e+02
4.046894899999999780e+02 4.169379400000000260e+02
4.078744699999999739e+02 4.158464900000000171e+02
4.110244799999999827e+02 4.150421499999999924e+02
4.140400199999999700e+02 4.149060200000000123e+02
4.168839999999999577e+02 4.153674700000000257e+02
4.195251499999999396e+02 4.163622300000000109e+02
4.219301599999999439e+02 4.178199900000000184e+02
4.240658599999999296e+02 4.196724399999999946e+02
4.259009699999999157e+02 4.218551099999999678e+02
4.274002199999999334e+02 4.242976899999999887e+02
4.292623499999999126e+02 4.296971300000000156e+02
4.295588899999999057e+02 4.325192499999999995e+02
4.293902799999999047e+02 4.353298700000000281e+02
4.287197899999999322e+02 4.380645900000000097e+02
4.275180099999999470e+02 4.406530900000000202e+02
4.257496599999999489e+02 4.430309500000000185e+02
4.233835099999999443e+02 4.451278500000000236e+02
4.209898499999999331e+02 4.467716400000000476e+02
4.183517899999999372e+02 4.479780500000000529e+02
4.155474499999999125e+02 4.487216700000000742e+02
4.126550199999999222e+02 4.489710800000000859e+02
4.126552100000000110e+02 4.489710400000000163e+02
