4.633175200000000018e+02 3.506348600000000033e+02
4.599522099999999796e+02 3.504881100000000060e+02
4.569420299999999884e+02 3.496986100000000306e+02
4.542948499999999967e+02 3.483483499999999822e+02
4.520243800000000078e+02 3.465194099999999935e+02
4.501443600000000060e+02 3.442957599999999729e+02
4.486645700000000261e+02 3.417613299999999299e+02
4.475967600000000175e+02 3.389982199999999466e+02
4.469546700000000214e+02 3.360883799999999155e+02
4.467479800000000409e+02 3.331158299999999599e+02
4.469904300000000603e+02 3.301645199999999249e+02
4.476940800000000422e+02 3.273145699999998897e+02
4.488684900000000653e+02 3.246499199999998382e+02
4.505294000000000665e+02 3.222545299999998178e+02
4.526865800000000490e+02 3.202104899999998224e+02
4.553517600000000698e+02 3.186016799999998739e+02
4.585367800000000784e+02 3.175102699999998777e+02
4.616867500000000746e+02 3.167059299999998530e+02
4.647023200000000998e+02 3.165697999999998729e+02
4.675463100000001191e+02 3.170312499999998863e+02
4.701874200000001451e+02 3.180260099999999284e+02
4.725924600000001305e+02 3.194837699999999359e+02
4.747281700000001479e+02 3.213361799999998993e+02
4.765632800000001339e+02 3.235188499999999294e+02
4.780625300000001516e+02 3.259614699999999630e+02
4.799246500000001561e+02 3.313609099999999899e+02
4.802208200000001739e+02 3.341830199999999422e+02
4.800522100000001728e+02 3.369936499999998887e+02
4.793817500000001814e+02 3.397283699999999271e+02
4.781799300000001836e+02 3.423168699999998807e+02
4.764115800000001855e+02 3.446947199999998475e+02
4.740454800000001683e+02 3.467916299999998273e+02
4.716517700000001696e+02 3.484354099999998198e+02
4.690137100000001737e+02 3.496418599999998378e+02
4.662093800000001806e+02 3.503854799999998022e+02
4.633169500000001904e+02 3.506348999999997886e+02
4.633175200000000018e+02 3.506348600000000033e+02
