2.499885099999999909e+02 5.950508999999999560e+02
2.466232100000000003e+02 5.949041400000000976e+02
2.436130599999999902e+02 5.941146599999999580e+02
2.409658699999999953e+02 5.927644299999999475e+02
2.386954099999999812e+02 5.909354799999999841e+02
2.368153899999999794e+02 5.887118299999999635e+02
2.353355999999999710e+02 5.861774100000000089e+02
2.342677899999999624e+02 5.834142999999999120e+02
2.336256999999999664e+02 5.805044599999999946e+02
2.334190199999999606e+02 5.775318999999999505e+02
2.336618399999999554e+02 5.745806000000000040e+02
2.343654499999999530e+02 5.717306599999999435e+02
2.355398999999999603e+02 5.690659800000000814e+02
2.372008099999999615e+02 5.666706300000000738e+02
2.393579899999999725e+02 5.646265799999999899e+02
2.420231599999999617e+02 5.630177699999999277e+02
2.452081799999999703e+02 5.619263200000000325e+02
2.483581599999999696e+02 5.611220200000000204e+02
2.513736999999999568e+02 5.609858799999999519e+02
2.542176799999999446e+02 5.614473399999999401e+02
2.568588199999999233e+02 5.624420999999999822e+02
2.592638699999999403e+02 5.638998599999999897e+02
2.613995399999999449e+02 5.657522999999998774e+02
2.632346499999999310e+02 5.679349699999999075e+02
2.647339299999999298e+02 5.703775599999999031e+02
2.665960199999999531e+02 5.757769899999998415e+02
2.668921899999999710e+02 5.785991099999998823e+02
2.667235899999999447e+02 5.814097299999998540e+02
2.660530799999999658e+02 5.841444499999997788e+02
2.648512699999999427e+02 5.867329499999998461e+02
2.630829599999999573e+02 5.891107999999999265e+02
2.607168199999999842e+02 5.912077099999999064e+02
2.583231499999999983e+02 5.928514899999997851e+02
2.556850900000000024e+02 5.940579099999997652e+02
2.528807500000000061e+02 5.948015299999998433e+02
2.499882800000000032e+02 5.950509499999998297e+02
2.499885099999999909e+02 5.950508999999999560e+02
