3.793250899999999888e+02 4.772785900000000083e+02
3.759597899999999981e+02 4.771318300000000363e+02
3.729496300000000133e+02 4.763423500000000104e+02
3.703024500000000216e+02 4.749921199999999999e+02
3.680319900000000075e+02 4.731632200000000239e+02
3.661519600000000310e+02 4.709395200000000159e+02
3.646721700000000510e+02 4.684051000000000045e+02
3.636043600000000424e+02 4.656419900000000212e+02
3.629622800000000211e+02 4.627321600000000217e+02
3.627555900000000406e+02 4.597596000000000345e+02
3.629980400000000600e+02 4.568083300000000122e+02
3.637016900000000419e+02 4.539583400000000211e+02
3.648761000000000649e+02 4.512937000000000012e+02
3.665370100000000662e+02 4.488983099999999808e+02
3.686941800000000740e+02 4.468542599999999538e+02
3.713593600000000947e+02 4.452454999999999359e+02
3.745443900000000781e+02 4.441540399999999522e+02
3.776943500000000995e+02 4.433496999999999275e+02
3.807099000000001183e+02 4.432135699999999474e+02
3.835538800000001061e+02 4.436750299999999356e+02
3.861950200000001132e+02 4.446697799999999461e+02
3.886000700000001302e+02 4.461275399999999536e+02
3.907357300000001032e+02 4.479799899999999298e+02
3.925708500000001209e+02 4.501626599999999030e+02
3.940701300000001197e+02 4.526052399999999238e+02
3.959322200000001430e+02 4.580047199999999066e+02
3.962287600000001362e+02 4.608268399999998906e+02
3.960601600000001099e+02 4.636374599999999191e+02
3.953896600000001058e+02 4.663721799999999007e+02
3.941878700000000890e+02 4.689606799999999112e+02
3.924195300000000657e+02 4.713384999999998968e+02
3.900533900000000926e+02 4.734353999999999019e+02
3.876597200000001067e+02 4.750791899999999259e+02
3.850216600000001108e+02 4.762856399999999439e+02
3.822173300000001177e+02 4.770292199999999525e+02
3.793248600000001147e+02 4.772786399999999389e+02
3.793250899999999888e+02 4.772785900000000083e+02
