5.606313999999999851e+02 2.616033599999999524e+02
5.572660899999999629e+02 2.614568999999999050e+02
5.542559400000000096e+02 2.606674899999999298e+02
5.516087599999999611e+02 2.593172399999999698e+02
5.493382899999999154e+02 2.574882699999999431e+02
5.474582799999999452e+02 2.552645799999999099e+02
5.459784799999999905e+02 2.527302199999999175e+02
5.449106699999999819e+02 2.499670599999999467e+02
5.442685799999999290e+02 2.470572099999999409e+02
5.440618999999999232e+02 2.440847299999999223e+02
5.443047199999999748e+02 2.411334199999998873e+02
5.450083300000000008e+02 2.382834499999999025e+02
5.461827899999999545e+02 2.356187799999999015e+02
5.478436899999999241e+02 2.332234399999998686e+02
5.500008399999999256e+02 2.311792799999998351e+02
5.526660499999999274e+02 2.295705799999998362e+02
5.558510299999999233e+02 2.284791099999998778e+02
5.590010399999998754e+02 2.276747699999998531e+02
5.620165799999998626e+02 2.275386699999997973e+02
5.648605599999998503e+02 2.280001499999998487e+02
5.675017099999998891e+02 2.289948699999998780e+02
5.699067499999998745e+02 2.304526399999998603e+02
5.720424199999998791e+02 2.323050799999998617e+02
5.738775299999998651e+02 2.344877199999998538e+02
5.753767799999998260e+02 2.369303499999998621e+02
5.772389099999998052e+02 2.423298199999998133e+02
5.775354499999998552e+02 2.451518799999997782e+02
5.773668399999999110e+02 2.479625399999997626e+02
5.766963499999999385e+02 2.506972699999997758e+02
5.754945199999999659e+02 2.532857399999998051e+02
5.737262099999999236e+02 2.556636399999997593e+02
5.713600699999999506e+02 2.577604899999997770e+02
5.689663599999998951e+02 2.594043099999997821e+02
5.663283099999998740e+02 2.606106599999998252e+02
5.635240099999998620e+02 2.613543699999997898e+02
5.606315399999998590e+02 2.616037599999997383e+02
5.606313999999999851e+02 2.616033599999999524e+02
