3.045566699999999969e+02 4.940544899999999870e+02
3.011913700000000063e+02 4.939077399999999898e+02
2.981811700000000087e+02 4.931182400000000143e+02
2.955339900000000171e+02 4.917680100000000039e+02
2.932635700000000156e+02 4.899390700000000152e+02
2.913835000000000264e+02 4.877154100000000199e+02
2.899037100000000464e+02 4.851809900000000084e+02
2.888359300000000189e+02 4.824178400000000124e+02
2.881938100000000418e+02 4.795080500000000256e+02
2.879871300000000360e+02 4.765354900000000384e+02
2.882295800000000554e+02 4.735841800000000603e+02
2.889332200000000626e+02 4.707342300000000819e+02
2.901076800000000731e+02 4.680695500000001061e+02
2.917685400000000868e+02 4.656741600000000858e+02
2.939257300000001010e+02 4.636301200000000904e+02
2.965909300000001281e+02 4.620213500000000977e+02
2.997759200000001556e+02 4.609298900000001140e+02
3.029259000000001834e+02 4.601255900000001020e+02
3.059414800000001833e+02 4.599894600000001219e+02
3.087854600000001710e+02 4.604508800000000974e+02
3.114265700000001971e+02 4.614456400000000826e+02
3.138316100000001825e+02 4.629034400000001028e+02
3.159673200000001998e+02 4.647558400000000915e+02
3.178024200000002111e+02 4.669385100000000648e+02
3.193016900000002352e+02 4.693811300000000415e+02
3.211638100000002396e+02 4.747805700000000684e+02
3.214603500000002327e+02 4.776026900000000524e+02
3.212917500000002065e+02 4.804133200000000556e+02
3.206212500000002024e+02 4.831480300000000625e+02
3.194194200000002297e+02 4.857365300000000730e+02
3.176511200000002191e+02 4.881144000000000460e+02
3.152849800000002460e+02 4.902112900000000195e+02
3.128912700000002474e+02 4.918550800000000436e+02
3.102532000000002199e+02 4.930614900000000489e+02
3.074489200000002143e+02 4.938051200000000449e+02
3.045564500000002113e+02 4.940545300000000566e+02
3.045566699999999969e+02 4.940544899999999870e+02
