4.987273599999999760e+02 3.186848999999999705e+02
4.953620599999999854e+02 3.185381399999999985e+02
4.923519099999999753e+02 3.177486499999999978e+02
4.897047299999999836e+02 3.163984100000000126e+02
4.874342599999999948e+02 3.145694700000000239e+02
4.855542399999999930e+02 3.123458200000000033e+02
4.840744399999999814e+02 3.098114000000000487e+02
4.830066400000000044e+02 3.070482600000000275e+02
4.823645500000000084e+02 3.041384500000000344e+02
4.821578600000000279e+02 3.011659000000000788e+02
4.824006900000000542e+02 2.982145900000000438e+02
4.831043000000000802e+02 2.953647000000000844e+02
4.842787600000000907e+02 2.927000300000000834e+02
4.859396600000001172e+02 2.903046900000000505e+02
4.880968500000001313e+02 2.882605300000000170e+02
4.907620100000001457e+02 2.866518300000000181e+02
4.939470000000001733e+02 2.855603600000000597e+02
4.970970000000001505e+02 2.847560200000000350e+02
5.001125500000001693e+02 2.846199199999999792e+02
5.029565300000001571e+02 2.850814000000000306e+02
5.055976700000001642e+02 2.860761200000000599e+02
5.080027200000001812e+02 2.875337900000000673e+02
5.101383900000001859e+02 2.893863300000000436e+02
5.119735000000001719e+02 2.915689700000000357e+02
5.134727900000001455e+02 2.940116000000000440e+02
5.153348700000001372e+02 2.994109799999999950e+02
5.156310400000000982e+02 3.022331000000000358e+02
5.154624300000001540e+02 3.050437299999999823e+02
5.147919300000002067e+02 3.077784500000000207e+02
5.135901200000001836e+02 3.103669499999999744e+02
5.118218000000001666e+02 3.127447999999999411e+02
5.094556700000001683e+02 3.148416999999999462e+02
5.070619600000001697e+02 3.164854899999999134e+02
5.044239000000001738e+02 3.176918999999999187e+02
5.016196000000001618e+02 3.184355199999998831e+02
4.987271300000001588e+02 3.186849299999998948e+02
4.987273599999999760e+02 3.186848999999999705e+02
