5.048559599999999818e+02 3.614133699999999862e+02
5.014906499999999596e+02 3.612666100000000142e+02
4.984804999999999495e+02 3.604771200000000135e+02
4.958333199999999579e+02 3.591268900000000031e+02
4.935628599999999437e+02 3.572979500000000144e+02
4.916828299999999672e+02 3.550742900000000191e+02
4.902030399999999872e+02 3.525398700000000076e+02
4.891352699999999913e+02 3.497767199999999548e+02
4.884931399999999826e+02 3.468669299999999112e+02
4.882864599999999768e+02 3.438943399999999428e+02
4.885292799999999716e+02 3.409430699999999206e+02
4.892329399999999850e+02 3.380930799999998726e+02
4.904073399999999765e+02 3.354284399999999096e+02
4.920682599999999525e+02 3.330330499999998892e+02
4.942254299999999603e+02 3.309890099999998938e+02
4.968906499999999369e+02 3.293801999999999452e+02
5.000756299999999328e+02 3.282887799999999743e+02
5.032255999999999290e+02 3.274844399999999496e+02
5.062411399999999162e+02 3.273483099999999695e+02
5.090851299999999355e+02 3.278097699999999577e+02
5.117262699999999427e+02 3.288045299999999997e+02
5.141313199999999597e+02 3.302622900000000072e+02
5.162669799999999896e+02 3.321147200000000339e+02
5.181020800000000008e+02 3.342973900000000640e+02
5.196013799999999492e+02 3.367399800000000596e+02
5.214635099999999284e+02 3.421394500000000107e+02
5.217596699999999146e+02 3.449615400000000136e+02
5.215910699999999451e+02 3.477721999999999980e+02
5.209205699999999979e+02 3.505069099999999480e+02
5.197187800000000379e+02 3.530954099999999585e+02
5.179504400000000714e+02 3.554732799999999315e+02
5.155843000000000984e+02 3.575701699999999050e+02
5.131905900000000429e+02 3.592139699999999038e+02
5.105525600000000281e+02 3.604203699999998776e+02
5.077482400000000098e+02 3.611639999999998736e+02
5.048557700000000068e+02 3.614134099999998853e+02
5.048559599999999818e+02 3.614133699999999862e+02
