3.376135400000000004e+02 4.636052099999999996e+02
3.342482400000000098e+02 4.634584500000000276e+02
3.312380800000000249e+02 4.626689600000000269e+02
3.285909000000000333e+02 4.613187200000000416e+02
3.263204500000000507e+02 4.594897800000000530e+02
3.244404200000000742e+02 4.572661300000000324e+02
3.229606300000000942e+02 4.547317100000000210e+02
3.218928100000001109e+02 4.519686000000000377e+02
3.212507300000000896e+02 4.490587600000000634e+02
3.210440500000000839e+02 4.460862100000000510e+02
3.212868700000000786e+02 4.431349000000000729e+02
3.219905100000000857e+02 4.402849500000000944e+02
3.231649300000000835e+02 4.376203100000000745e+02
3.248258400000000847e+02 4.352249200000000542e+02
3.269830200000000673e+02 4.331808800000000588e+02
3.296481900000000564e+02 4.315720700000000534e+02
3.328332100000000651e+02 4.304806200000000445e+02
3.359831900000000928e+02 4.296763100000000577e+02
3.389987200000001053e+02 4.295401900000000524e+02
3.418427000000000930e+02 4.300016400000000658e+02
3.444838600000001065e+02 4.309964000000000510e+02
3.468888900000001172e+02 4.324541600000000585e+02
3.490245700000000966e+02 4.343066000000000599e+02
3.508596700000001078e+02 4.364892700000000332e+02
3.523589700000001130e+02 4.389318500000000540e+02
3.542210600000001364e+02 4.443312900000000809e+02
3.545175900000001548e+02 4.471534200000000965e+02
3.543489900000001285e+02 4.499640400000000682e+02
3.536785200000001055e+02 4.526987600000000498e+02
3.524767100000000823e+02 4.552872600000000602e+02
3.507083700000000590e+02 4.576651100000000838e+02
3.483422300000000860e+02 4.597620100000000889e+02
3.459485500000000684e+02 4.614058100000000877e+02
3.433104900000000725e+02 4.626122200000000930e+02
3.405061600000000794e+02 4.633558400000001143e+02
3.376137300000000891e+02 4.636052500000001260e+02
3.376135400000000004e+02 4.636052099999999996e+02
