3.932963500000000181e+02 8.763928630000000339e+02
3.899313900000000217e+02 8.762382099999999809e+02
3.869230800000000272e+02 8.754416449999999941e+02
3.842790800000000218e+02 8.740851750000000493e+02
3.820129300000000399e+02 8.722509347000000162e+02
3.801381200000000149e+02 8.700228567999999996e+02
3.786642699999999877e+02 8.674850083999999697e+02
3.776029599999999959e+02 8.647193848000000571e+02
3.769676999999999794e+02 8.618080588999999918e+02
3.767681999999999789e+02 8.588349994999999808e+02
3.770178199999999720e+02 8.558843174999999519e+02
3.777281699999999773e+02 8.530359859999999799e+02
3.789088600000000042e+02 8.503741159999999581e+02
3.805753799999999956e+02 8.479826170000000047e+02
3.827373299999999858e+02 8.459436359999999695e+02
3.854062999999999874e+02 8.443411190000000488e+02
3.885938600000000065e+02 8.432571500000000242e+02
3.917456900000000246e+02 8.424602069999999685e+02
3.947615499999999997e+02 8.423308849999999666e+02
3.976044499999999857e+02 8.427990160000000515e+02
4.002432499999999891e+02 8.437999740000000202e+02
4.026448800000000006e+02 8.452633560000000443e+02
4.047762099999999919e+02 8.471208380000000489e+02
4.066061799999999948e+02 8.493077859999999646e+02
4.080997199999999907e+02 8.517539179999999988e+02
4.099491600000000062e+02 8.571577005000000327e+02
4.102388799999999947e+02 8.599805228000000170e+02
4.100638599999999769e+02 8.627907546000000139e+02
4.093869599999999878e+02 8.655238640999999689e+02
4.081790599999999927e+02 8.681095546999999897e+02
4.064051400000000172e+02 8.704832460000000083e+02
4.040340899999999920e+02 8.725745626000000357e+02
4.016365599999999745e+02 8.742127410000000509e+02
3.989956799999999930e+02 8.754129810000000589e+02
3.961896299999999655e+02 8.761500059999999621e+02
3.932965799999999490e+02 8.763926069999999982e+02
3.932963500000000181e+02 8.763928630000000339e+02
