2.902548100000000204e+02 6.085602300000000469e+02
2.868894999999999982e+02 6.084134799999999359e+02
2.838793600000000197e+02 6.076239399999999478e+02
2.812321800000000280e+02 6.062737500000000637e+02
2.789617100000000391e+02 6.044448099999999613e+02
2.770816800000000626e+02 6.022211500000000797e+02
2.756018900000000826e+02 5.996867400000000998e+02
2.745340900000001056e+02 5.969235900000001038e+02
2.738919900000000780e+02 5.940137899999999718e+02
2.736853100000000723e+02 5.910412400000000162e+02
2.739277600000000916e+02 5.880899200000000064e+02
2.746314100000000735e+02 5.852399700000000848e+02
2.758058200000000966e+02 5.825752899999999954e+02
2.774667300000000978e+02 5.801799000000000888e+02
2.796239100000000803e+02 5.781358600000000934e+02
2.822890900000001011e+02 5.765270900000000438e+02
2.854741100000001097e+02 5.754356400000000349e+02
2.886240700000001311e+02 5.746313400000000229e+02
2.916396100000001184e+02 5.744952100000000428e+02
2.944836300000001188e+02 5.749566600000000562e+02
2.971247700000001259e+02 5.759513799999999719e+02
2.995298200000001430e+02 5.774091800000001058e+02
3.016654900000001476e+02 5.792615900000000693e+02
3.035005900000001589e+02 5.814442599999999857e+02
3.049998800000001324e+02 5.838868700000000445e+02
3.068619700000001558e+02 5.892863100000000713e+02
3.071585100000001489e+02 5.921084400000000869e+02
3.069899100000001226e+02 5.949190600000000586e+02
3.063194500000001312e+02 5.976537900000000718e+02
3.051176200000001586e+02 6.002422800000000507e+02
3.033492800000001353e+02 6.026201399999999921e+02
3.009831800000001181e+02 6.047170399999999972e+02
2.985894700000001194e+02 6.063608300000000781e+02
2.959514000000000919e+02 6.075672400000000835e+02
2.931470900000001052e+02 6.083108600000000479e+02
2.902546200000001022e+02 6.085602700000000596e+02
2.902548100000000204e+02 6.085602300000000469e+02
