7.722110099999999875e+02 5.242918600000000424e+02
7.688460900000000038e+02 5.241372000000000071e+02
7.658378000000000156e+02 5.233406600000000708e+02
7.631938099999999849e+02 5.219841999999999871e+02
7.609276599999999462e+02 5.201499599999999646e+02
7.590528299999999717e+02 5.179218899999999621e+02
7.575789899999999761e+02 5.153840000000000146e+02
7.565176799999999275e+02 5.126183699999999135e+02
7.558824099999999362e+02 5.097070799999999622e+02
7.556829199999999673e+02 5.067340299999999615e+02
7.559325400000000172e+02 5.037833099999999718e+02
7.566428500000000668e+02 5.009350099999999770e+02
7.578235400000000936e+02 4.982731099999999742e+02
7.594900700000000597e+02 4.958816499999999792e+02
7.616520100000000184e+02 4.938426699999999983e+02
7.643209900000000516e+02 4.922401499999999714e+02
7.675085500000000138e+02 4.911561799999999494e+02
7.706603999999999814e+02 4.903592399999999429e+02
7.736762699999999313e+02 4.902299099999999612e+02
7.765191299999999046e+02 4.906980399999999349e+02
7.791578899999999521e+02 4.916989999999999554e+02
7.815595799999999826e+02 4.931624199999999405e+02
7.836908599999999296e+02 4.950198699999999690e+02
7.855208699999999453e+02 4.972068099999999617e+02
7.870144099999999980e+02 4.996529499999999757e+02
7.888638200000000325e+02 5.050567699999999718e+02
7.891535200000000714e+02 5.078795499999999947e+02
7.889785500000000411e+02 5.106897799999999847e+02
7.883016400000000203e+02 5.134229299999999512e+02
7.870936900000000378e+02 5.160085799999999381e+02
7.853198399999999992e+02 5.183822700000000623e+02
7.829487900000000309e+02 5.204736299999999574e+02
7.805512600000000702e+02 5.221117699999999786e+02
7.779104100000000699e+02 5.233120100000001003e+02
7.751043100000000550e+02 5.240490300000000161e+02
7.722112200000000257e+02 5.242916299999999410e+02
7.722110099999999875e+02 5.242918600000000424e+02
