2.833496200000000158e+02 5.655106200000000172e+02
2.799843099999999936e+02 5.653638600000000451e+02
2.769741700000000151e+02 5.645743700000000445e+02
2.743269900000000234e+02 5.632241300000000592e+02
2.720565200000000345e+02 5.613952300000000832e+02
2.701764900000000580e+02 5.591715500000000247e+02
2.686967000000000780e+02 5.566371600000001081e+02
2.676288900000000694e+02 5.538740200000000868e+02
2.669868000000000734e+02 5.509641700000000810e+02
2.667801200000000676e+02 5.479916600000001381e+02
2.670225700000000870e+02 5.450403400000000147e+02
2.677261700000000815e+02 5.421903700000000299e+02
2.689006300000000920e+02 5.395257200000000921e+02
2.705615400000000932e+02 5.371303300000000718e+02
2.727186800000001199e+02 5.350862900000000764e+02
2.753839000000000965e+02 5.334775100000000521e+02
2.785688800000000924e+02 5.323860700000000179e+02
2.817188800000000697e+02 5.315817300000001069e+02
2.847344200000000569e+02 5.314455900000000383e+02
2.875784000000000447e+02 5.319070500000000266e+02
2.902195600000000582e+02 5.329018100000000686e+02
2.926245900000000688e+02 5.343595700000000761e+02
2.947602700000000482e+02 5.362120099999999638e+02
2.965953700000000595e+02 5.383946799999999939e+02
2.980946700000000646e+02 5.408372699999999895e+02
2.999567500000000564e+02 5.462367299999999659e+02
3.002533000000000811e+02 5.490588199999999688e+02
3.000846900000000801e+02 5.518694900000000416e+02
2.994142300000000887e+02 5.546042099999999664e+02
2.982124100000000908e+02 5.571927100000000337e+02
2.964441000000001054e+02 5.595705199999999877e+02
2.940779600000001324e+02 5.616674299999999675e+02
2.916842500000001337e+02 5.633112099999999600e+02
2.890461900000001378e+02 5.645176199999999653e+02
2.862419000000001574e+02 5.652612400000000434e+02
2.833494300000001545e+02 5.655106499999999414e+02
2.833496200000000158e+02 5.655106200000000172e+02
