2.717781200000000013e+02 5.256015400000000000e+02
2.684128099999999790e+02 5.254547800000000279e+02
2.654026599999999689e+02 5.246652500000000146e+02
2.627554799999999773e+02 5.233150600000000168e+02
2.604850199999999631e+02 5.214861100000000533e+02
2.586049999999999613e+02 5.192624599999999191e+02
2.571252099999999814e+02 5.167280499999999392e+02
2.560573899999999981e+02 5.139648999999999432e+02
2.554152599999999893e+02 5.110550999999999817e+02
2.552085899999999867e+02 5.080825399999999945e+02
2.554514099999999814e+02 5.051312300000000164e+02
2.561550499999999602e+02 5.022812900000000127e+02
2.573295099999999707e+02 4.996166100000000370e+02
2.589903699999999844e+02 4.972212600000000293e+02
2.611475599999999986e+02 4.951771800000000212e+02
2.638127600000000257e+02 4.935683999999999969e+02
2.669977500000000532e+02 4.924769600000000196e+02
2.701477600000000621e+02 4.916726600000000076e+02
2.731633000000000493e+02 4.915365199999999959e+02
2.760072800000000370e+02 4.919979299999999967e+02
2.786484300000000189e+02 4.929927000000000135e+02
2.810534299999999917e+02 4.944505000000000337e+02
2.831891499999999837e+02 4.963029000000000224e+02
2.850242499999999950e+02 4.984855699999999956e+02
2.865235099999999875e+02 5.009282000000000039e+02
2.883856299999999919e+02 5.063276200000000244e+02
2.886817899999999781e+02 5.091497500000000400e+02
2.885131899999999519e+02 5.119603700000000117e+02
2.878426899999999478e+02 5.146950899999999365e+02
2.866409099999999626e+02 5.172835900000000038e+02
2.848725599999999645e+02 5.196614400000000842e+02
2.825064199999999914e+02 5.217583500000000640e+02
2.801127500000000055e+02 5.234021299999999428e+02
2.774746900000000096e+02 5.246085499999999229e+02
2.746703600000000165e+02 5.253521700000000010e+02
2.717779300000000262e+02 5.256015800000000127e+02
2.717781200000000013e+02 5.256015400000000000e+02
