1.855030099999999891e+02 6.552583099999999376e+02
1.821376599999999826e+02 6.551115499999999656e+02
1.791275099999999725e+02 6.543220300000000407e+02
1.764803599999999619e+02 6.529718299999999545e+02
1.742098599999999635e+02 6.511428899999999658e+02
1.723298399999999617e+02 6.489192399999999452e+02
1.708500499999999533e+02 6.463848199999999906e+02
1.697822699999999543e+02 6.436216699999999946e+02
1.691401499999999487e+02 6.407118699999999762e+02
1.689334699999999430e+02 6.377393100000000459e+02
1.691762899999999377e+02 6.347880099999999857e+02
1.698799399999999480e+02 6.319380300000000261e+02
1.710543599999999458e+02 6.292733800000000883e+02
1.727152599999999438e+02 6.268780100000000175e+02
1.748724399999999548e+02 6.248339600000000473e+02
1.775376499999999567e+02 6.232251899999999978e+02
1.807226399999999558e+02 6.221337499999999636e+02
1.838726099999999519e+02 6.213294399999999769e+02
1.868881499999999392e+02 6.211933099999999968e+02
1.897321299999999269e+02 6.216547199999999975e+02
1.923732799999999372e+02 6.226494800000000396e+02
1.947783199999999511e+02 6.241072800000000598e+02
1.969140299999999399e+02 6.259596900000000232e+02
1.987490999999999417e+02 6.281423600000000533e+02
2.002483899999999437e+02 6.305849600000000237e+02
2.021105099999999481e+02 6.359844000000000506e+02
2.024066799999999375e+02 6.388065100000000029e+02
2.022380799999999397e+02 6.416171400000000631e+02
2.015675699999999324e+02 6.443518599999999878e+02
2.003657599999999377e+02 6.469403600000000552e+02
1.985974499999999239e+02 6.493182100000000219e+02
1.962313099999999224e+02 6.514151200000001154e+02
1.938375999999999237e+02 6.530588999999999942e+02
1.911995399999999279e+02 6.542653099999999995e+02
1.883952399999999159e+02 6.550089300000000776e+02
1.855027699999999129e+02 6.552583500000000640e+02
1.855030099999999891e+02 6.552583099999999376e+02
