4.434044700000000034e+02 4.198816800000000171e+02
4.400391599999999812e+02 4.197349300000000198e+02
4.370289799999999900e+02 4.189454300000000444e+02
4.343818299999999795e+02 4.175952000000000339e+02
4.321113699999999653e+02 4.157662600000000452e+02
4.302313399999999888e+02 4.135426100000000247e+02
4.287515099999999961e+02 4.110082300000000259e+02
4.276837299999999686e+02 4.082450900000000047e+02
4.270416099999999915e+02 4.053352399999999989e+02
4.268349299999999857e+02 4.023626899999999864e+02
4.270777600000000120e+02 3.994114199999999641e+02
4.277814000000000192e+02 3.965614299999999730e+02
4.289558499999999981e+02 3.938967899999999531e+02
4.306167199999999866e+02 3.915013999999999328e+02
4.327738999999999692e+02 3.894573599999999374e+02
4.354391199999999458e+02 3.878485899999999447e+02
4.386241099999999733e+02 3.867571399999999358e+02
4.417740699999999947e+02 3.859527899999999363e+02
4.447896499999999946e+02 3.858166599999999562e+02
4.476336299999999824e+02 3.862781199999999444e+02
4.502747400000000084e+02 3.872728799999999296e+02
4.526797799999999938e+02 3.887306399999999371e+02
4.548154900000000112e+02 3.905830699999999638e+02
4.566505900000000224e+02 3.927657599999999434e+02
4.581498900000000276e+02 3.952083299999999326e+02
4.600119800000000509e+02 4.006077999999999406e+02
4.603085200000000441e+02 4.034298999999999182e+02
4.601399200000000178e+02 4.062405599999999026e+02
4.594694200000000137e+02 4.089752699999999095e+02
4.582675900000000411e+02 4.115637799999998947e+02
4.564992900000000304e+02 4.139415899999999056e+02
4.541331500000000574e+02 4.160384999999998854e+02
4.517394400000000587e+02 4.176822799999998779e+02
4.491013700000000313e+02 4.188886999999998579e+02
4.462970500000000129e+02 4.196323199999998792e+02
4.434046200000000226e+02 4.198817299999998909e+02
4.434044700000000034e+02 4.198816800000000171e+02
