2.392067600000000027e+02 5.530447699999999713e+02
2.358414600000000121e+02 5.528980200000000877e+02
2.328312800000000209e+02 5.521085199999999986e+02
2.301841300000000103e+02 5.507582899999999881e+02
2.279136700000000246e+02 5.489293900000000122e+02
2.260336400000000197e+02 5.467057400000001053e+02
2.245538500000000113e+02 5.441713200000000370e+02
2.234860299999999995e+02 5.414081700000000410e+02
2.228439500000000066e+02 5.384983300000001236e+02
2.226372700000000009e+02 5.355258200000000670e+02
2.228797199999999918e+02 5.325745000000000573e+02
2.235833299999999895e+02 5.297245100000000093e+02
2.247577699999999936e+02 5.270598700000000463e+02
2.264186899999999980e+02 5.246644800000000259e+02
2.285758199999999931e+02 5.226204400000000305e+02
2.312410399999999981e+02 5.210116700000000947e+02
2.344260299999999972e+02 5.199202199999999721e+02
2.375760300000000029e+02 5.191158800000000610e+02
2.405915699999999902e+02 5.189797499999999673e+02
2.434355599999999811e+02 5.194411999999999807e+02
2.460766999999999882e+02 5.204359600000000228e+02
2.484817499999999768e+02 5.218937200000000303e+02
2.506174099999999783e+02 5.237461700000000064e+02
2.524525099999999895e+02 5.259288400000000365e+02
2.539517799999999852e+02 5.283714499999999816e+02
2.558138999999999896e+02 5.337708900000000085e+02
2.561104399999999828e+02 5.365930200000000241e+02
2.559418399999999849e+02 5.394036399999999958e+02
2.552713799999999935e+02 5.421383700000000090e+02
2.540695499999999925e+02 5.447268599999999878e+02
2.523012499999999818e+02 5.471046799999999166e+02
2.499351099999999803e+02 5.492015799999999217e+02
2.475413899999999785e+02 5.508453700000000026e+02
2.449033299999999826e+02 5.520517800000000079e+02
2.420990399999999738e+02 5.527953999999999724e+02
2.392065799999999740e+02 5.530448100000000977e+02
2.392067600000000027e+02 5.530447699999999713e+02
