4.010991799999999898e+02 4.062746900000000210e+02
3.977338699999999676e+02 4.061279400000000237e+02
3.947236899999999764e+02 4.053384400000000483e+02
3.920765399999999659e+02 4.039882100000000378e+02
3.898060799999999517e+02 4.021593100000000618e+02
3.879260499999999752e+02 3.999356500000000665e+02
3.864462299999999573e+02 3.974012300000000550e+02
3.853784499999999298e+02 3.946380800000000590e+02
3.847363199999999210e+02 3.917282500000000596e+02
3.845296499999999469e+02 3.887557300000000851e+02
3.847720899999999347e+02 3.858044200000001069e+02
3.854757399999999166e+02 3.829544300000001158e+02
3.866501499999999396e+02 3.802897900000000959e+02
3.883110699999999156e+02 3.778944400000000883e+02
3.904682399999999234e+02 3.758503500000001054e+02
3.931334599999999000e+02 3.742415900000000875e+02
3.963184399999998959e+02 3.731501300000001038e+02
3.994684099999998921e+02 3.723458300000000918e+02
4.024839799999999173e+02 3.722097000000001117e+02
4.053279599999999050e+02 3.726711600000000999e+02
4.079690799999999058e+02 3.736658700000000977e+02
4.103741099999999165e+02 3.751236700000001179e+02
4.125098299999999085e+02 3.769760800000001382e+02
4.143449299999999198e+02 3.791587500000001114e+02
4.158441899999999123e+02 3.816013700000000881e+02
4.177063099999999167e+02 3.870008100000001150e+02
4.180028599999999415e+02 3.898229300000000990e+02
4.178342499999999404e+02 3.926335600000001023e+02
4.171637499999999363e+02 3.953682700000001091e+02
4.159619299999999384e+02 3.979567700000001196e+02
4.141936199999999531e+02 4.003346400000000926e+02
4.118274799999999800e+02 4.024314900000001103e+02
4.094337699999999813e+02 4.040753200000000902e+02
4.067957099999999855e+02 4.052817300000000955e+02
4.039914200000000051e+02 4.060253200000000788e+02
4.010989500000000021e+02 4.062747300000000905e+02
4.010991799999999898e+02 4.062746900000000210e+02
