4.863207400000000007e+02 7.889663900000000467e+02
4.829557800000000043e+02 7.888117270000000190e+02
4.799475100000000225e+02 7.880151610000000346e+02
4.773034700000000043e+02 7.866586909999999762e+02
4.750373200000000224e+02 7.848244509999999536e+02
4.731625400000000354e+02 7.825963729999999714e+02
4.716887000000000398e+02 7.800585250000000315e+02
4.706273900000000481e+02 7.772929020000000264e+02
4.699920900000000756e+02 7.743815749999999980e+02
4.697925900000000752e+02 7.714085159999999632e+02
4.700422100000000682e+02 7.684578089999999975e+02
4.707525600000000736e+02 7.656094990000000280e+02
4.719332500000001005e+02 7.629476300000000037e+02
4.735997300000000791e+02 7.605561500000000024e+02
4.757617200000000821e+02 7.585171500000000151e+02
4.784306900000000837e+02 7.569146399999999630e+02
4.816182600000000775e+02 7.558306700000000546e+02
4.847701200000000767e+02 7.550337299999999914e+02
4.877859400000000960e+02 7.549044000000000096e+02
4.906288400000000820e+02 7.553725299999999834e+02
4.932676400000000854e+02 7.563734900000000607e+02
4.956692700000000968e+02 7.578369099999999889e+02
4.978006000000000881e+02 7.596943600000000743e+02
4.996305800000000659e+02 7.618813000000000102e+02
5.011241100000000870e+02 7.643274390000000267e+02
5.029735500000001025e+02 7.697312160000000176e+02
5.032632700000000909e+02 7.725540390000001025e+02
5.030882500000000732e+02 7.753642710000000307e+02
5.024113100000000713e+02 7.780973900000000185e+02
5.012034500000000889e+02 7.806830710000000408e+02
4.994295300000001134e+02 7.830567620000000488e+02
4.970584800000000882e+02 7.851480790000000525e+02
4.946609600000001024e+02 7.867862569999999778e+02
4.920200300000000766e+02 7.879864969999999857e+02
4.892139800000000491e+02 7.887235210000000052e+02
4.863209700000000453e+02 7.889661230000000387e+02
4.863207400000000007e+02 7.889663900000000467e+02
