4.748207400000000007e+02 3.912799999999999727e+02
4.714554400000000101e+02 3.911332499999999754e+02
4.684452499999999873e+02 3.903437500000000000e+02
4.657981100000000083e+02 3.889935199999999895e+02
4.635276400000000194e+02 3.871646200000000135e+02
4.616476100000000429e+02 3.849409300000000371e+02
4.601677900000000250e+02 3.824065400000000636e+02
4.591000200000000291e+02 3.796434000000000424e+02
4.584578900000000203e+02 3.767335900000000493e+02
4.582512100000000146e+02 3.737610000000000241e+02
4.584936500000000024e+02 3.708097300000000018e+02
4.591972999999999843e+02 3.679597400000000107e+02
4.603717199999999821e+02 3.652950999999999908e+02
4.620326299999999833e+02 3.628997099999999705e+02
4.641897999999999911e+02 3.608556599999999435e+02
4.668550199999999677e+02 3.592468999999999255e+02
4.700399999999999636e+02 3.581554399999999418e+02
4.731900099999999725e+02 3.573510999999999171e+02
4.762055499999999597e+02 3.572149699999999370e+02
4.790495299999999474e+02 3.576764299999999253e+02
4.816906799999999294e+02 3.586711799999999357e+02
4.840956799999999021e+02 3.601289499999999180e+02
4.862313899999999194e+02 3.619813899999999194e+02
4.880664999999999054e+02 3.641640599999998926e+02
4.895657499999999231e+02 3.666066399999999135e+02
4.914278699999999276e+02 3.720061199999998962e+02
4.917244199999999523e+02 3.748281999999999243e+02
4.915558099999999513e+02 3.776388599999999087e+02
4.908853099999999472e+02 3.803735899999999219e+02
4.896834899999999493e+02 3.829620799999999008e+02
4.879151499999999260e+02 3.853399099999999180e+02
4.855490399999999340e+02 3.874367999999998915e+02
4.831553299999999354e+02 3.890805999999998903e+02
4.805172799999999143e+02 3.902869999999998640e+02
4.777129799999999022e+02 3.910306299999998600e+02
4.748205099999998993e+02 3.912800399999998717e+02
4.748207400000000007e+02 3.912799999999999727e+02
