1.774389600000000087e+02 6.118573499999999967e+02
1.740736500000000149e+02 6.117105900000000247e+02
1.710635100000000079e+02 6.109211000000000240e+02
1.684163200000000131e+02 6.095708600000000388e+02
1.661458600000000274e+02 6.077419199999999364e+02
1.642658300000000224e+02 6.055182700000000295e+02
1.627860400000000141e+02 6.029838600000000497e+02
1.617182400000000086e+02 6.002207399999999780e+02
1.610761400000000094e+02 5.973109099999999216e+02
1.608694600000000037e+02 5.943383499999999913e+02
1.611119099999999946e+02 5.913870400000000700e+02
1.618155600000000049e+02 5.885370900000000347e+02
1.629899699999999996e+02 5.858724500000000717e+02
1.646508800000000008e+02 5.834770599999999376e+02
1.668080600000000118e+02 5.814330199999999422e+02
1.694732400000000041e+02 5.798242099999999937e+02
1.726582600000000127e+02 5.787327900000000227e+02
1.758082200000000057e+02 5.779284499999998843e+02
1.788237599999999929e+02 5.777923200000000179e+02
1.816677499999999839e+02 5.782537800000000061e+02
1.843088999999999942e+02 5.792485399999999345e+02
1.867139400000000080e+02 5.807062999999999420e+02
1.888496499999999969e+02 5.825587299999999686e+02
1.906847099999999955e+02 5.847413999999998850e+02
1.921840100000000007e+02 5.871839899999999943e+02
1.940461300000000051e+02 5.925834599999999455e+02
1.943426800000000014e+02 5.954055499999999483e+02
1.941740700000000004e+02 5.982162200000000212e+02
1.935035699999999963e+02 6.009509299999999712e+02
1.923017499999999984e+02 6.035394300000000385e+02
1.905334399999999846e+02 6.059172499999999673e+02
1.881672999999999831e+02 6.080141499999999724e+02
1.857735899999999845e+02 6.096579399999999396e+02
1.831355299999999886e+02 6.108643499999999449e+02
1.803312399999999798e+02 6.116079700000000230e+02
1.774387699999999768e+02 6.118573799999999210e+02
1.774389600000000087e+02 6.118573499999999967e+02
