6.331402199999999993e+02 6.003926799999999275e+02
6.297749099999999771e+02 6.002459200000000692e+02
6.267647200000000112e+02 5.994564299999999548e+02
6.241175500000000511e+02 5.981061999999999443e+02
6.218471200000000181e+02 5.962772600000000693e+02
6.199670499999999720e+02 5.940536099999999351e+02
6.184872699999999668e+02 5.915191899999999805e+02
6.174194499999999834e+02 5.887560399999999845e+02
6.167773599999999306e+02 5.858462299999999914e+02
6.165706799999999248e+02 5.828736799999999221e+02
6.168131299999998873e+02 5.799223799999999756e+02
6.175167699999998376e+02 5.770724299999999403e+02
6.186911899999998923e+02 5.744077500000000782e+02
6.203520899999998619e+02 5.720123900000000958e+02
6.225092799999998761e+02 5.699683099999999740e+02
6.251744499999998652e+02 5.683595400000000382e+02
6.283594699999998738e+02 5.672680900000000292e+02
6.315094499999999016e+02 5.664637900000000172e+02
6.345249899999998888e+02 5.663276499999999487e+02
6.373689299999998639e+02 5.667890800000000127e+02
6.400100799999999026e+02 5.677838699999999790e+02
6.424151199999998880e+02 5.692416299999999865e+02
6.445508299999999053e+02 5.710940700000001016e+02
6.463859299999999166e+02 5.732767400000000180e+02
6.478851899999999659e+02 5.757193300000000136e+02
6.497473199999999451e+02 5.811187600000000657e+02
6.500438499999999067e+02 5.839408799999999928e+02
6.498752599999999120e+02 5.867515100000000530e+02
6.492047499999998763e+02 5.894862299999999777e+02
6.480029699999998911e+02 5.920747300000000450e+02
6.462346299999999246e+02 5.944525800000000118e+02
6.438684899999999516e+02 5.965494899999999916e+02
6.414748099999999340e+02 5.981932699999999841e+02
6.388367499999999382e+02 5.993996799999999894e+02
6.360324599999999009e+02 6.001432999999999538e+02
6.331400299999999106e+02 6.003927100000000792e+02
6.331402199999999993e+02 6.003926799999999275e+02
