4.320997499999999718e+02 3.767995599999999854e+02
4.287344499999999812e+02 3.766528000000000134e+02
4.257242599999999584e+02 3.758632800000000316e+02
4.230771199999999794e+02 3.745130800000000590e+02
4.208066499999999905e+02 3.726841400000000704e+02
4.189266299999999887e+02 3.704604500000000940e+02
4.174467999999999961e+02 3.679260700000000952e+02
4.163790300000000002e+02 3.651629200000000992e+02
4.157368999999999915e+02 3.622531100000001061e+02
4.155302199999999857e+02 3.592805600000000936e+02
4.157726599999999735e+02 3.563292600000000903e+02
4.164763099999999554e+02 3.534793100000001118e+02
4.176507299999999532e+02 3.508146300000000792e+02
4.193116399999999544e+02 3.484192400000000589e+02
4.214688199999999370e+02 3.463751900000000887e+02
4.241339899999999261e+02 3.447663900000001149e+02
4.273190099999999347e+02 3.436749300000001313e+02
4.304689799999999309e+02 3.428706300000001193e+02
4.334845599999999308e+02 3.427344900000001644e+02
4.363285399999999186e+02 3.431959200000001147e+02
4.389696499999999446e+02 3.441906700000000683e+02
4.413746899999999300e+02 3.456485100000001012e+02
4.435103999999999473e+02 3.475009100000000899e+02
4.453455099999999334e+02 3.496835800000001200e+02
4.468447599999999511e+02 3.521262100000001283e+02
4.487068799999999555e+02 3.575256400000001236e+02
4.490034299999999803e+02 3.603477600000001075e+02
4.488348199999999792e+02 3.631583900000001108e+02
4.481643199999999752e+02 3.658931100000000924e+02
4.469625099999999520e+02 3.684816100000001029e+02
4.451941899999999350e+02 3.708594600000001265e+02
4.428280599999999367e+02 3.729563300000001504e+02
4.404343499999999381e+02 3.746001500000001556e+02
4.377962899999999422e+02 3.758065600000001609e+02
4.349919899999999302e+02 3.765501800000001822e+02
4.320995199999999272e+02 3.767996000000001686e+02
4.320997499999999718e+02 3.767995599999999854e+02
