2.097612399999999866e+02 5.816009199999999737e+02
2.063959399999999960e+02 5.814541600000000017e+02
2.033857500000000016e+02 5.806646700000000010e+02
2.007385999999999910e+02 5.793144700000000284e+02
1.984681499999999801e+02 5.774855400000000145e+02
1.965881199999999751e+02 5.752618899999999940e+02
1.951083299999999667e+02 5.727274700000000394e+02
1.940405099999999550e+02 5.699643200000000434e+02
1.933983899999999494e+02 5.670545099999999366e+02
1.931917099999999436e+02 5.640819599999999809e+02
1.934345199999999352e+02 5.611306500000000597e+02
1.941381799999999487e+02 5.582807000000000244e+02
1.953126299999999560e+02 5.556160200000000486e+02
1.969734999999999445e+02 5.532206700000000410e+02
1.991306799999999555e+02 5.511765900000000329e+02
2.017958899999999574e+02 5.495678199999999833e+02
2.049808699999999533e+02 5.484763700000000881e+02
2.081308499999999526e+02 5.476720700000000761e+02
2.111464299999999525e+02 5.475355600000000322e+02
2.139904099999999403e+02 5.479970100000000457e+02
2.166315199999999379e+02 5.489917700000000877e+02
2.190365699999999265e+02 5.504495300000000952e+02
2.211722699999999122e+02 5.523019799999999577e+02
2.230073699999999235e+02 5.544846499999999878e+02
2.245066299999999160e+02 5.569272699999999077e+02
2.263687599999999236e+02 5.623267100000000482e+02
2.266649199999999098e+02 5.651488200000000006e+02
2.264963199999999119e+02 5.679594500000000608e+02
2.258258199999999078e+02 5.706941699999999855e+02
2.246240299999999195e+02 5.732826700000000528e+02
2.228556899999999246e+02 5.756604800000000068e+02
2.204895499999999231e+02 5.777573899999999867e+02
2.180958699999999340e+02 5.794012099999999919e+02
2.154578099999999381e+02 5.806076199999999972e+02
2.126534899999999482e+02 5.813512000000000626e+02
2.097610499999999547e+02 5.816006199999999353e+02
2.097612399999999866e+02 5.816009199999999737e+02
