6.979666300000000092e+02 5.421212199999999939e+02
6.946013199999999870e+02 5.419744600000000219e+02
6.915911300000000210e+02 5.411849700000000212e+02
6.889439899999999852e+02 5.398347400000000107e+02
6.866735300000000279e+02 5.380058000000000220e+02
6.847934999999999945e+02 5.357821400000000267e+02
6.833136700000000019e+02 5.332477300000000469e+02
6.822458900000000313e+02 5.304845800000000509e+02
6.816037700000000541e+02 5.275747800000000325e+02
6.813970900000000483e+02 5.246022199999999884e+02
6.816395400000000109e+02 5.216509100000000672e+02
6.823431799999999612e+02 5.188009600000000319e+02
6.835176299999999401e+02 5.161363200000000688e+02
6.851784999999999854e+02 5.137409300000000485e+02
6.873356899999999996e+02 5.116968500000000404e+02
6.900008900000000267e+02 5.100880800000000477e+02
6.931858899999999721e+02 5.089966300000000388e+02
6.963358499999999367e+02 5.081923200000000520e+02
6.993514299999999366e+02 5.080561900000000719e+02
7.021954099999999244e+02 5.085176500000000601e+02
7.048365199999999504e+02 5.095124000000000706e+02
7.072415599999999358e+02 5.109701300000000970e+02
7.093772699999999531e+02 5.128226100000001679e+02
7.112123699999999644e+02 5.150052800000000843e+02
7.127116399999999885e+02 5.174478600000001052e+02
7.145737599999999929e+02 5.228473000000001321e+02
7.148703000000000429e+02 5.256694200000001729e+02
7.147017000000000735e+02 5.284800500000001193e+02
7.140311600000001135e+02 5.312147700000000441e+02
7.128293700000001536e+02 5.338032700000001114e+02
7.110610300000001871e+02 5.361811200000001918e+02
7.086949300000002268e+02 5.382780200000001969e+02
7.063012200000001712e+02 5.399218200000001389e+02
7.036631600000001754e+02 5.411282200000000557e+02
7.008588300000001254e+02 5.418718500000001086e+02
6.979664000000001352e+02 5.421212600000001203e+02
6.979666300000000092e+02 5.421212199999999939e+02
