2.192933199999999943e+02 6.226330600000000004e+02
2.159280300000000068e+02 6.224863100000000031e+02
2.129178699999999935e+02 6.216968200000000024e+02
2.102706900000000019e+02 6.203465800000000172e+02
2.080002200000000130e+02 6.185176400000000285e+02
2.061202000000000112e+02 6.162939900000000080e+02
2.046404100000000028e+02 6.137595999999999776e+02
2.035725999999999942e+02 6.109964600000000701e+02
2.029305200000000013e+02 6.080866200000000390e+02
2.027238299999999924e+02 6.051140599999999949e+02
2.029662699999999802e+02 6.021627899999999727e+02
2.036698899999999810e+02 5.993128099999998994e+02
2.048443299999999851e+02 5.966481699999999364e+02
2.065052099999999768e+02 5.942527699999999413e+02
2.086623799999999846e+02 5.922087199999998575e+02
2.113275999999999897e+02 5.905999599999998964e+02
2.145125899999999888e+02 5.895085099999998874e+02
2.176625899999999945e+02 5.887041599999998880e+02
2.206781399999999849e+02 5.885680399999998826e+02
2.235221199999999726e+02 5.890294899999998961e+02
2.261632599999999798e+02 5.900242399999999634e+02
2.285682699999999841e+02 5.914820099999999456e+02
2.307039699999999698e+02 5.933344499999998334e+02
2.325390799999999558e+02 5.955171199999998635e+02
2.340383699999999578e+02 5.979597099999998591e+02
2.359004599999999527e+02 6.033591799999999239e+02
2.361969999999999459e+02 6.061812599999998383e+02
2.360283999999999480e+02 6.089919199999999364e+02
2.353578999999999439e+02 6.117266499999999496e+02
2.341561099999999556e+02 6.143151399999999285e+02
2.323877699999999606e+02 6.166929699999999457e+02
2.300216299999999592e+02 6.187898599999998623e+02
2.276279499999999700e+02 6.204336599999999180e+02
2.249898999999999774e+02 6.216400599999999486e+02
2.221855699999999842e+02 6.223836899999998877e+02
2.192931299999999908e+02 6.226330999999998994e+02
2.192933199999999943e+02 6.226330600000000004e+02
