5.720817200000000184e+02 3.035977100000000064e+02
5.687164099999999962e+02 3.034509500000000344e+02
5.657062700000000177e+02 3.026614600000000337e+02
5.630590899999999692e+02 3.013112200000000485e+02
5.607886199999999235e+02 2.994822800000000598e+02
5.589085999999999785e+02 2.972586600000000772e+02
5.574288099999999986e+02 2.947243000000000848e+02
5.563609900000000152e+02 2.919611400000001140e+02
5.557188999999999623e+02 2.890513000000000829e+02
5.555122299999999314e+02 2.860787100000001146e+02
5.557550499999999829e+02 2.831275000000001683e+02
5.564587000000000216e+02 2.802775400000001582e+02
5.576331099999999878e+02 2.776128600000001825e+02
5.592940199999999322e+02 2.752174200000001747e+02
5.614511999999999716e+02 2.731733600000002298e+02
5.641163799999999355e+02 2.715646600000002309e+02
5.673013999999999442e+02 2.704732000000002472e+02
5.704513699999999972e+02 2.696688500000002477e+02
5.734669000000000096e+02 2.695327500000001919e+02
5.763108899999999721e+02 2.699941300000001547e+02
5.789520400000000109e+02 2.709889500000001590e+02
5.813570799999999963e+02 2.724467300000001160e+02
5.834927500000000009e+02 2.742991600000001426e+02
5.853278500000000122e+02 2.764818000000001348e+02
5.868271499999999605e+02 2.789244400000001178e+02
5.886892299999999523e+02 2.843239000000000942e+02
5.889857799999999770e+02 2.871459600000000592e+02
5.888171700000000328e+02 2.899566200000000435e+02
5.881466700000000856e+02 2.926913600000000315e+02
5.869448500000000877e+02 2.952798200000000861e+02
5.851765400000000454e+02 2.976577200000000403e+02
5.828104000000000724e+02 2.997545200000000705e+02
5.804166900000000169e+02 3.013983500000000504e+02
5.777786700000000337e+02 3.026047500000000809e+02
5.749743399999999838e+02 3.033483400000001211e+02
5.720818699999999808e+02 3.035977500000001328e+02
5.720817200000000184e+02 3.035977100000000064e+02
