3.153826399999999808e+02 5.373249200000000201e+02
3.120173299999999585e+02 5.371781600000000481e+02
3.090071499999999673e+02 5.363886700000000474e+02
3.063600099999999884e+02 5.350384500000000116e+02
3.040895399999999995e+02 5.332095100000001366e+02
3.022095100000000230e+02 5.309858500000000276e+02
3.007296900000000051e+02 5.284514300000000731e+02
2.996619099999999776e+02 5.256883200000000897e+02
2.990197799999999688e+02 5.227784800000001724e+02
2.988131099999999947e+02 5.198059200000001283e+02
2.990559299999999894e+02 5.168546500000001060e+02
2.997595699999999965e+02 5.140046800000001213e+02
3.009340300000000070e+02 5.113400300000001266e+02
3.025948900000000208e+02 5.089446400000001063e+02
3.047520800000000349e+02 5.069006000000001109e+02
3.074172900000000368e+02 5.052918200000000866e+02
3.106022800000000643e+02 5.042003800000001092e+02
3.137522800000000416e+02 5.033960400000000845e+02
3.167678200000000288e+02 5.032599000000000729e+02
3.196118000000000166e+02 5.037213600000000611e+02
3.222529499999999985e+02 5.047161200000000463e+02
3.246579499999999712e+02 5.061738800000000538e+02
3.267936699999999632e+02 5.080263200000000552e+02
3.286287699999999745e+02 5.102089900000000284e+02
3.301280699999999797e+02 5.126515799999999672e+02
3.319901499999999714e+02 5.180510500000000320e+02
3.322863199999999892e+02 5.208731300000000601e+02
3.321177099999999882e+02 5.236837900000000445e+02
3.314472099999999841e+02 5.264185099999999693e+02
3.302453899999999862e+02 5.290070100000000366e+02
3.284770800000000008e+02 5.313848199999999906e+02
3.261109799999999836e+02 5.334817299999999705e+02
3.237172699999999850e+02 5.351255200000000514e+02
3.210792099999999891e+02 5.363319300000000567e+02
3.182748799999999960e+02 5.370755500000000211e+02
3.153824500000000057e+02 5.373249700000001212e+02
3.153826399999999808e+02 5.373249200000000201e+02
