2.278035900000000140e+02 6.670943700000000263e+02
2.244382800000000202e+02 6.669476099999999406e+02
2.214280900000000258e+02 6.661581200000000536e+02
2.187809500000000185e+02 6.648079000000000178e+02
2.165104900000000043e+02 6.629789899999999534e+02
2.146304599999999994e+02 6.607553000000000338e+02
2.131506400000000099e+02 6.582209199999999782e+02
2.120828600000000108e+02 6.554577699999999822e+02
2.114407300000000021e+02 6.525479699999999639e+02
2.112340599999999995e+02 6.495753799999999956e+02
2.114764999999999873e+02 6.466240999999999985e+02
2.121801399999999944e+02 6.437741200000000390e+02
2.133545599999999922e+02 6.411094699999999875e+02
2.150154699999999934e+02 6.387140799999999672e+02
2.171726500000000044e+02 6.366700399999999718e+02
2.198378600000000063e+02 6.350612700000000359e+02
2.230228500000000054e+02 6.339698200000000270e+02
2.261728200000000015e+02 6.331654800000000023e+02
2.291883899999999983e+02 6.330293500000000222e+02
2.320323699999999860e+02 6.334908000000000357e+02
2.346734899999999868e+02 6.344855600000000777e+02
2.370785199999999975e+02 6.359433200000000852e+02
2.392142399999999895e+02 6.377957700000000614e+02
2.410493400000000008e+02 6.399784400000000915e+02
2.425485999999999933e+02 6.424210199999999986e+02
2.444107199999999978e+02 6.478205000000000382e+02
2.447072599999999909e+02 6.506426200000000790e+02
2.445386599999999930e+02 6.534532400000000507e+02
2.438681599999999889e+02 6.561879600000000892e+02
2.426663399999999911e+02 6.587764600000000428e+02
2.408980299999999772e+02 6.611543100000001232e+02
2.385318899999999758e+02 6.632511800000000903e+02
2.361381799999999771e+02 6.648950100000000702e+02
2.335001199999999812e+02 6.661014200000000756e+02
2.306958299999999724e+02 6.668450000000001410e+02
2.278033599999999694e+02 6.670944200000001274e+02
2.278035900000000140e+02 6.670943700000000263e+02
