5.295517300000000205e+02 2.890373100000000477e+02
5.261864199999999983e+02 2.888908600000000888e+02
5.231762700000000450e+02 2.881013400000000502e+02
5.205290800000000218e+02 2.867511000000000649e+02
5.182586200000000645e+02 2.849221300000000383e+02
5.163785900000000311e+02 2.826985400000000936e+02
5.148988000000000511e+02 2.801641700000001265e+02
5.138310000000000173e+02 2.774010200000001305e+02
5.131889099999999644e+02 2.744911700000001247e+02
5.129822199999999839e+02 2.715185900000001311e+02
5.132250500000000102e+02 2.685673800000001847e+02
5.139287000000000489e+02 2.657173100000002250e+02
5.151031100000000151e+02 2.630527400000001990e+02
5.167640199999999595e+02 2.606574000000001661e+02
5.189211999999999989e+02 2.586132400000001326e+02
5.215863699999999881e+02 2.570045400000001337e+02
5.247713999999999714e+02 2.559130700000001752e+02
5.279213599999999360e+02 2.551087300000001505e+02
5.309369099999998980e+02 2.549725200000001450e+02
5.337808899999998857e+02 2.554340100000001712e+02
5.364220299999998360e+02 2.564288300000001755e+02
5.388270799999997962e+02 2.578865000000001828e+02
5.409627499999998008e+02 2.597390300000001844e+02
5.427978599999997869e+02 2.619216800000001513e+02
5.442971499999997604e+02 2.643643100000001596e+02
5.461592299999997522e+02 2.697636700000001611e+02
5.464553999999997131e+02 2.725858300000002146e+02
5.462867899999997690e+02 2.753964900000001990e+02
5.456162899999998217e+02 2.781312300000001869e+02
5.444144699999998238e+02 2.807196900000002415e+02
5.426461599999997816e+02 2.830974900000002208e+02
5.402800199999998085e+02 2.851944400000002133e+02
5.378863099999997530e+02 2.868382600000002185e+02
5.352482599999997319e+02 2.880446100000002616e+02
5.324439599999997199e+02 2.887882200000002513e+02
5.295514899999997169e+02 2.890376100000001998e+02
5.295517300000000205e+02 2.890373100000000477e+02
