3.555768299999999726e+02 5.490727099999999155e+02
3.522115299999999820e+02 5.489259600000000319e+02
3.492013299999999845e+02 5.481364699999999175e+02
3.465541999999999803e+02 5.467862299999999323e+02
3.442837299999999914e+02 5.449572900000000573e+02
3.424037099999999896e+02 5.427336399999999230e+02
3.409239200000000096e+02 5.401992199999999684e+02
3.398561000000000263e+02 5.374361099999999851e+02
3.392140200000000050e+02 5.345262700000000677e+02
3.390073399999999992e+02 5.315537199999999984e+02
3.392497799999999870e+02 5.286024400000000014e+02
3.399533900000000131e+02 5.257524599999999282e+02
3.411278399999999920e+02 5.230878199999999651e+02
3.427887499999999932e+02 5.206924299999999448e+02
3.449458900000000199e+02 5.186483899999999494e+02
3.476111000000000217e+02 5.170395699999999124e+02
3.507960800000000177e+02 5.159481599999999162e+02
3.539461000000000013e+02 5.151438200000000052e+02
3.569616399999999885e+02 5.150076899999999114e+02
3.598056199999999762e+02 5.154691399999999248e+02
3.624467699999999581e+02 5.164639099999999416e+02
3.648518099999999436e+02 5.179216699999999491e+02
3.669874799999999482e+02 5.197741000000000895e+02
3.688225799999999595e+02 5.219567700000000059e+02
3.703218799999999646e+02 5.243993600000000015e+02
3.721839699999999880e+02 5.297988299999999526e+02
3.724805000000000064e+02 5.326209200000000692e+02
3.723119100000000117e+02 5.354315500000000156e+02
3.716414100000000076e+02 5.381662699999999404e+02
3.704395800000000349e+02 5.407547700000000077e+02
3.686712400000000116e+02 5.431326200000000881e+02
3.663051399999999944e+02 5.452295200000000932e+02
3.639114299999999957e+02 5.468733100000000604e+02
3.612733599999999683e+02 5.480797200000000657e+02
3.584690399999999499e+02 5.488233400000001438e+02
3.555766099999999597e+02 5.490727500000000418e+02
3.555768299999999726e+02 5.490727099999999155e+02
