5.057551500000000146e+02 7.171067900000000463e+02
5.023898599999999988e+02 7.169600399999999354e+02
4.993797000000000139e+02 7.161704999999999472e+02
4.967325200000000223e+02 7.148203100000000632e+02
4.944620500000000334e+02 7.129913699999999608e+02
4.925820400000000063e+02 7.107677100000000792e+02
4.911022399999999948e+02 7.082332999999999856e+02
4.900344699999999989e+02 7.054701499999999896e+02
4.893923500000000217e+02 7.025603499999999713e+02
4.891856600000000412e+02 6.995877900000000409e+02
4.894284800000000359e+02 6.966364900000000944e+02
4.901321300000000178e+02 6.937865400000000591e+02
4.913065500000000156e+02 6.911218599999999697e+02
4.929674600000000169e+02 6.887264700000000630e+02
4.951246399999999994e+02 6.866824300000000676e+02
4.977898099999999886e+02 6.850736600000000180e+02
5.009748299999999972e+02 6.839822000000000344e+02
5.041247999999999934e+02 6.831779000000000224e+02
5.071403399999999806e+02 6.830417600000000675e+02
5.099843199999999683e+02 6.835031900000000178e+02
5.126254699999999502e+02 6.844979500000000598e+02
5.150305099999999356e+02 6.859557500000000800e+02
5.171661899999999150e+02 6.878081400000000940e+02
5.190012899999999263e+02 6.899908100000000104e+02
5.205005799999998999e+02 6.924334400000000187e+02
5.223626999999999043e+02 6.978328700000000708e+02
5.226588699999998653e+02 7.006549899999999980e+02
5.224902699999998958e+02 7.034656200000000581e+02
5.218197699999999486e+02 7.062003500000000713e+02
5.206179899999999634e+02 7.087888400000000502e+02
5.188496399999999085e+02 7.111667000000001053e+02
5.164834999999999354e+02 7.132636000000001104e+02
5.140897899999998799e+02 7.149073900000000776e+02
5.114517699999998968e+02 7.161138000000000829e+02
5.086474299999998721e+02 7.168574200000000474e+02
5.057549599999998691e+02 7.171068300000000590e+02
5.057551500000000146e+02 7.171067900000000463e+02
