6.597589000000000397e+02 5.254383500000000140e+02
6.563935700000000679e+02 5.252915900000000420e+02
6.533834200000001147e+02 5.245021000000000413e+02
6.507362300000000914e+02 5.231518600000000561e+02
6.484657700000001341e+02 5.213229200000000674e+02
6.465857500000001892e+02 5.190992700000000468e+02
6.451059600000002092e+02 5.165648499999999785e+02
6.440381800000002386e+02 5.138017099999999573e+02
6.433960600000002614e+02 5.108919000000000210e+02
6.431893800000002557e+02 5.079193500000000085e+02
6.434321900000002188e+02 5.049680799999999863e+02
6.441358500000002323e+02 5.021180899999999951e+02
6.453102600000001985e+02 4.994534499999999753e+02
6.469711700000001429e+02 4.970580599999999549e+02
6.491283500000001823e+02 4.950140199999999595e+02
6.517935600000001841e+02 4.934052099999999541e+02
6.549785400000001800e+02 4.923137599999999452e+02
6.581285200000002078e+02 4.915094499999999584e+02
6.611440600000001950e+02 4.913733199999999783e+02
6.639880400000001828e+02 4.918347799999999665e+02
6.666291900000002215e+02 4.928295299999999770e+02
6.690342300000002069e+02 4.942872999999999593e+02
6.711699000000002115e+02 4.961397399999999607e+02
6.730050000000002228e+02 4.983224099999999339e+02
6.745042900000001964e+02 5.007649899999999548e+02
6.763664200000001756e+02 5.061644699999999375e+02
6.766625800000001618e+02 5.089865499999999656e+02
6.764939900000001671e+02 5.117971799999999689e+02
6.758234800000001314e+02 5.145318999999999505e+02
6.746217000000001462e+02 5.171204000000000178e+02
6.728533600000001798e+02 5.194982499999999845e+02
6.704872200000002067e+02 5.215951499999999896e+02
6.680935400000001891e+02 5.232389399999999569e+02
6.654554800000001933e+02 5.244453499999999622e+02
6.626511500000001433e+02 5.251889700000000403e+02
6.597587100000001783e+02 5.254383800000000520e+02
6.597589000000000397e+02 5.254383500000000140e+02
