4.433976799999999798e+02 7.765719729999999572e+02
4.400324099999999703e+02 7.764252159999999776e+02
4.370222299999999791e+02 7.756357239999999820e+02
4.343750799999999685e+02 7.742855399999999690e+02
4.321045799999999417e+02 7.724565969999999879e+02
4.302245599999999399e+02 7.702329449999999724e+02
4.287447699999999600e+02 7.676985180000000355e+02
4.276769499999999766e+02 7.649353780000000143e+02
4.270348599999999806e+02 7.620255700000000161e+02
4.268281799999999748e+02 7.590530200000000605e+02
4.270706299999999942e+02 7.561017000000000507e+02
4.277742700000000013e+02 7.532517700000000787e+02
4.289486899999999991e+02 7.505870899999999892e+02
4.306096000000000004e+02 7.481916999999999689e+02
4.327667799999999829e+02 7.461476499999999987e+02
4.354319600000000037e+02 7.445388699999999744e+02
4.386169800000000123e+02 7.434474300000000540e+02
4.417669500000000085e+02 7.426430900000000292e+02
4.447824800000000209e+02 7.425069499999999607e+02
4.476265099999999961e+02 7.429684100000000626e+02
4.502676200000000222e+02 7.439631699999999910e+02
4.526726600000000076e+02 7.454209299999999985e+02
4.548083700000000249e+02 7.472733699999999999e+02
4.566434700000000362e+02 7.494560400000000300e+02
4.581427300000000287e+02 7.518986700000000383e+02
4.600048500000000331e+02 7.572980999999999767e+02
4.603014000000000578e+02 7.601202200000000175e+02
4.601327900000000568e+02 7.629308499999999640e+02
4.594622900000000527e+02 7.656655680000000075e+02
4.582604700000000548e+02 7.682540679999999611e+02
4.564921300000000315e+02 7.706319160000000466e+02
4.541260200000000395e+02 7.727288240000000314e+02
4.517323100000000409e+02 7.743726080000000138e+02
4.490942500000000450e+02 7.755790190000000166e+02
4.462899200000000519e+02 7.763225989999999683e+02
4.433974500000000489e+02 7.765720189999999548e+02
4.433976799999999798e+02 7.765719729999999572e+02
