7.235454200000000355e+02 4.666105699999999956e+02
7.201801100000000133e+02 4.664638100000000236e+02
7.171699499999999716e+02 4.656743200000000229e+02
7.145228099999999358e+02 4.643240900000000124e+02
7.122523099999999658e+02 4.624951800000000048e+02
7.103723299999999199e+02 4.602715299999999843e+02
7.088925399999999399e+02 4.577371099999999728e+02
7.078247199999999566e+02 4.549739599999999768e+02
7.071826399999999921e+02 4.520641299999999774e+02
7.069759599999999864e+02 4.490915799999999649e+02
7.072187699999999495e+02 4.461402999999999679e+02
7.079223899999999503e+02 4.432903199999999515e+02
7.090968399999999292e+02 4.406256799999999316e+02
7.107577099999999746e+02 4.382302899999999113e+02
7.129148500000000013e+02 4.361862499999999159e+02
7.155801000000000158e+02 4.345774699999998916e+02
7.187651200000000244e+02 4.334860199999998827e+02
7.219150200000000268e+02 4.326816799999998580e+02
7.249306000000000267e+02 4.325455499999998779e+02
7.277745400000000018e+02 4.330069999999998913e+02
7.304156900000000405e+02 4.340017699999999081e+02
7.328207700000000386e+02 4.354595299999999156e+02
7.349564400000000433e+02 4.373119599999999423e+02
7.367915800000000672e+02 4.394946299999999155e+02
7.382907900000000154e+02 4.419372599999999238e+02
7.401529600000000073e+02 4.473366899999999191e+02
7.404491199999999935e+02 4.501588099999999031e+02
7.402805299999999988e+02 4.529694399999999064e+02
7.396099799999999505e+02 4.557041499999999132e+02
7.384081999999999653e+02 4.582926599999998984e+02
7.366399000000000115e+02 4.606705099999999220e+02
7.342737600000000384e+02 4.627674099999999271e+02
7.318800800000000208e+02 4.644112099999999259e+02
7.292420200000000250e+02 4.656176099999998996e+02
7.264377200000000130e+02 4.663611999999998829e+02
7.235452199999999721e+02 4.666106099999998946e+02
7.235454200000000355e+02 4.666105699999999956e+02
