4.738210599999999886e+02 7.452817400000000134e+02
4.704557699999999727e+02 7.451349900000000162e+02
4.674455699999999752e+02 7.443454900000000407e+02
4.647984299999999962e+02 7.429952600000000302e+02
4.625279600000000073e+02 7.411663200000000415e+02
4.606479400000000055e+02 7.389426799999999957e+02
4.591681100000000129e+02 7.364082499999999527e+02
4.581003400000000170e+02 7.336451500000000578e+02
4.574582200000000398e+02 7.307353000000000520e+02
4.572515300000000593e+02 7.277627499999999827e+02
4.574943500000000540e+02 7.248114399999999478e+02
4.581980100000000675e+02 7.219614899999999125e+02
4.593724600000000464e+02 7.192968099999999367e+02
4.610333300000000349e+02 7.169014599999999291e+02
4.631905000000000427e+02 7.148573799999999210e+02
4.658557200000000194e+02 7.132486099999999851e+02
4.690407000000000153e+02 7.121571599999999762e+02
4.721906700000000114e+02 7.113528599999999642e+02
4.752062500000000114e+02 7.112167199999998957e+02
4.780502299999999991e+02 7.116781399999999849e+02
4.806913400000000252e+02 7.126729399999999259e+02
4.830963900000000422e+02 7.141306999999999334e+02
4.852320900000000279e+02 7.159830999999999221e+02
4.870672000000000139e+02 7.181657799999999270e+02
4.885664500000000317e+02 7.206083999999999605e+02
4.904285800000000108e+02 7.260078299999998990e+02
4.907247399999999971e+02 7.288299499999999398e+02
4.905561399999999708e+02 7.316405699999999115e+02
4.898856799999999794e+02 7.343752999999999247e+02
4.886838500000000067e+02 7.369637900000000172e+02
4.869155099999999834e+02 7.393416499999999587e+02
4.845494099999999662e+02 7.414385599999999386e+02
4.821556899999999928e+02 7.430823399999999310e+02
4.795176399999999717e+02 7.442887499999999363e+02
4.767133099999999786e+02 7.450323699999999008e+02
4.738208699999999567e+02 7.452817799999999124e+02
4.738210599999999886e+02 7.452817400000000134e+02
