7.414917299999999614e+02 5.536137300000000323e+02
7.381268099999999777e+02 5.534590699999999970e+02
7.351184899999999516e+02 5.526625000000000227e+02
7.324744999999999209e+02 5.513060700000000907e+02
7.302083499999998821e+02 5.494717900000000554e+02
7.283335299999998824e+02 5.472437500000000909e+02
7.268596899999998868e+02 5.447058700000000044e+02
7.257983699999998635e+02 5.419402400000001307e+02
7.251630699999998342e+02 5.390289200000000847e+02
7.249635799999998653e+02 5.360559000000000651e+02
7.252131899999998268e+02 5.331051800000000185e+02
7.259235499999998638e+02 5.302568400000000111e+02
7.271042299999999159e+02 5.275949700000001030e+02
7.287707199999998693e+02 5.252034800000001269e+02
7.309327099999998154e+02 5.231644900000001144e+02
7.336016799999997602e+02 5.215619800000000623e+02
7.367892399999997224e+02 5.204780100000000402e+02
7.399410699999997405e+02 5.196811000000000149e+02
7.429569699999997283e+02 5.195517800000000079e+02
7.457998299999997016e+02 5.200198700000000827e+02
7.484386299999996481e+02 5.210208300000000463e+02
7.508402599999996028e+02 5.224842499999999745e+02
7.529715799999995625e+02 5.243416899999999714e+02
7.548015599999995402e+02 5.265286399999999958e+02
7.562950999999995929e+02 5.289747700000000350e+02
7.581445299999995768e+02 5.343786000000000058e+02
7.584342599999995400e+02 5.372013800000000856e+02
7.582592399999995223e+02 5.400116100000000188e+02
7.575823399999994763e+02 5.427447600000000421e+02
7.563744299999995064e+02 5.453304200000001174e+02
7.546005099999995309e+02 5.477041100000001279e+02
7.522294599999995626e+02 5.497954600000000482e+02
7.498319399999995767e+02 5.514336000000000695e+02
7.471910599999995384e+02 5.526338500000001659e+02
7.443849699999994982e+02 5.533708600000001070e+02
7.414919599999994944e+02 5.536134600000000319e+02
7.414917299999999614e+02 5.536137300000000323e+02
