6.915323600000000397e+02 4.969323600000000170e+02
6.881670900000000302e+02 4.967856000000000449e+02
6.851569100000000390e+02 4.959961100000000442e+02
6.825097299999999905e+02 4.946458900000000654e+02
6.802392599999999447e+02 4.928169400000000451e+02
6.783592399999999998e+02 4.905932900000000245e+02
6.768794500000000198e+02 4.880588700000000131e+02
6.758116400000000112e+02 4.852957200000000171e+02
6.751695399999999836e+02 4.823859199999999987e+02
6.749628699999999526e+02 4.794133600000000115e+02
6.752056900000000041e+02 4.764620899999999892e+02
6.759093400000000429e+02 4.736121200000000044e+02
6.770837500000000091e+02 4.709474700000000098e+02
6.787446599999999535e+02 4.685520900000000211e+02
6.809018399999999929e+02 4.665080399999999941e+02
6.835670199999999568e+02 4.648992299999999886e+02
6.867520399999999654e+02 4.638077799999999797e+02
6.899020100000000184e+02 4.630034799999999677e+02
6.929175400000000309e+02 4.628673399999999560e+02
6.957615700000000061e+02 4.633287999999999442e+02
6.984026800000000321e+02 4.643235599999999295e+02
7.008077200000000175e+02 4.657813199999999370e+02
7.029434300000000349e+02 4.676337599999999384e+02
7.047784900000000334e+02 4.698164299999999116e+02
7.062777899999999818e+02 4.722590199999999072e+02
7.081398799999999483e+02 4.776584899999999152e+02
7.084364199999999983e+02 4.804805699999999433e+02
7.082678100000000541e+02 4.832911999999999466e+02
7.075973900000000185e+02 4.860259199999999282e+02
7.063955300000000079e+02 4.886144199999999387e+02
7.046272199999999657e+02 4.909922699999999622e+02
7.022610799999999927e+02 4.930891799999999421e+02
6.998674099999999498e+02 4.947329599999999346e+02
6.972293499999999540e+02 4.959393699999999399e+02
6.944250199999999040e+02 4.966829899999999611e+02
6.915325499999999010e+02 4.969324099999999476e+02
6.915323600000000397e+02 4.969323600000000170e+02
