4.104484400000000051e+02 8.060015929999999571e+02
4.070831299999999828e+02 8.058548359999999775e+02
4.040729900000000043e+02 8.050653439999999819e+02
4.014257999999999811e+02 8.037151089999999840e+02
3.991553399999999669e+02 8.018861670000000004e+02
3.972753099999999904e+02 7.996625149999999849e+02
3.957955200000000104e+02 7.971281010000000151e+02
3.947277200000000335e+02 7.943649550000000090e+02
3.940856200000000058e+02 7.914551510000000007e+02
3.938789400000000001e+02 7.884825869999999668e+02
3.941213900000000194e+02 7.855312820000000329e+02
3.948250400000000013e+02 7.826813349999999900e+02
3.959994500000000244e+02 7.800166940000000295e+02
3.976603600000000256e+02 7.776213040000000092e+02
3.998175400000000081e+02 7.755772240000000011e+02
4.024827099999999973e+02 7.739684509999999591e+02
4.056677399999999807e+02 7.728770049999999401e+02
4.088177000000000021e+02 7.720726939999999558e+02
4.118332399999999893e+02 7.719365669999999682e+02
4.146772300000000087e+02 7.723980229999999665e+02
4.173183700000000158e+02 7.733927439999999933e+02
4.197234200000000328e+02 7.748505440000000135e+02
4.218590900000000374e+02 7.767029780000000301e+02
4.236941900000000487e+02 7.788856200000000172e+02
4.251934900000000539e+02 7.813282349999999497e+02
4.270556100000000583e+02 7.867276679999999942e+02
4.273521500000000515e+02 7.895497890000000325e+02
4.271835500000000252e+02 7.923604239999999663e+02
4.265130500000000211e+02 7.950951450000000023e+02
4.253112300000000232e+02 7.976836439999999584e+02
4.235428800000000251e+02 8.000614960000000337e+02
4.211767800000000079e+02 8.021583940000000439e+02
4.187830700000000093e+02 8.038021880000000010e+02
4.161450100000000134e+02 8.050085890000000290e+02
4.133407200000000330e+02 8.057522199999999657e+02
4.104482500000000300e+02 8.060016299999999774e+02
4.104484400000000051e+02 8.060015929999999571e+02
