5.689211999999999989e+02 6.597247700000000350e+02
5.655558899999999767e+02 6.595780099999999493e+02
5.625457000000000107e+02 6.587884900000000243e+02
5.598985500000000002e+02 6.574383000000000266e+02
5.576281000000000176e+02 6.556093600000000379e+02
5.557480699999999842e+02 6.533857000000000426e+02
5.542682399999999916e+02 6.508512799999999743e+02
5.532004600000000210e+02 6.480881699999999910e+02
5.525583800000000565e+02 6.451783399999999347e+02
5.523517000000000507e+02 6.422057800000000043e+02
5.525945200000001023e+02 6.392544800000000578e+02
5.532981300000001283e+02 6.364045399999999972e+02
5.544725800000001072e+02 6.337398499999999331e+02
5.561334500000001526e+02 6.313444999999999254e+02
5.582906300000001920e+02 6.293004599999999300e+02
5.609558400000001939e+02 6.276916499999999814e+02
5.641408300000001645e+02 6.266001999999999725e+02
5.672908400000001166e+02 6.257958899999999858e+02
5.703063800000001038e+02 6.256597600000000057e+02
5.731503600000000915e+02 6.261212199999999939e+02
5.757915100000001303e+02 6.271159399999999096e+02
5.781965100000001030e+02 6.285737399999999298e+02
5.803322200000001203e+02 6.304261399999999185e+02
5.821673200000001316e+02 6.326088099999999486e+02
5.836665800000001809e+02 6.350514299999999821e+02
5.855287000000001854e+02 6.404508999999999332e+02
5.858248700000001463e+02 6.432729799999999614e+02
5.856562700000001769e+02 6.460835999999999331e+02
5.849857600000001412e+02 6.488183199999999715e+02
5.837839500000001181e+02 6.514068199999999251e+02
5.820156400000000758e+02 6.537846799999999803e+02
5.796495000000001028e+02 6.558815799999999854e+02
5.772557900000000473e+02 6.575253699999999526e+02
5.746177300000000514e+02 6.587317799999999579e+02
5.718134400000000142e+02 6.594754000000000360e+02
5.689209700000000112e+02 6.597248199999999088e+02
5.689211999999999989e+02 6.597247700000000350e+02
