3.782627800000000207e+02 8.368552019999999629e+02
3.748974900000000048e+02 8.367084449999999833e+02
3.718872900000000072e+02 8.359189629999999624e+02
3.692401500000000283e+02 8.345687279999999646e+02
3.669696800000000394e+02 8.327398269999999911e+02
3.650896700000000124e+02 8.305161339999999655e+02
3.636098299999999881e+02 8.279817100000000210e+02
3.625420599999999922e+02 8.252186040000000276e+02
3.618999799999999709e+02 8.223087600000000066e+02
3.616932899999999904e+02 8.193362070000000585e+02
3.619357299999999782e+02 8.163849410000000262e+02
3.626393499999999790e+02 8.135349539999999706e+02
3.638137999999999579e+02 8.108703130000000101e+02
3.654747099999999591e+02 8.084749229999999898e+02
3.676318499999999858e+02 8.064308720000000221e+02
3.702970599999999877e+02 8.048220999999999776e+02
3.734820399999999836e+02 8.037306529999999611e+02
3.766320499999999925e+02 8.029263129999999364e+02
3.796475899999999797e+02 8.027901759999999740e+02
3.824915799999999990e+02 8.032516419999999471e+02
3.851326799999999935e+02 8.042463920000000144e+02
3.875377699999999663e+02 8.057041540000000168e+02
3.896734299999999394e+02 8.075565970000000107e+02
3.915085399999999254e+02 8.097392690000000357e+02
3.930077899999999431e+02 8.121818530000000464e+02
3.948699199999999223e+02 8.175813269999999875e+02
3.951664599999999155e+02 8.204034080000000131e+02
3.949978599999998892e+02 8.232140719999999874e+02
3.943273599999998851e+02 8.259487940000000208e+02
3.931255299999999124e+02 8.285372919999999795e+02
3.913572299999999018e+02 8.309151050000000396e+02
3.889910899999999288e+02 8.330120130000000245e+02
3.865974199999999428e+02 8.346557970000000068e+02
3.839593199999999342e+02 8.358622080000000096e+02
3.811550299999999538e+02 8.366058289999999715e+02
3.782625599999999508e+02 8.368552489999999580e+02
3.782627800000000207e+02 8.368552019999999629e+02
