3.993490699999999833e+02 7.619829099999999471e+02
3.959837999999999738e+02 7.618361499999999751e+02
3.929736199999999826e+02 7.610466699999999491e+02
3.903264399999999910e+02 7.596964299999999639e+02
3.880559700000000021e+02 7.578674899999999752e+02
3.861759500000000003e+02 7.556438399999999547e+02
3.846961600000000203e+02 7.531094600000000128e+02
3.836283400000000370e+02 7.503463100000000168e+02
3.829862600000000157e+02 7.474364600000000110e+02
3.827795800000000099e+02 7.444639099999999416e+02
3.830224000000000046e+02 7.415126500000000078e+02
3.837260499999999865e+02 7.386626599999999598e+02
3.849004600000000096e+02 7.359980199999999968e+02
3.865613799999999856e+02 7.336026299999999765e+02
3.887185499999999934e+02 7.315585800000000063e+02
3.913837300000000141e+02 7.299498100000000704e+02
3.945687500000000227e+02 7.288583599999999478e+02
3.977187200000000189e+02 7.280540200000000368e+02
4.007342500000000314e+02 7.279178899999999430e+02
4.035782400000000507e+02 7.283793499999999312e+02
4.062193900000000326e+02 7.293740999999999985e+02
4.086244300000000180e+02 7.308318600000000060e+02
4.107601400000000353e+02 7.326843099999999822e+02
4.125952000000000339e+02 7.348669800000000123e+02
4.140945000000000391e+02 7.373095600000000331e+02
4.159565900000000624e+02 7.427090399999999590e+02
4.162531300000000556e+02 7.455311199999999872e+02
4.160845200000000546e+02 7.483417799999999716e+02
4.154140600000000632e+02 7.510765000000000100e+02
4.142122400000000653e+02 7.536649999999999636e+02
4.124439000000000419e+02 7.560428200000000061e+02
4.100777900000000500e+02 7.581397200000000112e+02
4.076840800000000513e+02 7.597835099999999784e+02
4.050460200000000555e+02 7.609899199999999837e+02
4.022416900000000624e+02 7.617335399999999481e+02
3.993492600000000721e+02 7.619829600000000482e+02
3.993490699999999833e+02 7.619829099999999471e+02
