5.287800099999999475e+02 6.445703599999999369e+02
5.254146999999999252e+02 6.444235999999999649e+02
5.224045499999999720e+02 6.436341099999999642e+02
5.197573599999999487e+02 6.422838899999999285e+02
5.174869099999999662e+02 6.404549500000000535e+02
5.156068799999999328e+02 6.382312899999999445e+02
5.141270899999999529e+02 6.356968899999999394e+02
5.130592799999999443e+02 6.329337600000000066e+02
5.124171899999998914e+02 6.300239300000000640e+02
5.122105099999998856e+02 6.270513799999999947e+02
5.124529499999998734e+02 6.241000599999999849e+02
5.131565999999999121e+02 6.212501099999999497e+02
5.143310199999999668e+02 6.185854699999999866e+02
5.159919199999999364e+02 6.161900799999999663e+02
5.181491099999999506e+02 6.141460399999999709e+02
5.208142799999999397e+02 6.125372300000000223e+02
5.239992999999999483e+02 6.114457800000000134e+02
5.271492700000000013e+02 6.106414700000000266e+02
5.301648099999999886e+02 6.105053399999999328e+02
5.330087899999999763e+02 6.109667999999999211e+02
5.356499400000000151e+02 6.119615199999999504e+02
5.380549800000000005e+02 6.134193199999999706e+02
5.401906999999999925e+02 6.152717199999999593e+02
5.420257599999999911e+02 6.174543999999999642e+02
5.435250499999999647e+02 6.198970099999999093e+02
5.453871399999999312e+02 6.252964899999999489e+02
5.456836799999999812e+02 6.281185799999999517e+02
5.455150800000000118e+02 6.309292000000000371e+02
5.448445699999999761e+02 6.336639199999999619e+02
5.436427599999999529e+02 6.362524300000000039e+02
5.418744499999999107e+02 6.386302600000000211e+02
5.395083099999999376e+02 6.407271700000000010e+02
5.371146399999998948e+02 6.423709599999999682e+02
5.344765799999998990e+02 6.435773699999999735e+02
5.316722499999998490e+02 6.443209899999999379e+02
5.287797799999998460e+02 6.445704100000000381e+02
5.287800099999999475e+02 6.445703599999999369e+02
