6.263259399999999459e+02 5.561834300000000439e+02
6.229606399999998985e+02 5.560366699999999582e+02
6.199504499999999325e+02 5.552471800000000712e+02
6.173032999999999220e+02 5.538969799999999850e+02
6.150328399999999647e+02 5.520680400000001100e+02
6.131528099999999313e+02 5.498443899999999758e+02
6.116729799999999386e+02 5.473099600000000464e+02
6.106052099999999427e+02 5.445468200000000252e+02
6.099630899999999656e+02 5.416370100000000321e+02
6.097563999999999851e+02 5.386644200000000637e+02
6.099992300000000114e+02 5.357131600000000162e+02
6.107028800000000501e+02 5.328632099999999809e+02
6.118773200000000543e+02 5.301985300000001189e+02
6.135382000000000744e+02 5.278031399999999849e+02
6.156953700000000254e+02 5.257590900000000147e+02
6.183605900000000020e+02 5.241503299999999399e+02
6.215455799999999726e+02 5.230588700000000699e+02
6.246955799999999499e+02 5.222545700000000579e+02
6.277111199999999371e+02 5.221184399999999641e+02
6.305551099999998996e+02 5.225798600000000533e+02
6.331962499999998499e+02 5.235746100000000069e+02
6.356012599999997974e+02 5.250323799999999892e+02
6.377369299999998020e+02 5.268848199999999906e+02
6.395720699999998260e+02 5.290674899999999070e+02
6.410713299999998753e+02 5.315101099999999406e+02
6.429334499999998798e+02 5.369095499999999674e+02
6.432296199999998407e+02 5.397316599999999198e+02
6.430610099999998965e+02 5.425422899999999800e+02
6.423905099999999493e+02 5.452770100000000184e+02
6.411886899999999514e+02 5.478655099999999720e+02
6.394203799999999092e+02 5.502433300000000145e+02
6.370542399999999361e+02 5.523402300000000196e+02
6.346605299999998806e+02 5.539840500000000247e+02
6.320224699999998847e+02 5.551904600000000300e+02
6.292181799999998475e+02 5.559340499999999565e+02
6.263257099999998445e+02 5.561834599999999682e+02
6.263259399999999459e+02 5.561834300000000439e+02
