4.326459500000000276e+02 7.308711000000000695e+02
4.292806600000000117e+02 7.307243399999999838e+02
4.262704699999999889e+02 7.299348499999999831e+02
4.236233199999999783e+02 7.285846099999999979e+02
4.213528599999999642e+02 7.267556700000000092e+02
4.194728399999999624e+02 7.245320300000000771e+02
4.179930499999999824e+02 7.219976100000000088e+02
4.169252299999999991e+02 7.192345000000000255e+02
4.162831100000000220e+02 7.163246599999999944e+02
4.160764200000000415e+02 7.133521000000000640e+02
4.163188700000000608e+02 7.104007900000000291e+02
4.170225200000000427e+02 7.075508399999999938e+02
4.181969700000000216e+02 7.048862000000000307e+02
4.198578400000000101e+02 7.024908100000000104e+02
4.220150199999999927e+02 7.004467700000000150e+02
4.246802299999999946e+02 6.988379499999999780e+02
4.278652200000000221e+02 6.977465399999999818e+02
4.310151900000000182e+02 6.969422200000000203e+02
4.340307700000000182e+02 6.968060800000000654e+02
4.368747500000000059e+02 6.972675400000000536e+02
4.395158500000000004e+02 6.982622800000000325e+02
4.419209000000000174e+02 6.997200500000000147e+02
4.440566100000000347e+02 7.015724900000000162e+02
4.458917100000000460e+02 7.037551700000000210e+02
4.473909700000000385e+02 7.061977500000000418e+02
4.492530900000000429e+02 7.115972100000000182e+02
4.495496300000000360e+02 7.144193000000000211e+02
4.493810400000000413e+02 7.172299699999999802e+02
4.487105300000000625e+02 7.199646900000000187e+02
4.475087200000000394e+02 7.225531900000000860e+02
4.457403700000000413e+02 7.249310000000000400e+02
4.433742700000000241e+02 7.270279100000000199e+02
4.409805600000000254e+02 7.286716900000000123e+02
4.383425000000000296e+02 7.298781000000000176e+02
4.355381600000000049e+02 7.306217200000000958e+02
4.326457300000000146e+02 7.308711399999999685e+02
4.326459500000000276e+02 7.308711000000000695e+02
