4.967392399999999952e+02 6.719745800000000600e+02
4.933739499999999794e+02 6.718278199999999742e+02
4.903637599999999566e+02 6.710383299999999736e+02
4.877166099999999460e+02 6.696880999999999631e+02
4.854461499999999319e+02 6.678591900000000123e+02
4.835661199999999553e+02 6.656355399999999918e+02
4.820862899999999627e+02 6.631011200000000372e+02
4.810185199999999668e+02 6.603379700000000412e+02
4.803763999999999896e+02 6.574281399999999849e+02
4.801697100000000091e+02 6.544556099999999788e+02
4.804121600000000285e+02 6.515043100000000322e+02
4.811158100000000104e+02 6.486543199999999842e+02
4.822902300000000082e+02 6.459896800000000212e+02
4.839511300000000347e+02 6.435942900000000009e+02
4.861083000000000425e+02 6.415502400000000307e+02
4.887735200000000191e+02 6.399414799999999559e+02
4.919585100000000466e+02 6.388500199999999722e+02
4.951085100000000239e+02 6.380456799999999475e+02
4.981240600000000427e+02 6.379095399999999927e+02
5.009680400000000304e+02 6.383710099999999557e+02
5.036091400000000249e+02 6.393657600000000230e+02
5.060141900000000419e+02 6.408235300000000052e+02
5.081498900000000276e+02 6.426759600000000319e+02
5.099850000000000136e+02 6.448586400000000367e+02
5.114842600000000061e+02 6.473012599999999566e+02
5.133463799999999537e+02 6.527006900000000087e+02
5.136429200000000037e+02 6.555228200000000243e+02
5.134743200000000343e+02 6.583334399999999960e+02
5.128038599999999860e+02 6.610681600000000344e+02
5.116020300000000134e+02 6.636566599999999880e+02
5.098336899999999901e+02 6.660345099999999547e+02
5.074675500000000170e+02 6.681313800000000356e+02
5.050738699999999994e+02 6.697752000000000407e+02
5.024358199999999783e+02 6.709816200000000208e+02
4.996314899999999852e+02 6.717252100000000610e+02
4.967390499999999633e+02 6.719746200000000727e+02
4.967392399999999952e+02 6.719745800000000600e+02
