5.606828100000000177e+02 6.149622400000000653e+02
5.573174999999999955e+02 6.148154799999999796e+02
5.543073100000000295e+02 6.140259899999999789e+02
5.516601699999999937e+02 6.126757599999999684e+02
5.493897100000000364e+02 6.108468100000000049e+02
5.475096900000000915e+02 6.086231599999999844e+02
5.460299000000001115e+02 6.060887500000000045e+02
5.449620800000001282e+02 6.033256300000000465e+02
5.443199600000001510e+02 6.004157999999999902e+02
5.441132800000001453e+02 5.974432400000000598e+02
5.443561000000001968e+02 5.944919300000000248e+02
5.450597400000001471e+02 5.916419900000000780e+02
5.462342000000001008e+02 5.889773500000000013e+02
5.478950700000001461e+02 5.865819500000000062e+02
5.500522500000001855e+02 5.845379000000000360e+02
5.527174600000001874e+02 5.829291399999999612e+02
5.559024400000001833e+02 5.818376899999999523e+02
5.590524200000002111e+02 5.810333399999999529e+02
5.620679900000002363e+02 5.808972199999999475e+02
5.649119700000002240e+02 5.813586699999999610e+02
5.675530900000002248e+02 5.823534199999999146e+02
5.699581300000002102e+02 5.838111999999999853e+02
5.720938400000002275e+02 5.856636300000000119e+02
5.739289400000002388e+02 5.878462999999999283e+02
5.754282000000002881e+02 5.902888900000000376e+02
5.772903300000002673e+02 5.956883199999999761e+02
5.775864800000002788e+02 5.985104400000000169e+02
5.774178900000002841e+02 6.013210699999999633e+02
5.767474200000002611e+02 6.040557899999998881e+02
5.755456000000002632e+02 6.066442899999999554e+02
5.737772600000002967e+02 6.090221399999999221e+02
5.714111500000002479e+02 6.111190399999999272e+02
5.690174400000001924e+02 6.127628299999998944e+02
5.663793800000001966e+02 6.139692399999998997e+02
5.635750600000002350e+02 6.147128699999999526e+02
5.606826200000002700e+02 6.149622799999999643e+02
5.606828100000000177e+02 6.149622400000000653e+02
