4.641886600000000271e+02 7.011936399999999594e+02
4.608233700000000113e+02 7.010468799999999874e+02
4.578131700000000137e+02 7.002573899999999867e+02
4.551660300000000348e+02 6.989071500000000015e+02
4.528955700000000206e+02 6.970781999999999243e+02
4.510155500000000188e+02 6.948545400000000427e+02
4.495357600000000389e+02 6.923201199999999744e+02
4.484679400000000555e+02 6.895570199999999659e+02
4.478258200000000784e+02 6.866471699999999601e+02
4.476191400000000726e+02 6.836746200000000044e+02
4.478615800000000604e+02 6.807233400000000074e+02
4.485652300000000423e+02 6.778733599999999342e+02
4.497396800000000212e+02 6.752087199999999712e+02
4.514005500000000097e+02 6.728133299999999508e+02
4.535577299999999923e+02 6.707692899999999554e+02
4.562229399999999941e+02 6.691605099999999311e+02
4.594079300000000217e+02 6.680690700000000106e+02
4.625579000000000178e+02 6.672647299999999859e+02
4.655734800000000178e+02 6.671285900000000311e+02
4.684174600000000055e+02 6.675900500000000193e+02
4.710585700000000315e+02 6.685848099999999476e+02
4.734636100000000170e+02 6.700425699999999551e+02
4.755993200000000343e+02 6.718949999999999818e+02
4.774344200000000455e+02 6.740776799999999866e+02
4.789336800000000380e+02 6.765202699999999822e+02
4.807958000000000425e+02 6.819197299999999586e+02
4.810923400000000356e+02 6.847418199999999615e+02
4.809237500000000409e+02 6.875524900000000343e+02
4.802532400000000621e+02 6.902871999999999844e+02
4.790514200000000642e+02 6.928757100000000264e+02
4.772830800000000409e+02 6.952535199999999804e+02
4.749169800000000237e+02 6.973504299999999603e+02
4.725232700000000250e+02 6.989942300000000159e+02
4.698851999999999975e+02 7.002006400000000212e+02
4.670808700000000044e+02 7.009442599999999857e+02
4.641884400000000142e+02 7.011936699999999973e+02
4.641886600000000271e+02 7.011936399999999594e+02
