3.327858899999999949e+02 8.223241600000000062e+02
3.294205799999999726e+02 8.221774030000000266e+02
3.264103999999999814e+02 8.213878710000000183e+02
3.237632600000000025e+02 8.200376870000000054e+02
3.214927900000000136e+02 8.182087450000000217e+02
3.196127299999999991e+02 8.159850920000000087e+02
3.181329400000000192e+02 8.134506690000000617e+02
3.170651599999999917e+02 8.106875219999999445e+02
3.164230400000000145e+02 8.077777180000000499e+02
3.162163600000000088e+02 8.048051649999999881e+02
3.164591800000000035e+02 8.018538539999999557e+02
3.171628299999999854e+02 7.990038779999999861e+02
3.183372400000000084e+02 7.963392370000000255e+02
3.199981599999999844e+02 7.939438770000000432e+02
3.221553299999999922e+02 7.918997960000000376e+02
3.248205499999999688e+02 7.902910239999999931e+02
3.280055299999999647e+02 7.891995769999999766e+02
3.311554999999999609e+02 7.883952769999999646e+02
3.341710299999999734e+02 7.882591400000000021e+02
3.370150199999999927e+02 7.887205549999999903e+02
3.396561699999999746e+02 7.897153160000000298e+02
3.420612099999999600e+02 7.911731170000000475e+02
3.441969199999999773e+02 7.930255210000000261e+02
3.460320199999999886e+02 7.952081929999999375e+02
3.475312799999999811e+02 7.976508169999999609e+02
3.493933999999999855e+02 8.030502510000000029e+02
3.496899500000000103e+02 8.058723720000000412e+02
3.495213400000000092e+02 8.086829960000000028e+02
3.488508400000000051e+02 8.114177180000000362e+02
3.476490200000000073e+02 8.140062169999999924e+02
3.458807100000000219e+02 8.163840689999999540e+02
3.435145700000000488e+02 8.184809769999999389e+02
3.411208600000000501e+02 8.201247610000000350e+02
3.384828000000000543e+02 8.213311719999999241e+02
3.356785100000000739e+02 8.220747929999999997e+02
3.327860400000000709e+02 8.223242030000000113e+02
3.327858899999999949e+02 8.223241600000000062e+02
