7.099358499999999594e+02 5.839306699999999637e+02
7.065708899999999630e+02 5.837760200000000168e+02
7.035625799999999117e+02 5.829794500000000426e+02
7.009185799999999062e+02 5.816230199999999968e+02
6.986524299999998675e+02 5.797887800000000880e+02
6.967776499999998805e+02 5.775606999999999971e+02
6.953037699999998722e+02 5.750228100000000495e+02
6.942424999999998363e+02 5.722571900000000369e+02
6.936071999999998070e+02 5.693458600000000160e+02
6.934076999999998634e+02 5.663728399999999965e+02
6.936573199999999133e+02 5.634221199999999499e+02
6.943676799999999503e+02 5.605738200000000688e+02
6.955483299999999645e+02 5.579119499999999334e+02
6.972148799999999937e+02 5.555204599999999573e+02
6.993768300000000409e+02 5.534814800000000332e+02
7.020457999999999856e+02 5.518789600000000064e+02
7.052333300000000236e+02 5.507950000000000728e+02
7.083851900000000796e+02 5.499980500000000347e+02
7.114010900000000674e+02 5.498687300000000278e+02
7.142439500000000407e+02 5.503368600000000015e+02
7.168827499999999873e+02 5.513378199999999651e+02
7.192843799999999419e+02 5.528012400000000071e+02
7.214157099999999900e+02 5.546586399999999912e+02
7.232456899999999678e+02 5.568456300000000283e+02
7.247392199999999320e+02 5.592917599999999538e+02
7.265886599999998907e+02 5.646955499999999120e+02
7.268783799999998791e+02 5.675183700000000044e+02
7.267033599999998614e+02 5.703285999999999376e+02
7.260264199999999164e+02 5.730617099999999482e+02
7.248185599999999340e+02 5.756473999999999478e+02
7.230446299999999837e+02 5.780210499999999456e+02
7.206735899999999901e+02 5.801124099999999544e+02
7.182760700000000043e+02 5.817505899999998746e+02
7.156351499999999533e+02 5.829507899999998699e+02
7.128290999999999258e+02 5.836878099999998994e+02
7.099360799999999472e+02 5.839304099999999380e+02
7.099358499999999594e+02 5.839306699999999637e+02
