5.931027299999999514e+02 5.857611999999999171e+02
5.897374199999999291e+02 5.856144500000000335e+02
5.867272799999999506e+02 5.848249499999999443e+02
5.840800899999999274e+02 5.834747199999999339e+02
5.818096299999999701e+02 5.816458199999999579e+02
5.799295999999999367e+02 5.794221300000000383e+02
5.784498099999999567e+02 5.768877400000001217e+02
5.773819999999999482e+02 5.741245900000001257e+02
5.767399099999998953e+02 5.712147600000000693e+02
5.765332299999998895e+02 5.682422000000001390e+02
5.767760599999999158e+02 5.652909400000000915e+02
5.774796699999999419e+02 5.624409500000001572e+02
5.786541099999999460e+02 5.597763100000000804e+02
5.803150299999999788e+02 5.573809200000000601e+02
5.824721600000000308e+02 5.553368700000000899e+02
5.851373800000000074e+02 5.537281100000000151e+02
5.883223699999999781e+02 5.526366500000000315e+02
5.914723699999999553e+02 5.518323100000000068e+02
5.944879099999999426e+02 5.516961800000000267e+02
5.973318999999999050e+02 5.521576400000000149e+02
5.999730399999998554e+02 5.531523899999999685e+02
6.023780899999998155e+02 5.546101599999999507e+02
6.045137499999998454e+02 5.564625900000000911e+02
6.063488499999998567e+02 5.586452699999999822e+02
6.078481499999998050e+02 5.610878500000001168e+02
6.097102399999997715e+02 5.664873200000000679e+02
6.100067799999998215e+02 5.693094000000000960e+02
6.098381799999998520e+02 5.721200400000000172e+02
6.091676799999999048e+02 5.748547500000000809e+02
6.079658599999999069e+02 5.774432600000000093e+02
6.061975499999998647e+02 5.798211100000000897e+02
6.038314099999998916e+02 5.819180100000000948e+02
6.014376999999998361e+02 5.835618000000001757e+02
5.987996399999998403e+02 5.847682000000000926e+02
5.959953499999998030e+02 5.855118400000001202e+02
5.931028799999998000e+02 5.857612500000001319e+02
5.931027299999999514e+02 5.857611999999999171e+02
