6.472670500000000402e+02 4.852728099999999927e+02
6.439017499999999927e+02 4.851260599999999954e+02
6.408915600000000268e+02 4.843365600000000200e+02
6.382444100000000162e+02 4.829863799999999969e+02
6.359739399999999705e+02 4.811574400000000082e+02
6.340939300000000003e+02 4.789337899999999877e+02
6.326141400000000203e+02 4.763993600000000015e+02
6.315463200000000370e+02 4.736362100000000055e+02
6.309042000000000598e+02 4.707264099999999871e+02
6.306975200000000541e+02 4.677538199999999620e+02
6.309403300000000172e+02 4.648025599999999713e+02
6.316439900000000307e+02 4.619526099999999929e+02
6.328184400000000096e+02 4.592879300000000171e+02
6.344793100000000550e+02 4.568925700000000347e+02
6.366364900000000944e+02 4.548484900000000266e+02
6.393017000000000962e+02 4.532397200000000339e+02
6.424866900000000669e+02 4.521482700000000250e+02
6.456367000000000189e+02 4.513439300000000003e+02
6.486522400000000061e+02 4.512077899999999886e+02
6.514962199999999939e+02 4.516692600000000084e+02
6.541373599999999442e+02 4.526640100000000189e+02
6.565423699999998917e+02 4.541217700000000264e+02
6.586780799999999090e+02 4.559742100000000278e+02
6.605131799999999203e+02 4.581568900000000326e+02
6.620124399999999696e+02 4.605995100000000093e+02
6.638745599999999740e+02 4.659989400000000046e+02
6.641707299999999350e+02 4.688210200000000327e+02
6.640021299999999655e+02 4.716316800000000171e+02
6.633316199999999299e+02 4.743664100000000303e+02
6.621298099999999067e+02 4.769549000000000092e+02
6.603614599999998518e+02 4.793327199999999948e+02
6.579953599999998914e+02 4.814296600000000126e+02
6.556016499999998359e+02 4.830734500000000367e+02
6.529635899999998401e+02 4.842798600000000420e+02
6.501592499999998154e+02 4.850234400000000505e+02
6.472668199999998251e+02 4.852728600000000370e+02
6.472670500000000402e+02 4.852728099999999927e+02
