7.132487099999999600e+02 4.285440600000000018e+02
7.098833999999999378e+02 4.283973000000000297e+02
7.068732199999999466e+02 4.276077700000000164e+02
7.042260699999999360e+02 4.262575700000000438e+02
7.019556099999999788e+02 4.244286300000000551e+02
7.000755799999999454e+02 4.222049800000000346e+02
6.985957599999999275e+02 4.196705700000000547e+02
6.975279899999999316e+02 4.169074200000000587e+02
6.968858499999998912e+02 4.139976200000000404e+02
6.966791799999998602e+02 4.110250600000000532e+02
6.969219999999999118e+02 4.080737500000000750e+02
6.976256499999999505e+02 4.052238100000000713e+02
6.988000599999999167e+02 4.025591200000000640e+02
7.004609699999998611e+02 4.001637700000000564e+02
7.026181499999999005e+02 3.981196900000000483e+02
7.052833599999999024e+02 3.965109200000000556e+02
7.084683499999998730e+02 3.954194800000000782e+02
7.116183199999999260e+02 3.946151600000000599e+02
7.146338899999999512e+02 3.944790400000000545e+02
7.174778799999999137e+02 3.949404900000000680e+02
7.201189799999999650e+02 3.959352100000000405e+02
7.225240299999999252e+02 3.973929700000000480e+02
7.246597299999999677e+02 3.992454500000000621e+02
7.264948299999999790e+02 4.014281200000000354e+02
7.279941000000000031e+02 4.038707000000000562e+02
7.298562200000000075e+02 4.092701400000000831e+02
7.301523899999999685e+02 4.120922600000000671e+02
7.299837800000000243e+02 4.149028900000000704e+02
7.293133199999999761e+02 4.176376100000000520e+02
7.281114999999999782e+02 4.202261100000000624e+02
7.263431499999999232e+02 4.226039600000000860e+02
7.239770499999999629e+02 4.247008600000000911e+02
7.215833399999999074e+02 4.263446500000001151e+02
7.189452799999999115e+02 4.275510600000001205e+02
7.161409499999998616e+02 4.282946800000001417e+02
7.132485199999998713e+02 4.285441000000001281e+02
7.132487099999999600e+02 4.285440600000000018e+02
