4.864589500000000157e+02 6.316009699999999611e+02
4.830936399999999935e+02 6.314542099999999891e+02
4.800835000000000150e+02 6.306647199999999884e+02
4.774363200000000234e+02 6.293144800000000032e+02
4.751658500000000345e+02 6.274855400000000145e+02
4.732858300000000327e+02 6.252618999999999687e+02
4.718060400000000527e+02 6.227274800000000141e+02
4.707382200000000694e+02 6.199643300000000181e+02
4.700961300000000733e+02 6.170545299999999997e+02
4.698894500000000676e+02 6.140819699999999557e+02
4.701322800000000939e+02 6.111306600000000344e+02
4.708359200000001010e+02 6.082807199999999739e+02
4.720103400000000988e+02 6.056160700000000361e+02
4.736712500000001000e+02 6.032206499999999778e+02
4.758284300000000826e+02 6.011766000000000076e+02
4.784936100000001034e+02 5.995678299999999581e+02
4.816786300000001120e+02 5.984763900000000376e+02
4.848285900000001334e+02 5.976720800000000509e+02
4.878441300000001206e+02 5.975359499999999571e+02
4.906881200000001400e+02 5.979973999999999705e+02
4.933292700000001219e+02 5.989921199999999999e+02
4.957343100000001073e+02 6.004499200000000201e+02
4.978699800000001119e+02 6.023023299999999836e+02
4.997050800000001232e+02 6.044850000000000136e+02
5.012043800000001283e+02 6.069276300000000219e+02
5.030664600000001201e+02 6.123270600000000741e+02
5.033630100000001448e+02 6.151491800000000012e+02
5.031944000000001438e+02 6.179598000000000866e+02
5.025239000000001397e+02 6.206945299999999861e+02
5.013220800000001418e+02 6.232830200000000787e+02
4.995537700000001564e+02 6.256608800000000201e+02
4.971876300000001834e+02 6.277577800000000252e+02
4.947939200000001847e+02 6.294015699999999924e+02
4.921558600000001888e+02 6.306079799999999977e+02
4.893515700000002084e+02 6.313516000000000759e+02
4.864591000000002055e+02 6.316010100000000875e+02
4.864589500000000157e+02 6.316009699999999611e+02
