4.245672400000000266e+02 6.881237099999999600e+02
4.212019300000000044e+02 6.879769499999999880e+02
4.181917399999999816e+02 6.871874299999999494e+02
4.155446099999999774e+02 6.858372299999999768e+02
4.132741399999999885e+02 6.840082899999999881e+02
4.113941100000000120e+02 6.817846399999999676e+02
4.099142899999999941e+02 6.792502200000000130e+02
4.088465099999999666e+02 6.764870700000000170e+02
4.082043799999999578e+02 6.735772600000000239e+02
4.079977099999999837e+02 6.706047099999999546e+02
4.082405299999999784e+02 6.676534100000000080e+02
4.089441699999999855e+02 6.648034599999999728e+02
4.101185899999999833e+02 6.621387799999999970e+02
4.117794900000000098e+02 6.597434299999999894e+02
4.139366800000000239e+02 6.576993399999998928e+02
4.166018500000000131e+02 6.560905799999999317e+02
4.197868799999999965e+02 6.549991199999999480e+02
4.229368499999999926e+02 6.541948199999999360e+02
4.259524200000000178e+02 6.540586899999999559e+02
4.287964000000000055e+02 6.545201099999999315e+02
4.314375200000000063e+02 6.555148599999999988e+02
4.338425500000000170e+02 6.569726599999999053e+02
4.359782700000000091e+02 6.588250699999998687e+02
4.378133700000000204e+02 6.610077399999998988e+02
4.393126300000000128e+02 6.634503599999999324e+02
4.411747500000000173e+02 6.688497999999999593e+02
4.414709200000000351e+02 6.716719099999999116e+02
4.413023100000000341e+02 6.744825399999999718e+02
4.406318100000000300e+02 6.772172599999998965e+02
4.394299900000000321e+02 6.798057599999999638e+02
4.376616800000000467e+02 6.821836099999999306e+02
4.352955400000000736e+02 6.842805200000000241e+02
4.329018300000000750e+02 6.859242999999999029e+02
4.302637700000000791e+02 6.871307099999999082e+02
4.274594800000000987e+02 6.878743299999999863e+02
4.245670100000000957e+02 6.881237499999999727e+02
4.245672400000000266e+02 6.881237099999999600e+02
