5.190165600000000268e+02 6.010597500000000082e+02
5.156512700000000677e+02 6.009129900000000362e+02
5.126411100000000260e+02 6.001234699999999975e+02
5.099939300000000344e+02 5.987732800000001134e+02
5.077234700000000203e+02 5.969443300000000363e+02
5.058434500000000185e+02 5.947206800000000158e+02
5.043636500000000069e+02 5.921862599999999475e+02
5.032958399999999983e+02 5.894231099999999515e+02
5.026537599999999770e+02 5.865133100000000468e+02
5.024470699999999965e+02 5.835407500000000027e+02
5.026898899999999912e+02 5.805894499999999425e+02
5.033935099999999920e+02 5.777394699999999830e+02
5.045679599999999709e+02 5.750748300000000199e+02
5.062288699999999722e+02 5.726794399999998859e+02
5.083860499999999547e+02 5.706353799999999410e+02
5.110512199999999439e+02 5.690266099999998914e+02
5.142361999999999398e+02 5.679351699999999710e+02
5.173862099999998918e+02 5.671308699999999590e+02
5.204017499999998790e+02 5.669947299999998904e+02
5.232457399999998415e+02 5.674561499999999796e+02
5.258868799999997918e+02 5.684509099999999080e+02
5.282919299999997520e+02 5.699087099999999282e+02
5.304275899999997819e+02 5.717611099999999169e+02
5.322626999999997679e+02 5.739437799999998333e+02
5.337619499999997288e+02 5.763864099999998416e+02
5.356240799999997080e+02 5.817858399999998937e+02
5.359202399999996942e+02 5.846079499999998461e+02
5.357516399999997248e+02 5.874185799999999062e+02
5.350811399999997775e+02 5.901532999999999447e+02
5.338793299999997544e+02 5.927417999999998983e+02
5.321110099999997374e+02 5.951196499999998650e+02
5.297448699999997643e+02 5.972165599999998449e+02
5.273511699999997973e+02 5.988603399999999510e+02
5.247131099999998014e+02 6.000667499999999563e+02
5.219088099999997894e+02 6.008103799999998955e+02
5.190163399999997864e+02 6.010597999999998819e+02
5.190165600000000268e+02 6.010597500000000082e+02
