5.832269900000000007e+02 5.428589899999999489e+02
5.798616799999999785e+02 5.427122300000000905e+02
5.768514999999999873e+02 5.419227399999999761e+02
5.742043499999999767e+02 5.405725500000000920e+02
5.719338900000000194e+02 5.387436000000000149e+02
5.700538599999999860e+02 5.365199099999999817e+02
5.685740399999999681e+02 5.339855400000000145e+02
5.675062599999999975e+02 5.312223900000000185e+02
5.668641300000000456e+02 5.283125900000000001e+02
5.666574600000000146e+02 5.253400300000000698e+02
5.669002800000000661e+02 5.223887200000000348e+02
5.676039200000000164e+02 5.195387800000000880e+02
5.687783400000000711e+02 5.168740999999999985e+02
5.704392400000000407e+02 5.144787000000001171e+02
5.725964300000000549e+02 5.124346600000001217e+02
5.752616300000000820e+02 5.108258900000000722e+02
5.784466300000000274e+02 5.097344500000000949e+02
5.815965899999999920e+02 5.089301300000000765e+02
5.846121699999999919e+02 5.087940100000000712e+02
5.874561499999999796e+02 5.092554200000000719e+02
5.900972699999999804e+02 5.102501800000000571e+02
5.925022999999999911e+02 5.117079900000000521e+02
5.946380199999999832e+02 5.135603800000001229e+02
5.964731199999999944e+02 5.157430600000000140e+02
5.979723800000000438e+02 5.181856800000000476e+02
5.998345000000000482e+02 5.235851099999999860e+02
6.001306700000000092e+02 5.264072300000000268e+02
5.999620600000000650e+02 5.292178599999999733e+02
5.992915600000001177e+02 5.319525800000000118e+02
5.980897800000001325e+02 5.345410799999999654e+02
5.963214300000000776e+02 5.369189300000000458e+02
5.939552900000001046e+02 5.390158000000001266e+02
5.915616200000000617e+02 5.406596200000001318e+02
5.889235600000000659e+02 5.418660300000001371e+02
5.861192300000000159e+02 5.426096200000000636e+02
5.832268000000000256e+02 5.428590300000000752e+02
5.832269900000000007e+02 5.428589899999999489e+02
