6.778960899999999583e+02 6.134973800000000210e+02
6.745311199999999872e+02 6.133427199999999857e+02
6.715228099999999358e+02 6.125461500000000115e+02
6.688788199999999051e+02 6.111897300000000541e+02
6.666126599999998916e+02 6.093554799999999432e+02
6.647378499999998667e+02 6.071274000000000797e+02
6.632640099999998711e+02 6.045895199999999932e+02
6.622027299999998604e+02 6.018238900000001195e+02
6.615674299999998311e+02 5.989125700000000734e+02
6.613679299999998875e+02 5.959395500000000538e+02
6.616175499999999374e+02 5.929888300000000072e+02
6.623278699999999617e+02 5.901405300000001262e+02
6.635085599999999886e+02 5.874786200000000917e+02
6.651750700000000052e+02 5.850871700000000146e+02
6.673370599999999513e+02 5.830481800000000021e+02
6.700059999999999718e+02 5.814456700000000637e+02
6.731935499999999593e+02 5.803617000000000417e+02
6.763454199999999901e+02 5.795647500000000036e+02
6.793612899999999399e+02 5.794354299999999967e+02
6.822041799999999512e+02 5.799035599999999704e+02
6.848429799999998977e+02 5.809045200000000477e+02
6.872446099999998523e+02 5.823679100000000517e+02
6.893759499999998752e+02 5.842253600000000233e+02
6.912058699999998908e+02 5.864123299999999972e+02
6.926994199999999182e+02 5.888584700000000112e+02
6.945488499999999021e+02 5.942622499999999945e+02
6.948385799999998653e+02 5.970850299999999606e+02
6.946635599999998476e+02 5.998952600000000075e+02
6.939866499999998268e+02 6.026284200000000055e+02
6.927787799999998697e+02 6.052141100000000051e+02
6.910048699999998689e+02 6.075878000000000156e+02
6.886338199999999006e+02 6.096791100000000370e+02
6.862362599999999020e+02 6.113172899999999572e+02
6.835953699999998889e+02 6.125175000000000409e+02
6.807893199999998615e+02 6.132545099999999820e+02
6.778963099999998576e+02 6.134971100000000206e+02
6.778960899999999583e+02 6.134973800000000210e+02
