5.509229299999999512e+02 5.733832999999999629e+02
5.475576199999999290e+02 5.732365400000001046e+02
5.445474399999999378e+02 5.724470599999999649e+02
5.419002899999999272e+02 5.710968299999999545e+02
5.396298299999999699e+02 5.692679299999999785e+02
5.377497999999999365e+02 5.670442700000000968e+02
5.362699799999999186e+02 5.645098500000000286e+02
5.352022099999999227e+02 5.617467000000000326e+02
5.345600699999998824e+02 5.588368600000001152e+02
5.343533899999998766e+02 5.558643100000000459e+02
5.345958399999998392e+02 5.529130400000000236e+02
5.352994899999998779e+02 5.500630499999999756e+02
5.364738999999998441e+02 5.473984100000000126e+02
5.381348099999997885e+02 5.450030500000000302e+02
5.402919899999998279e+02 5.429589700000000221e+02
5.429572099999998045e+02 5.413502000000000862e+02
5.461421899999998004e+02 5.402587499999999636e+02
5.492921599999998534e+02 5.394544100000000526e+02
5.523077299999998786e+02 5.393182799999999588e+02
5.551517199999998411e+02 5.397797399999999470e+02
5.577928299999998671e+02 5.407744900000000143e+02
5.601978699999998526e+02 5.422322500000000218e+02
5.623335799999998699e+02 5.440846999999999980e+02
5.641686799999998811e+02 5.462673700000000281e+02
5.656679399999999305e+02 5.487099899999999479e+02
5.675300599999999349e+02 5.541094299999999748e+02
5.678266099999999597e+02 5.569315100000000029e+02
5.676580000000000155e+02 5.597421299999999746e+02
5.669875000000000682e+02 5.624768500000000131e+02
5.657857200000000830e+02 5.650653899999999794e+02
5.640173700000000281e+02 5.674431999999999334e+02
5.616512300000000550e+02 5.695401099999999133e+02
5.592575600000000122e+02 5.711838999999999942e+02
5.566195000000000164e+02 5.723903099999999995e+02
5.538151699999999664e+02 5.731339299999999639e+02
5.509227399999999761e+02 5.733833500000000640e+02
5.509229299999999512e+02 5.733832999999999629e+02
