6.071515200000000050e+02 4.733998100000000022e+02
6.037862099999999828e+02 4.732530600000000049e+02
6.007760200000000168e+02 4.724635600000000295e+02
5.981288900000000694e+02 4.711133300000000190e+02
5.958584200000000237e+02 4.692843900000000303e+02
5.939784000000000788e+02 4.670607800000000225e+02
5.924985700000000861e+02 4.645263500000000363e+02
5.914307900000001155e+02 4.617632100000000150e+02
5.907886700000001383e+02 4.588533700000000408e+02
5.905819900000001326e+02 4.558808100000000536e+02
5.908248100000001841e+02 4.529295500000000629e+02
5.915284500000001344e+02 4.500795600000000718e+02
5.927029100000000881e+02 4.474149200000000519e+02
5.943637800000001334e+02 4.450195300000000316e+02
5.965209600000001728e+02 4.429754800000000046e+02
5.991861700000001747e+02 4.413667199999999866e+02
6.023711600000001454e+02 4.402752600000000029e+02
6.055211300000001984e+02 4.394709199999999782e+02
6.085367000000002236e+02 4.393347799999999665e+02
6.113806800000002113e+02 4.397962499999999864e+02
6.140218000000002121e+02 4.407909999999999968e+02
6.164268300000002228e+02 4.422487699999999791e+02
6.185625500000002148e+02 4.441012000000000057e+02
6.203976500000002261e+02 4.462838800000000106e+02
6.218969100000002754e+02 4.487264999999999873e+02
6.237590300000002799e+02 4.541259299999999826e+02
6.240552000000002408e+02 4.569480100000000107e+02
6.238865900000002966e+02 4.597586699999999951e+02
6.232161000000003241e+02 4.624934000000000083e+02
6.220142700000003515e+02 4.650818899999999871e+02
6.202459300000003850e+02 4.674597200000000043e+02
6.178798300000004247e+02 4.695566099999999778e+02
6.154861100000003944e+02 4.712004399999999578e+02
6.128480500000003985e+02 4.724068499999999631e+02
6.100437300000004370e+02 4.731504399999999464e+02
6.071513000000004467e+02 4.733998499999999581e+02
6.071515200000000050e+02 4.733998100000000022e+02
