3.593782100000000241e+02 7.478564599999999700e+02
3.560129000000000019e+02 7.477096999999999980e+02
3.530027099999999791e+02 7.469202099999999973e+02
3.503555299999999875e+02 7.455699700000000121e+02
3.480851000000000113e+02 7.437410700000000361e+02
3.462050800000000095e+02 7.415174200000000155e+02
3.447252599999999916e+02 7.389829999999999472e+02
3.436574400000000082e+02 7.362198599999999260e+02
3.430153500000000122e+02 7.333100500000000466e+02
3.428086700000000064e+02 7.303374999999999773e+02
3.430514900000000011e+02 7.273861899999999423e+02
3.437551399999999830e+02 7.245362000000000080e+02
3.449295599999999808e+02 7.218715600000000450e+02
3.465904600000000073e+02 7.194761700000000246e+02
3.487476500000000215e+02 7.174321300000000292e+02
3.514128200000000106e+02 7.158233599999999797e+02
3.545978400000000192e+02 7.147319099999999708e+02
3.577478100000000154e+02 7.139275700000000597e+02
3.607633900000000153e+02 7.137914399999999659e+02
3.636073700000000031e+02 7.142528899999999794e+02
3.662484800000000291e+02 7.152476500000000215e+02
3.686535200000000145e+02 7.167054100000000290e+02
3.707892400000000066e+02 7.185578500000000304e+02
3.726243400000000179e+02 7.207405300000000352e+02
3.741235900000000356e+02 7.231831400000000940e+02
3.759857100000000401e+02 7.285825800000000072e+02
3.762818800000000579e+02 7.314047000000000480e+02
3.761132800000000316e+02 7.342153299999999945e+02
3.754427700000000527e+02 7.369500500000000329e+02
3.742409600000000296e+02 7.395385499999999865e+02
3.724726500000000442e+02 7.419164000000000669e+02
3.701065100000000712e+02 7.440132700000000341e+02
3.677128000000000725e+02 7.456570900000000393e+02
3.650747400000000766e+02 7.468634900000000698e+02
3.622704400000000646e+02 7.476070799999999963e+02
3.593779700000000616e+02 7.478564900000000080e+02
3.593782100000000241e+02 7.478564599999999700e+02
