6.478587899999999991e+02 6.422047499999999900e+02
6.444938300000000027e+02 6.420500999999999294e+02
6.414855199999999513e+02 6.412535199999999804e+02
6.388415599999999586e+02 6.398970999999999094e+02
6.365754099999999198e+02 6.380628500000000258e+02
6.347005899999999201e+02 6.358348099999999476e+02
6.332267499999999245e+02 6.332969200000000001e+02
6.321654399999998759e+02 6.305312900000000127e+02
6.315301699999998846e+02 6.276199599999999919e+02
6.313306799999999157e+02 6.246469399999999723e+02
6.315802899999998772e+02 6.216962300000000141e+02
6.322906099999999014e+02 6.188479300000000194e+02
6.334712899999999536e+02 6.161860199999999850e+02
6.351378199999999197e+02 6.137945700000000215e+02
6.372998099999998658e+02 6.117555800000000090e+02
6.399687399999999116e+02 6.101530700000000706e+02
6.431562599999998611e+02 6.090690600000000359e+02
6.463081299999998919e+02 6.082721599999999853e+02
6.493239799999998922e+02 6.081428200000000288e+02
6.521668899999998530e+02 6.086109599999999773e+02
6.548056899999997995e+02 6.096118800000000419e+02
6.572072799999998551e+02 6.110752999999999702e+02
6.593386099999999033e+02 6.129327500000000555e+02
6.611685799999999062e+02 6.151197300000000041e+02
6.626621299999999337e+02 6.175658300000000054e+02
6.645115599999999176e+02 6.229696500000000015e+02
6.648012899999998808e+02 6.257924299999999675e+02
6.646262599999998884e+02 6.286026600000000144e+02
6.639493599999998423e+02 6.313358100000000377e+02
6.627414499999998725e+02 6.339214600000000246e+02
6.609675799999998844e+02 6.362951500000000351e+02
6.585965299999999161e+02 6.383864899999999807e+02
6.561989699999999175e+02 6.400246700000000146e+02
6.535580799999999044e+02 6.412248700000000099e+02
6.507520299999998770e+02 6.419618900000000394e+02
6.478590199999998731e+02 6.422045000000000528e+02
6.478587899999999991e+02 6.422047499999999900e+02
