5.096800700000000006e+02 5.613518500000000131e+02
5.063147700000000100e+02 5.612051000000000158e+02
5.033045700000000124e+02 5.604156199999999899e+02
5.006573900000000208e+02 5.590653800000000047e+02
4.983869700000000194e+02 5.572364400000000160e+02
4.965069500000000176e+02 5.550127899999999954e+02
4.950271200000000249e+02 5.524783999999999651e+02
4.939593000000000416e+02 5.497152599999999438e+02
4.933172200000000203e+02 5.468054099999999380e+02
4.931105400000000145e+02 5.438328599999999824e+02
4.933533500000000345e+02 5.408815999999999349e+02
4.940570100000000480e+02 5.380316100000000006e+02
4.952314200000000710e+02 5.353669700000000375e+02
4.968923300000000722e+02 5.329716100000000552e+02
4.990495100000000548e+02 5.309275299999999334e+02
5.017147200000000566e+02 5.293187599999999975e+02
5.048997000000000526e+02 5.282273099999999886e+02
5.080496800000000803e+02 5.274229699999999639e+02
5.110652500000001055e+02 5.272868300000000090e+02
5.139092300000000932e+02 5.277482999999999720e+02
5.165503500000000940e+02 5.287430500000000393e+02
5.189553900000000795e+02 5.302008100000000468e+02
5.210911000000000968e+02 5.320532599999999093e+02
5.229262000000001080e+02 5.342359299999999394e+02
5.244254500000000689e+02 5.366785499999998592e+02
5.262875900000000229e+02 5.420779899999999998e+02
5.265837400000000343e+02 5.449000599999999395e+02
5.264151500000000397e+02 5.477107300000000123e+02
5.257446400000000040e+02 5.504454499999999371e+02
5.245428600000000188e+02 5.530339500000000044e+02
5.227745200000000523e+02 5.554117599999999584e+02
5.204083800000000792e+02 5.575086699999999382e+02
5.180147000000000617e+02 5.591524499999999307e+02
5.153766400000000658e+02 5.603588599999999360e+02
5.125723200000001043e+02 5.611024800000000141e+02
5.096798800000000824e+02 5.613518999999998869e+02
5.096800700000000006e+02 5.613518500000000131e+02
