6.726240299999999479e+02 4.133548299999999927e+02
6.692586999999999762e+02 4.132080700000000206e+02
6.662485500000000229e+02 4.124185500000000388e+02
6.636014000000000124e+02 4.110683500000000663e+02
6.613309400000000551e+02 4.092394100000000776e+02
6.594508800000000974e+02 4.070157600000000571e+02
6.579710800000001427e+02 4.044813300000000709e+02
6.569033100000001468e+02 4.017182300000000623e+02
6.562611900000001697e+02 3.988083800000000565e+02
6.560545000000001892e+02 3.958358300000000440e+02
6.562973300000002155e+02 3.928845300000000407e+02
6.570009800000002542e+02 3.900345800000000622e+02
6.581753900000002204e+02 3.873699000000000865e+02
6.598363000000001648e+02 3.849745500000000789e+02
6.619934800000002042e+02 3.829304600000000960e+02
6.646586900000002061e+02 3.813217000000000780e+02
6.678436700000002020e+02 3.802302400000000944e+02
6.709936400000002550e+02 3.794259400000000824e+02
6.740091900000002170e+02 3.792898000000000707e+02
6.768532100000002174e+02 3.797512600000000589e+02
6.794943100000002687e+02 3.807459800000000314e+02
6.818993600000002289e+02 3.822037400000000389e+02
6.840350600000002714e+02 3.840562300000000278e+02
6.858701300000002448e+02 3.862389000000000010e+02
6.873694200000002184e+02 3.886814800000000218e+02
6.892315500000001975e+02 3.940809200000000487e+02
6.895277100000001838e+02 3.969030300000000580e+02
6.893591100000002143e+02 3.997136600000000612e+02
6.886886500000001661e+02 4.024483800000000429e+02
6.874868300000001682e+02 4.050368800000000533e+02
6.857184800000001133e+02 4.074147300000000769e+02
6.833523900000001277e+02 4.095116400000000567e+02
6.809586700000000974e+02 4.111554200000000492e+02
6.783206100000001015e+02 4.123618300000000545e+02
6.755162800000000516e+02 4.131054500000000758e+02
6.726238500000000613e+02 4.133548700000000622e+02
6.726240299999999479e+02 4.133548299999999927e+02
