5.408251099999999951e+02 5.324467899999999645e+02
5.374598099999999476e+02 5.323000300000001062e+02
5.344496199999999817e+02 5.315105399999999918e+02
5.318024399999999332e+02 5.301603400000001329e+02
5.295320099999999002e+02 5.283314000000000306e+02
5.276519599999999173e+02 5.261077100000001110e+02
5.261721599999999626e+02 5.235733300000001691e+02
5.251043499999999540e+02 5.208101800000001731e+02
5.244622599999999011e+02 5.179003800000000410e+02
5.242555799999998953e+02 5.149278200000001107e+02
5.244980199999998831e+02 5.119765200000001073e+02
5.252016699999999219e+02 5.091265700000001289e+02
5.263760899999999765e+02 5.064618900000001531e+02
5.280369999999999209e+02 5.040665000000001328e+02
5.301941699999998718e+02 5.020224500000001058e+02
5.328593499999998357e+02 5.004136900000000878e+02
5.360443699999998444e+02 4.993222300000001042e+02
5.391943399999998974e+02 4.985178900000000795e+02
5.422099199999998973e+02 4.983817500000000678e+02
5.450538599999998723e+02 4.988432200000000876e+02
5.476950099999999111e+02 4.998379700000000980e+02
5.501000499999998965e+02 5.012957400000000803e+02
5.522357599999999138e+02 5.031481700000001069e+02
5.540708699999998998e+02 5.053308500000001118e+02
5.555701199999998607e+02 5.077734700000000885e+02
5.574322399999998652e+02 5.131729000000000269e+02
5.577284099999998261e+02 5.159950200000000677e+02
5.575597999999998819e+02 5.188056400000000394e+02
5.568893099999999095e+02 5.215403599999999642e+02
5.556875199999999495e+02 5.241288600000000315e+02
5.539191799999999830e+02 5.265067200000000867e+02
5.515530400000000100e+02 5.286035799999999654e+02
5.491593599999999924e+02 5.302474099999999453e+02
5.465213099999999713e+02 5.314538199999999506e+02
5.437169699999999466e+02 5.321974099999999908e+02
5.408245399999999563e+02 5.324468200000000024e+02
5.408251099999999951e+02 5.324467899999999645e+02
