6.384200600000000350e+02 4.422513400000000274e+02
6.350547500000000127e+02 4.421045900000000302e+02
6.320445600000000468e+02 4.413150900000000547e+02
6.293974200000000110e+02 4.399648600000000442e+02
6.271269600000000537e+02 4.381359200000000556e+02
6.252469300000000203e+02 4.359122600000000602e+02
6.237671100000000024e+02 4.333778400000000488e+02
6.226993300000000318e+02 4.306147300000000655e+02
6.220572000000000799e+02 4.277049000000000660e+02
6.218505200000000741e+02 4.247323400000000788e+02
6.220929700000000366e+02 4.217810700000000566e+02
6.227966099999999869e+02 4.189310800000000654e+02
6.239710300000000416e+02 4.162664400000000455e+02
6.256319300000000112e+02 4.138710500000000252e+02
6.277891200000000254e+02 4.118269999999999982e+02
6.304543300000000272e+02 4.102182000000000244e+02
6.336393199999999979e+02 4.091267799999999966e+02
6.367892900000000509e+02 4.083224399999999719e+02
6.398048600000000761e+02 4.081863099999999918e+02
6.426488000000000511e+02 4.086477699999999800e+02
6.452899200000000519e+02 4.096425199999999904e+02
6.476949600000000373e+02 4.111002799999999979e+02
6.498306700000000546e+02 4.129527299999999741e+02
6.516657700000000659e+02 4.151353999999999473e+02
6.531650300000001153e+02 4.175779799999999682e+02
6.550271600000000944e+02 4.229774599999999509e+02
6.553237000000001444e+02 4.257995399999999790e+02
6.551550900000002002e+02 4.286101699999999823e+02
6.544846300000001520e+02 4.313448799999999892e+02
6.532828100000001541e+02 4.339333799999999997e+02
6.515144600000000992e+02 4.363112399999999980e+02
6.491483600000001388e+02 4.384081400000000031e+02
6.467546500000000833e+02 4.400519300000000271e+02
6.441165900000000875e+02 4.412583400000000324e+02
6.413122600000000375e+02 4.420019600000000537e+02
6.384198700000000599e+02 4.422513800000000401e+02
6.384200600000000350e+02 4.422513400000000274e+02
