3.269259799999999814e+02 7.796346039999999675e+02
3.235606699999999591e+02 7.794878469999999879e+02
3.205505199999999491e+02 7.786983549999999923e+02
3.179033499999999322e+02 7.773481309999999667e+02
3.156328799999999433e+02 7.755191889999999830e+02
3.137528599999999415e+02 7.732955359999999700e+02
3.122730699999999615e+02 7.707611130000000230e+02
3.112052499999999782e+02 7.679980060000000321e+02
3.105631599999999821e+02 7.650881630000000087e+02
3.103564799999999764e+02 7.621156100000000606e+02
3.105989299999999957e+02 7.591643000000000256e+02
3.113025299999999902e+02 7.563143499999999904e+02
3.124769900000000007e+02 7.536496999999999389e+02
3.141378900000000272e+02 7.512543200000000070e+02
3.162950400000000286e+02 7.492102700000000368e+02
3.189602500000000305e+02 7.476014699999999493e+02
3.221452300000000264e+02 7.465100099999999657e+02
3.252952500000000100e+02 7.457057099999999537e+02
3.283107800000000225e+02 7.455695799999999736e+02
3.311547600000000102e+02 7.460310299999999870e+02
3.337959200000000237e+02 7.470257900000000291e+02
3.362009500000000344e+02 7.484835500000000366e+02
3.383366300000000138e+02 7.503360000000000127e+02
3.401717300000000250e+02 7.525186700000000428e+02
3.416709900000000175e+02 7.549612500000000637e+02
3.435331100000000220e+02 7.603607299999999896e+02
3.438296500000000151e+02 7.631828100000000177e+02
3.436610499999999888e+02 7.659934329999999818e+02
3.429905499999999847e+02 7.687281960000000254e+02
3.417887299999999868e+02 7.713166949999999815e+02
3.400204200000000014e+02 7.736945070000000442e+02
3.376542800000000284e+02 7.757914150000000291e+02
3.352606100000000424e+02 7.774351990000000114e+02
3.326225100000000339e+02 7.786416100000000142e+02
3.298182200000000535e+02 7.793852309999999761e+02
3.269257500000000505e+02 7.796346510000000762e+02
3.269259799999999814e+02 7.796346039999999675e+02
