4.766982600000000048e+02 5.885497500000000173e+02
4.733329499999999825e+02 5.884029900000000453e+02
4.703227599999999597e+02 5.876134600000000319e+02
4.676756299999999555e+02 5.862632700000000341e+02
4.654051599999999667e+02 5.844343300000000454e+02
4.635251399999999649e+02 5.822106800000000248e+02
4.620453499999999849e+02 5.796762599999999566e+02
4.609775300000000016e+02 5.769131099999999606e+02
4.603354400000000055e+02 5.740033100000000559e+02
4.601287599999999998e+02 5.710307599999999866e+02
4.603715900000000261e+02 5.680794499999999516e+02
4.610751900000000205e+02 5.652294699999999921e+02
4.622496500000000310e+02 5.625648200000000543e+02
4.639105100000000448e+02 5.601694299999999203e+02
4.660677000000000589e+02 5.581253899999999248e+02
4.687329000000000860e+02 5.565166199999999890e+02
4.719179000000000883e+02 5.554251699999999801e+02
4.750679000000000656e+02 5.546208699999999681e+02
4.780834500000000844e+02 5.544843499999999494e+02
4.809274300000000721e+02 5.549458099999999376e+02
4.835685700000000793e+02 5.559405699999999797e+02
4.859736200000000963e+02 5.573983299999999872e+02
4.881093000000000757e+02 5.592507699999998749e+02
4.899444000000000869e+02 5.614334399999999050e+02
4.914436500000001047e+02 5.638760299999999006e+02
4.933057700000001091e+02 5.692754999999999654e+02
4.936023200000001339e+02 5.720976199999998926e+02
4.934337100000001328e+02 5.749082499999999527e+02
4.927632100000001287e+02 5.776429699999998775e+02
4.915614000000001056e+02 5.802314699999999448e+02
4.897930800000000886e+02 5.826093199999999115e+02
4.874269500000000903e+02 5.847061899999998786e+02
4.850332400000000916e+02 5.863499699999999848e+02
4.823951800000000958e+02 5.875564199999998891e+02
4.795908800000000838e+02 5.882999999999999545e+02
4.766984100000000808e+02 5.885494199999999410e+02
4.766982600000000048e+02 5.885497500000000173e+02
