6.603899699999999484e+02 3.718735599999999977e+02
6.570246199999999135e+02 3.717268000000000256e+02
6.540144799999999350e+02 3.709372700000000123e+02
6.513673299999999244e+02 3.695870300000000270e+02
6.490968299999999545e+02 3.677581300000000510e+02
6.472168399999999338e+02 3.655344800000000305e+02
6.457370499999999538e+02 3.630000500000000443e+02
6.446692399999999452e+02 3.602369100000000230e+02
6.440271499999998923e+02 3.573271100000000047e+02
6.438204699999998866e+02 3.543545500000000175e+02
6.440632999999999129e+02 3.514032500000000709e+02
6.447668999999999642e+02 3.485532200000001239e+02
6.459413899999999558e+02 3.458885800000001609e+02
6.476022299999999632e+02 3.434931900000001406e+02
6.497593699999999899e+02 3.414491500000001452e+02
6.524246200000000044e+02 3.398403800000000956e+02
6.556096400000000131e+02 3.387489300000000867e+02
6.587595700000000534e+02 3.379446200000000999e+02
6.617751100000000406e+02 3.378085000000000946e+02
6.646190900000000283e+02 3.382699500000001080e+02
6.672602400000000671e+02 3.392646700000001374e+02
6.696652900000000272e+02 3.407224300000001449e+02
6.718009600000000319e+02 3.425748800000001211e+02
6.736361299999999801e+02 3.447575500000001512e+02
6.751353199999999788e+02 3.472001600000000963e+02
6.769974799999999959e+02 3.525996400000000790e+02
6.772936499999999569e+02 3.554217500000000882e+02
6.771250400000000127e+02 3.582323900000000663e+02
6.764545000000000528e+02 3.609671000000000731e+02
6.752527200000000676e+02 3.635556100000000583e+02
6.734844100000000253e+02 3.659334600000000819e+02
6.711182700000000523e+02 3.680303600000000870e+02
6.687245599999999968e+02 3.696741500000001110e+02
6.660865000000000009e+02 3.708805500000000848e+02
6.632822099999999637e+02 3.716241800000000808e+02
6.603897399999999607e+02 3.718735900000000925e+02
6.603899699999999484e+02 3.718735599999999977e+02
