4.129634800000000041e+02 6.486434199999999919e+02
4.095981800000000135e+02 6.484966600000000199e+02
4.065880300000000034e+02 6.477071700000000192e+02
4.039408399999999801e+02 6.463569499999999834e+02
4.016703799999999660e+02 6.445280099999999948e+02
3.997903599999999642e+02 6.423043499999999995e+02
3.983105699999999842e+02 6.397699299999999312e+02
3.972427599999999757e+02 6.370068199999999479e+02
3.966006699999999796e+02 6.340969800000000305e+02
3.963939899999999739e+02 6.311244500000000244e+02
3.966368099999999686e+02 6.281731800000000021e+02
3.973404599999999505e+02 6.253232000000000426e+02
3.985148699999999735e+02 6.226585499999999911e+02
4.001757799999999747e+02 6.202631599999999708e+02
4.023329599999999573e+02 6.182191199999999753e+02
4.049981299999999464e+02 6.166103100000000268e+02
4.081831499999999551e+02 6.155188600000000179e+02
4.113331299999999828e+02 6.147145600000000059e+02
4.143486699999999701e+02 6.145784199999999373e+02
4.171926499999999578e+02 6.150398799999999255e+02
4.198337899999999649e+02 6.160346399999999676e+02
4.222388399999999820e+02 6.174923999999999751e+02
4.243745099999999866e+02 6.193448399999999765e+02
4.262096199999999726e+02 6.215275100000000066e+02
4.277088999999999714e+02 6.239701000000000022e+02
4.295709899999999948e+02 6.293695599999999786e+02
4.298671600000000126e+02 6.321916499999999814e+02
4.296985599999999863e+02 6.350022900000000163e+02
4.290280500000000075e+02 6.377370100000000548e+02
4.278262799999999970e+02 6.403255100000000084e+02
4.260579299999999989e+02 6.427033200000000761e+02
4.236917900000000259e+02 6.448002300000000560e+02
4.212981200000000399e+02 6.464440200000000232e+02
4.186600600000000441e+02 6.476504300000000285e+02
4.158557200000000194e+02 6.483940499999999929e+02
4.129632900000000291e+02 6.486434699999999793e+02
4.129634800000000041e+02 6.486434199999999919e+02
