4.444627199999999903e+02 6.197069599999999809e+02
4.410974199999999996e+02 6.195602000000000089e+02
4.380872299999999768e+02 6.187707100000000082e+02
4.354400799999999663e+02 6.174204799999999977e+02
4.331696199999999521e+02 6.155915400000000091e+02
4.312895999999999503e+02 6.133678800000000138e+02
4.298097699999999577e+02 6.108334700000000339e+02
4.287419899999999302e+02 6.080703200000000379e+02
4.280998699999999531e+02 6.051605200000000195e+02
4.278931899999999473e+02 6.021879699999999502e+02
4.281360099999999420e+02 5.992366600000000290e+02
4.288396599999999239e+02 5.963867099999999937e+02
4.300140799999999217e+02 5.937220700000000306e+02
4.316749799999999482e+02 5.913266800000000103e+02
4.338321599999999307e+02 5.892826000000000022e+02
4.364973699999999326e+02 5.876738299999999526e+02
4.396823599999999601e+02 5.865823800000000574e+02
4.428323299999999563e+02 5.857780800000000454e+02
4.458479099999999562e+02 5.856419399999999769e+02
4.486918899999999439e+02 5.861033999999999651e+02
4.513330399999999258e+02 5.870981199999998807e+02
4.537380799999999113e+02 5.885559200000000146e+02
4.558737499999999159e+02 5.904083499999999276e+02
4.577088499999999271e+02 5.925909899999999197e+02
4.592081099999999196e+02 5.950336199999999280e+02
4.610702299999999241e+02 6.004330400000000054e+02
4.613667699999999172e+02 6.032551700000000210e+02
4.611981799999999225e+02 6.060658000000000811e+02
4.605276699999999437e+02 6.088005200000000059e+02
4.593258599999999205e+02 6.113890200000000732e+02
4.575575099999999225e+02 6.137668700000000399e+02
4.551914099999999053e+02 6.158637800000000198e+02
4.527976999999999066e+02 6.175075600000000122e+02
4.501596399999999107e+02 6.187139700000000175e+02
4.473552999999998860e+02 6.194575899999999820e+02
4.444628699999998958e+02 6.197070000000001073e+02
4.444627199999999903e+02 6.197069599999999809e+02
