5.648232000000000426e+02 4.610207800000000020e+02
5.614578900000000203e+02 4.608740200000000300e+02
5.584477500000000418e+02 4.600845000000000482e+02
5.558005600000000186e+02 4.587343100000000504e+02
5.535301000000000613e+02 4.569053700000000617e+02
5.516500700000000279e+02 4.546817100000000664e+02
5.501702800000000479e+02 4.521472900000000550e+02
5.491024700000000394e+02 4.493841400000000590e+02
5.484603799999999865e+02 4.464743400000000406e+02
5.482536999999999807e+02 4.435017900000000282e+02
5.484965300000000070e+02 4.405504900000000248e+02
5.492001699999999573e+02 4.377005400000000463e+02
5.503745799999999235e+02 4.350358600000000706e+02
5.520354899999998679e+02 4.326404700000000503e+02
5.541926699999999073e+02 4.305964200000000233e+02
5.568578499999998712e+02 4.289876600000000053e+02
5.600428799999998546e+02 4.278962000000000216e+02
5.631928399999998192e+02 4.270919000000000096e+02
5.662083799999998064e+02 4.269557599999999979e+02
5.690523599999997941e+02 4.274171900000000051e+02
5.716935099999998329e+02 4.284119400000000155e+02
5.740985499999998183e+02 4.298697099999999978e+02
5.762342199999998229e+02 4.317221400000000244e+02
5.780693299999998089e+02 4.339048099999999977e+02
5.795686199999997825e+02 4.363474400000000060e+02
5.814307099999997490e+02 4.417468700000000013e+02
5.817272499999997990e+02 4.445689899999999852e+02
5.815586499999998296e+02 4.473796199999999885e+02
5.808881499999998823e+02 4.501143399999999701e+02
5.796863299999998844e+02 4.527028399999999806e+02
5.779180199999998422e+02 4.550806900000000041e+02
5.755518799999998691e+02 4.571775600000000281e+02
5.731581699999998136e+02 4.588213800000000333e+02
5.705201099999998178e+02 4.600277900000000386e+02
5.677158199999997805e+02 4.607713800000000219e+02
5.648233499999997775e+02 4.610207900000000336e+02
5.648232000000000426e+02 4.610207800000000020e+02
