3.816097899999999754e+02 6.773484799999999950e+02
3.782444799999999532e+02 6.772017200000000230e+02
3.752342999999999620e+02 6.764122300000000223e+02
3.725871199999999703e+02 6.750619899999999234e+02
3.703166899999999941e+02 6.732330500000000484e+02
3.684366600000000176e+02 6.710094000000000278e+02
3.669568399999999997e+02 6.684749899999999343e+02
3.658890200000000164e+02 6.657118699999999762e+02
3.652469300000000203e+02 6.628020300000000589e+02
3.650402500000000146e+02 6.598294700000000148e+02
3.652827000000000339e+02 6.568781699999999546e+02
3.659863500000000158e+02 6.540282200000000330e+02
3.671607600000000389e+02 6.513635799999999563e+02
3.688216700000000401e+02 6.489681900000000496e+02
3.709788500000000226e+02 6.469241400000000795e+02
3.736440300000000434e+02 6.453153300000000172e+02
3.768290500000000520e+02 6.442239200000000210e+02
3.799790200000000482e+02 6.434195799999999963e+02
3.829945900000000734e+02 6.432834500000000162e+02
3.858385800000000927e+02 6.437449100000000044e+02
3.884796900000001187e+02 6.447396599999999580e+02
3.908847300000001042e+02 6.461974300000000540e+02
3.930204400000001215e+02 6.480498600000000806e+02
3.948555400000001327e+02 6.502325299999999970e+02
3.963548000000001252e+02 6.526751199999999926e+02
3.982169200000001297e+02 6.580745900000000574e+02
3.985134700000001544e+02 6.608966700000000856e+02
3.983448600000001534e+02 6.637073400000000447e+02
3.976743600000001493e+02 6.664420600000000832e+02
3.964725400000001514e+02 6.690305600000000368e+02
3.947042300000001660e+02 6.714083800000000792e+02
3.923380900000001930e+02 6.735052800000000843e+02
3.899443800000001943e+02 6.751490700000000516e+02
3.873063200000001984e+02 6.763554699999999684e+02
3.845020300000002180e+02 6.770991000000000213e+02
3.816095600000002150e+02 6.773485100000000330e+02
3.816097899999999754e+02 6.773484799999999950e+02
