2.867407099999999787e+02 7.658722199999999702e+02
2.833753999999999564e+02 7.657254599999999982e+02
2.803652099999999336e+02 7.649359399999999596e+02
2.777180799999999294e+02 7.635857499999999618e+02
2.754476099999999406e+02 7.617568099999999731e+02
2.735675799999999640e+02 7.595331499999999778e+02
2.720877599999999461e+02 7.569987300000000232e+02
2.710199799999999186e+02 7.542356200000000399e+02
2.703778899999999226e+02 7.513257800000000088e+02
2.701712099999999168e+02 7.483532300000000532e+02
2.704140399999999431e+02 7.454019299999999930e+02
2.711176399999999376e+02 7.425519799999999577e+02
2.722920999999999481e+02 7.398872999999999820e+02
2.739529599999999618e+02 7.374919499999999744e+02
2.761101499999999760e+02 7.354479000000000042e+02
2.787753500000000031e+02 7.338391000000000304e+02
2.819603500000000054e+02 7.327476400000000467e+02
2.851103499999999826e+02 7.319433400000000347e+02
2.881258899999999699e+02 7.318071999999999662e+02
2.909698599999999828e+02 7.322686599999999544e+02
2.936109899999999584e+02 7.332634199999999964e+02
2.960160299999999438e+02 7.347211800000000039e+02
2.981517399999999611e+02 7.365735799999999927e+02
2.999868499999999472e+02 7.387562500000000227e+02
3.014861099999999396e+02 7.411988799999999173e+02
3.033482299999999441e+02 7.465983099999999695e+02
3.036443999999999619e+02 7.494204300000000103e+02
3.034757899999999609e+02 7.522310499999999820e+02
3.028052899999999568e+02 7.549657700000000204e+02
3.016034699999999589e+02 7.575542699999999741e+02
2.998351599999999735e+02 7.599321299999999155e+02
2.974690200000000004e+02 7.620290299999999206e+02
2.950753100000000018e+02 7.636728200000000015e+02
2.924372500000000059e+02 7.648792300000000068e+02
2.896329499999999939e+02 7.656228499999999713e+02
2.867404799999999909e+02 7.658722699999999577e+02
2.867407099999999787e+02 7.658722199999999702e+02
