6.132548299999999699e+02 6.722295400000000427e+02
6.098898699999999735e+02 6.720748699999999189e+02
6.068815499999999474e+02 6.712783500000000458e+02
6.042375599999999167e+02 6.699218899999999621e+02
6.019714099999998780e+02 6.680876399999999649e+02
6.000965899999998783e+02 6.658595599999999877e+02
5.986227499999998827e+02 6.633217099999999391e+02
5.975614299999998593e+02 6.605560900000000402e+02
5.969261699999998427e+02 6.576447600000000193e+02
5.967266699999998991e+02 6.546716999999999871e+02
5.969762899999999490e+02 6.517209900000000289e+02
5.976866099999999733e+02 6.488726900000000342e+02
5.988673000000000002e+02 6.462108200000000124e+02
6.005338199999999915e+02 6.438193300000000363e+02
6.026958099999999376e+02 6.417803400000000238e+02
6.053647399999999834e+02 6.401778199999999970e+02
6.085523100000000341e+02 6.390938499999999749e+02
6.117041700000000901e+02 6.382969100000000253e+02
6.147200300000000652e+02 6.381675900000000183e+02
6.175629300000000512e+02 6.386357199999999921e+02
6.202017200000000230e+02 6.396366900000000442e+02
6.226033200000000534e+02 6.411000699999999597e+02
6.247346500000001015e+02 6.429575099999999566e+02
6.265646300000000792e+02 6.451444900000000189e+02
6.280581600000000435e+02 6.475906199999999444e+02
6.299076000000000022e+02 6.529944100000000162e+02
6.301973199999999906e+02 6.558172200000000203e+02
6.300222999999999729e+02 6.586274599999999282e+02
6.293453999999999269e+02 6.613605800000000272e+02
6.281374999999999318e+02 6.639462700000000268e+02
6.263636099999998805e+02 6.663199600000000373e+02
6.239925599999999122e+02 6.684112599999999702e+02
6.215950099999998884e+02 6.700494400000000041e+02
6.189541299999998500e+02 6.712496499999999742e+02
6.161480799999998226e+02 6.719866700000000037e+02
6.132550599999998440e+02 6.722292700000000423e+02
6.132548299999999699e+02 6.722295400000000427e+02
