3.194169499999999857e+02 7.361906699999999546e+02
3.160516199999999571e+02 7.360439199999999573e+02
3.130414599999999723e+02 7.352544199999999819e+02
3.103942799999999806e+02 7.339041899999999714e+02
3.081238199999999665e+02 7.320752899999999954e+02
3.062437999999999647e+02 7.298516399999999749e+02
3.047639999999999532e+02 7.273172200000000203e+02
3.036961899999999446e+02 7.245540700000000243e+02
3.030541099999999233e+02 7.216442299999999932e+02
3.028474199999999428e+02 7.186716799999999239e+02
3.030902399999999375e+02 7.157204100000000153e+02
3.037938899999999194e+02 7.128704199999999673e+02
3.049683099999999172e+02 7.102057800000000043e+02
3.066292199999999184e+02 7.078103899999999840e+02
3.087863999999999010e+02 7.057663499999999885e+02
3.114515699999998901e+02 7.041575800000000527e+02
3.146365899999998987e+02 7.030661300000000438e+02
3.177865599999998949e+02 7.022617900000000191e+02
3.208020999999998821e+02 7.021256499999999505e+02
3.236460799999998699e+02 7.025871099999999387e+02
3.262872299999998518e+02 7.035818699999999808e+02
3.286922699999998372e+02 7.050396299999999883e+02
3.308279799999998545e+02 7.068920600000000150e+02
3.326630899999998405e+02 7.090747499999999945e+02
3.341623399999998583e+02 7.115173600000000533e+02
3.360244599999998627e+02 7.169167899999999918e+02
3.363206299999998805e+02 7.197389100000000326e+02
3.361520199999998795e+02 7.225495399999999790e+02
3.354815299999999070e+02 7.252842600000000175e+02
3.342797099999999091e+02 7.278727600000000848e+02
3.325113999999999237e+02 7.302505800000001273e+02
3.301452699999999254e+02 7.323474800000001323e+02
3.277515499999999520e+02 7.339912700000000996e+02
3.251134899999999561e+02 7.351977100000000291e+02
3.223091899999999441e+02 7.359413000000000693e+02
3.194167299999999159e+02 7.361907100000000810e+02
3.194169499999999857e+02 7.361906699999999546e+02
