6.291860799999999472e+02 4.003352199999999925e+02
6.258207799999998997e+02 4.001884699999999953e+02
6.228105899999999338e+02 3.993989700000000198e+02
6.201634399999999232e+02 3.980487500000000409e+02
6.178929899999999407e+02 3.962198100000000522e+02
6.160129599999999073e+02 3.939961600000000317e+02
6.145331299999999146e+02 3.914617300000000455e+02
6.134653499999999440e+02 3.886986200000000622e+02
6.128232299999999668e+02 3.857887800000000880e+02
6.126165499999999611e+02 3.828162300000000755e+02
6.128589899999999489e+02 3.798649500000000785e+02
6.135626399999999876e+02 3.770149700000000621e+02
6.147370600000000422e+02 3.743503200000000675e+02
6.163979600000000119e+02 3.719549300000000471e+02
6.185551500000000260e+02 3.699108900000000517e+02
6.212203500000000531e+02 3.683021200000000590e+02
6.244053400000000238e+02 3.672106700000000501e+02
6.275553499999999758e+02 3.664063300000000254e+02
6.305708899999999630e+02 3.662702000000000453e+02
6.334148699999999508e+02 3.667316500000000588e+02
6.360559799999999768e+02 3.677264100000000440e+02
6.384610199999999622e+02 3.691841700000000515e+02
6.405967299999999796e+02 3.710366200000000276e+02
6.424318399999999656e+02 3.732192900000000009e+02
6.439311399999999139e+02 3.756618700000000217e+02
6.457932199999999057e+02 3.810613500000000045e+02
6.460897599999999557e+02 3.838834300000000326e+02
6.459211599999999862e+02 3.866940500000000611e+02
6.452506899999999632e+02 3.894287800000000743e+02
6.440488399999999274e+02 3.920172700000000532e+02
6.422805299999998851e+02 3.943951300000000515e+02
6.399144299999999248e+02 3.964920300000000566e+02
6.375207199999998693e+02 3.981358200000000807e+02
6.348826499999998987e+02 3.993422300000000860e+02
6.320783299999999372e+02 4.000858500000001072e+02
6.291858999999999469e+02 4.003352700000000937e+02
6.291860799999999472e+02 4.003352199999999925e+02
