4.052875099999999975e+02 6.052211600000000544e+02
4.019222199999999816e+02 6.050744099999999435e+02
3.989120599999999968e+02 6.042849100000000817e+02
3.962648800000000051e+02 6.029346800000000712e+02
3.939944199999999910e+02 6.011057800000000952e+02
3.921143999999999892e+02 5.988820900000000620e+02
3.906345999999999776e+02 5.963477000000000317e+02
3.895667899999999690e+02 5.935845500000000357e+02
3.889247099999999477e+02 5.906747600000001057e+02
3.887180199999999672e+02 5.877022000000001754e+02
3.889608399999999619e+02 5.847509000000001151e+02
3.896644899999999438e+02 5.819009100000000672e+02
3.908389099999999416e+02 5.792362700000001041e+02
3.924998199999999429e+02 5.768408800000000838e+02
3.946569899999999507e+02 5.747968400000000884e+02
3.973222099999999273e+02 5.731880700000001525e+02
4.005071899999999232e+02 5.720966100000000552e+02
4.036571599999999194e+02 5.712922700000001441e+02
4.066726999999999066e+02 5.711561400000000503e+02
4.095166799999998943e+02 5.716176000000000386e+02
4.121578299999998762e+02 5.726123600000000806e+02
4.145628699999998616e+02 5.740701200000000881e+02
4.166985399999998663e+02 5.759225500000001148e+02
4.185336499999998523e+02 5.781052300000001196e+02
4.200329399999998259e+02 5.805478100000001405e+02
4.218950599999998303e+02 5.859472800000000916e+02
4.221912299999998481e+02 5.887694000000001324e+02
4.220226199999998471e+02 5.915800300000000789e+02
4.213520899999998619e+02 5.943147500000001173e+02
4.201502999999998451e+02 5.969032400000000962e+02
4.183819599999998218e+02 5.992811100000001261e+02
4.160158199999998487e+02 6.013779600000000300e+02
4.136221399999998312e+02 6.030218000000000984e+02
4.109840899999998101e+02 6.042282000000000153e+02
4.081797599999998170e+02 6.049717900000000554e+02
4.052873199999997951e+02 6.052212000000000671e+02
4.052875099999999975e+02 6.052211600000000544e+02
