6.229021699999999555e+02 3.562235900000000015e+02
6.195368599999999333e+02 3.560768400000000042e+02
6.165266699999999673e+02 3.552873500000000035e+02
6.138795299999999315e+02 3.539371100000000183e+02
6.116090699999999742e+02 3.521081700000000296e+02
6.097290399999999408e+02 3.498845300000000407e+02
6.082492199999999229e+02 3.473500599999999849e+02
6.071814399999999523e+02 3.445869599999999764e+02
6.065393100000000004e+02 3.416771099999999706e+02
6.063326299999999947e+02 3.387045600000000150e+02
6.065754600000000210e+02 3.357532899999999927e+02
6.072790999999999713e+02 3.329033100000000331e+02
6.084535200000000259e+02 3.302386599999999817e+02
6.101144199999999955e+02 3.278432799999999361e+02
6.122716100000000097e+02 3.257992299999999659e+02
6.149368100000000368e+02 3.241904599999999164e+02
6.181218099999999822e+02 3.230990099999999074e+02
6.212718099999999595e+02 3.222946699999998827e+02
6.242873499999999467e+02 3.221585299999999279e+02
6.271313299999999344e+02 3.226199899999999161e+02
6.297724399999999605e+02 3.236147499999999582e+02
6.321774799999999459e+02 3.250725099999999657e+02
6.343131899999999632e+02 3.269249599999999418e+02
6.361482999999999493e+02 3.291076299999999719e+02
6.376475599999999986e+02 3.315502500000000055e+02
6.395096399999999903e+02 3.369496800000000576e+02
6.398058099999999513e+02 3.397718000000000984e+02
6.396372000000000071e+02 3.425823800000000574e+02
6.389667100000000346e+02 3.453171500000000833e+02
6.377649200000000747e+02 3.479056500000000369e+02
6.359965700000000197e+02 3.502835000000000036e+02
6.336304700000000594e+02 3.523804099999999835e+02
6.312367600000000039e+02 3.540242299999999886e+02
6.285987000000000080e+02 3.552306399999999940e+02
6.257944099999999708e+02 3.559742200000000025e+02
6.229019399999999678e+02 3.562236300000000142e+02
6.229021699999999555e+02 3.562235900000000015e+02
