2.755309500000000185e+02 7.221482499999999618e+02
2.721656399999999962e+02 7.220014999999999645e+02
2.691554600000000050e+02 7.212119599999999764e+02
2.665083099999999945e+02 7.198617699999999786e+02
2.642378499999999804e+02 7.180328299999999899e+02
2.623578200000000038e+02 7.158091799999999694e+02
2.608779900000000112e+02 7.132747500000000400e+02
2.598102099999999837e+02 7.105116500000000315e+02
2.591681299999999624e+02 7.076018100000000004e+02
2.589614499999999566e+02 7.046292500000000700e+02
2.592042799999999829e+02 7.016779500000000098e+02
2.599078799999999774e+02 6.988279999999999745e+02
2.610823299999999563e+02 6.961633100000000240e+02
2.627431999999999448e+02 6.937679600000000164e+02
2.649003799999999273e+02 6.917239299999999957e+02
2.675655999999999040e+02 6.901151300000000219e+02
2.707505899999999315e+02 6.890236700000000383e+02
2.739005899999999087e+02 6.882193700000000263e+02
2.769161299999998960e+02 6.880832299999999577e+02
2.797601099999998837e+02 6.885446899999999459e+02
2.824012199999999098e+02 6.895394499999999880e+02
2.848062999999999079e+02 6.909972099999999955e+02
2.869419699999999125e+02 6.928496099999999842e+02
2.887770699999999238e+02 6.950322800000000143e+02
2.902763399999999478e+02 6.974748999999999342e+02
2.921384499999999207e+02 7.028743299999999863e+02
2.924346199999999385e+02 7.056964500000000271e+02
2.922660099999999375e+02 7.085070799999999736e+02
2.915955099999999334e+02 7.112418000000000120e+02
2.903936999999999102e+02 7.138303000000000793e+02
2.886253899999999248e+02 7.162081600000000208e+02
2.862592499999999518e+02 7.183050500000000511e+02
2.838655399999999531e+02 7.199488499999999931e+02
2.812274799999999573e+02 7.211552500000000236e+02
2.784231899999999769e+02 7.218988799999999628e+02
2.755307199999999739e+02 7.221482900000000882e+02
2.755309500000000185e+02 7.221482499999999618e+02
