4.358868499999999813e+02 5.775666699999999310e+02
4.325215499999999906e+02 5.774199100000000726e+02
4.295113599999999678e+02 5.766304299999999330e+02
4.268642199999999889e+02 5.752802300000000741e+02
4.245937500000000000e+02 5.734512899999999718e+02
4.227137399999999730e+02 5.712276400000000649e+02
4.212339099999999803e+02 5.686932199999999966e+02
4.201661299999999528e+02 5.659300700000000006e+02
4.195240099999999757e+02 5.630202600000000075e+02
4.193173299999999699e+02 5.600477100000000519e+02
4.195601399999999899e+02 5.570964099999999917e+02
4.202637899999999718e+02 5.542464600000000701e+02
4.214382099999999696e+02 5.515817799999999806e+02
4.230991199999999708e+02 5.491863900000000740e+02
4.252562999999999533e+02 5.471423399999999901e+02
4.279215099999999552e+02 5.455335700000000543e+02
4.311064899999999511e+02 5.444421199999999317e+02
4.342564699999999789e+02 5.436378199999999197e+02
4.372720400000000041e+02 5.435013099999999895e+02
4.401160300000000234e+02 5.439627699999999777e+02
4.427571400000000494e+02 5.449575199999999313e+02
4.451621800000000349e+02 5.464152799999999388e+02
4.472978900000000522e+02 5.482677300000000287e+02
4.491329900000000634e+02 5.504503999999999451e+02
4.506322500000000559e+02 5.528930199999999786e+02
4.524943700000000604e+02 5.582924599999998918e+02
4.527909200000000851e+02 5.611145799999999326e+02
4.526223100000000841e+02 5.639251999999999043e+02
4.519518100000000800e+02 5.666599299999999175e+02
4.507499100000000567e+02 5.692484199999998964e+02
4.489815700000000334e+02 5.716262699999999768e+02
4.466154300000000603e+02 5.737231399999999439e+02
4.442217600000000743e+02 5.753669699999999239e+02
4.415836900000000469e+02 5.765733799999999292e+02
4.387793700000000285e+02 5.773169599999998809e+02
4.358869400000000383e+02 5.775663799999999810e+02
4.358868499999999813e+02 5.775666699999999310e+02
