4.689309700000000021e+02 5.475676700000000210e+02
4.655656700000000114e+02 5.474209200000000237e+02
4.625554799999999886e+02 5.466314200000000483e+02
4.599083299999999781e+02 5.452812300000000505e+02
4.576378699999999640e+02 5.434522900000000618e+02
4.557578499999999622e+02 5.412286300000000665e+02
4.542780499999999506e+02 5.386942100000001119e+02
4.532102499999999736e+02 5.359310600000001159e+02
4.525681199999999649e+02 5.330212700000000723e+02
4.523614299999999844e+02 5.300487100000000282e+02
4.526038800000000037e+02 5.270974000000001070e+02
4.533075299999999856e+02 5.242474100000001727e+02
4.544819899999999961e+02 5.215827700000000959e+02
4.561428500000000099e+02 5.191874200000000883e+02
4.583000400000000241e+02 5.171433300000001054e+02
4.609652400000000512e+02 5.155345700000000306e+02
4.641502300000000787e+02 5.144431100000001607e+02
4.673002300000000560e+02 5.136388100000001486e+02
4.703157800000000748e+02 5.135026800000000549e+02
4.731597600000000625e+02 5.139641000000001441e+02
4.758009000000000697e+02 5.149588500000000977e+02
4.782059500000000867e+02 5.164166200000000799e+02
4.803416300000000660e+02 5.182690600000000813e+02
4.821767300000000773e+02 5.204517299999999977e+02
4.836759800000000951e+02 5.228943500000000313e+02
4.855381000000000995e+02 5.282937900000000582e+02
4.858346500000001242e+02 5.311159099999999853e+02
4.856660500000000980e+02 5.339265300000000707e+02
4.849955400000001191e+02 5.366612500000001091e+02
4.837937300000000960e+02 5.392497500000000628e+02
4.820254100000000790e+02 5.416276199999999790e+02
4.796592100000000869e+02 5.437244700000001103e+02
4.772654900000001135e+02 5.453682700000000523e+02
4.746274300000001176e+02 5.465747100000000955e+02
4.718231400000001372e+02 5.473183000000000220e+02
4.689306700000001342e+02 5.475677100000000337e+02
4.689309700000000021e+02 5.475676700000000210e+02
