3.740609999999999786e+02 6.352062499999999545e+02
3.706956899999999564e+02 6.350595000000000709e+02
3.676854999999999336e+02 6.342699999999999818e+02
3.650383199999999420e+02 6.329198099999999840e+02
3.627678999999999405e+02 6.310908699999999953e+02
3.608878299999999513e+02 6.288672300000000632e+02
3.594080399999999713e+02 6.263328099999999949e+02
3.583402299999999627e+02 6.235696700000000874e+02
3.576981399999999667e+02 6.206598599999999806e+02
3.574914599999999609e+02 6.176873100000000250e+02
3.577339099999999803e+02 6.147359999999999900e+02
3.584375499999999874e+02 6.118860600000000431e+02
3.596119699999999852e+02 6.092213699999999790e+02
3.612728700000000117e+02 6.068259800000000723e+02
3.634300600000000259e+02 6.047819299999999885e+02
3.660952200000000403e+02 6.031731700000000274e+02
3.692802500000000236e+02 6.020817199999999048e+02
3.724302200000000198e+02 6.012774099999999180e+02
3.754458000000000197e+02 6.011412800000000516e+02
3.782897800000000075e+02 6.016026999999999134e+02
3.809308900000000335e+02 6.025974499999999807e+02
3.833359300000000189e+02 6.040552500000000009e+02
3.854716400000000363e+02 6.059076600000000781e+02
3.873067500000000223e+02 6.080903299999999945e+02
3.888060100000000148e+02 6.105329600000000028e+02
3.906681300000000192e+02 6.159323900000000549e+02
3.909646600000000376e+02 6.187545099999999820e+02
3.907960700000000429e+02 6.215651300000000674e+02
3.901255600000000641e+02 6.242998600000000806e+02
3.889237500000000409e+02 6.268883500000000595e+02
3.871554400000000555e+02 6.292662000000000262e+02
3.847893000000000825e+02 6.313630900000000565e+02
3.823955900000000838e+02 6.330068800000000238e+02
3.797575300000000880e+02 6.342132900000000291e+02
3.769532400000001076e+02 6.349569100000001072e+02
3.740607700000001046e+02 6.352063299999999799e+02
3.740609999999999786e+02 6.352062499999999545e+02
