3.414683999999999742e+02 6.639862399999999525e+02
3.381031399999999962e+02 6.638394799999999805e+02
3.350929499999999734e+02 6.630499899999999798e+02
3.324458099999999945e+02 6.616997499999999945e+02
3.301752999999999929e+02 6.598708100000000059e+02
3.282952799999999911e+02 6.576471599999999853e+02
3.268154900000000112e+02 6.551127800000000434e+02
3.257477200000000153e+02 6.523496300000000474e+02
3.251055900000000065e+02 6.494397999999999911e+02
3.248989100000000008e+02 6.464672299999999723e+02
3.251417299999999955e+02 6.435159700000000385e+02
3.258453799999999774e+02 6.406659900000000789e+02
3.270197999999999752e+02 6.380013400000000274e+02
3.286807000000000016e+02 6.356059500000001208e+02
3.308378799999999842e+02 6.335619000000000369e+02
3.335030899999999860e+02 6.319531400000000758e+02
3.366880800000000136e+02 6.308616900000000669e+02
3.398380500000000097e+02 6.300573500000000422e+02
3.428535899999999970e+02 6.299212200000000621e+02
3.456976099999999974e+02 6.303826700000000756e+02
3.483387200000000234e+02 6.313774200000000292e+02
3.507437600000000089e+02 6.328351900000001251e+02
3.528794700000000262e+02 6.346876300000001265e+02
3.547145399999999995e+02 6.368703000000000429e+02
3.562138299999999731e+02 6.393128800000000638e+02
3.580759499999999775e+02 6.447123600000001034e+02
3.583721199999999953e+02 6.475344300000001567e+02
3.582035099999999943e+02 6.503451000000001159e+02
3.575330099999999902e+02 6.530798200000001543e+02
3.563311899999999923e+02 6.556683200000001079e+02
3.545628800000000069e+02 6.580461400000001504e+02
3.521967400000000339e+02 6.601430400000001555e+02
3.498030300000000352e+02 6.617868300000001227e+02
3.471649800000000141e+02 6.629932300000000396e+02
3.443606800000000021e+02 6.637368600000000924e+02
3.414682099999999991e+02 6.639862700000001041e+02
3.414683999999999742e+02 6.639862399999999525e+02
