5.330021299999999655e+02 4.887035399999999754e+02
5.296368199999999433e+02 4.885567800000000034e+02
5.266266399999999521e+02 4.877672999999999774e+02
5.239794599999999036e+02 4.864170699999999670e+02
5.217090299999998706e+02 4.845881599999999594e+02
5.198289999999998372e+02 4.823644699999999830e+02
5.183491799999998193e+02 4.798300899999999842e+02
5.172813599999998360e+02 4.770669399999999882e+02
5.166392699999997831e+02 4.741571399999999699e+02
5.164325899999997773e+02 4.711845799999999826e+02
5.166754199999998036e+02 4.682332799999999793e+02
5.173790599999997539e+02 4.653832999999999629e+02
5.185534799999998086e+02 4.627186599999999430e+02
5.202143899999997529e+02 4.603232699999999227e+02
5.223715699999997923e+02 4.582792199999998957e+02
5.250367499999997563e+02 4.566704499999999030e+02
5.282217699999997649e+02 4.555789999999998940e+02
5.313717299999997294e+02 4.547746599999998693e+02
5.343873099999997294e+02 4.546385199999998576e+02
5.372312999999996919e+02 4.550999899999998775e+02
5.398724099999997179e+02 4.560947399999998879e+02
5.422774499999997033e+02 4.575524999999998954e+02
5.444131599999997206e+02 4.594049399999998968e+02
5.462482599999997319e+02 4.615876099999998701e+02
5.477475199999997812e+02 4.640301999999998657e+02
5.496096399999997857e+02 4.694296699999998737e+02
5.499058099999997467e+02 4.722517899999998576e+02
5.497371999999998025e+02 4.750624099999998862e+02
5.490666999999998552e+02 4.777971299999998678e+02
5.478649199999998700e+02 4.803856299999998782e+02
5.460965699999998151e+02 4.827634799999999018e+02
5.437304299999998420e+02 4.848603499999999258e+02
5.413367599999997992e+02 4.865041799999999057e+02
5.386986999999998034e+02 4.877105899999999110e+02
5.358943699999997534e+02 4.884541699999999196e+02
5.330019399999997631e+02 4.887035899999999060e+02
5.330021299999999655e+02 4.887035399999999754e+02
