5.035725899999999911e+02 5.163858299999999417e+02
5.002072799999999688e+02 5.162390700000000834e+02
4.971970899999999460e+02 5.154495799999999690e+02
4.945499499999999671e+02 5.140993499999999585e+02
4.922794899999999529e+02 5.122704100000000835e+02
4.903994699999999511e+02 5.100467600000000061e+02
4.889196399999999585e+02 5.075123800000000074e+02
4.878518199999999752e+02 5.047492300000000114e+02
4.872097399999999539e+02 5.018393800000000056e+02
4.870030599999999481e+02 4.988668299999999931e+02
4.872458699999999681e+02 4.959155599999999708e+02
4.879495199999999500e+02 4.930655799999999545e+02
4.891239399999999478e+02 4.904009299999999598e+02
4.907848499999999490e+02 4.880055399999999395e+02
4.929420299999999315e+02 4.859614999999999441e+02
4.956072399999999334e+02 4.843527299999999514e+02
4.987922199999999293e+02 4.832612799999999424e+02
5.019421999999999571e+02 4.824569399999999177e+02
5.049577699999999822e+02 4.823208099999999376e+02
5.078017499999999700e+02 4.827822599999999511e+02
5.104428699999999708e+02 4.837770199999999363e+02
5.128479099999999562e+02 4.852347799999999438e+02
5.149836199999999735e+02 4.870872299999999200e+02
5.168187199999999848e+02 4.892698999999998932e+02
5.183179699999999457e+02 4.917125199999998699e+02
5.201800999999999249e+02 4.971119599999998968e+02
5.204766399999999749e+02 4.999340399999999249e+02
5.203080400000000054e+02 5.027446999999999093e+02
5.196375400000000582e+02 5.054794199999998909e+02
5.184357600000000730e+02 5.080679199999999014e+02
5.166674100000000180e+02 5.104457399999998870e+02
5.143012700000000450e+02 5.125426399999998921e+02
5.119076000000000590e+02 5.141864299999999730e+02
5.092695400000000632e+02 5.153928399999999783e+02
5.064652000000000385e+02 5.161364599999999427e+02
5.035727800000000229e+02 5.163858699999999544e+02
5.035725899999999911e+02 5.163858299999999417e+02
