5.798298300000000154e+02 7.016491300000000138e+02
5.764649000000000569e+02 7.014944699999999784e+02
5.734565900000000056e+02 7.006979099999999789e+02
5.708125999999999749e+02 6.993414800000000469e+02
5.685464099999999235e+02 6.975072400000000243e+02
5.666716299999999364e+02 6.952791600000000471e+02
5.651977799999999661e+02 6.927412699999999859e+02
5.641364699999999175e+02 6.899756499999999733e+02
5.635012099999999009e+02 6.870643199999999524e+02
5.633017099999999573e+02 6.840913000000000466e+02
5.635513300000000072e+02 6.811405899999999747e+02
5.642616500000000315e+02 6.782922499999999673e+02
5.654423400000000584e+02 6.756303800000000592e+02
5.671088500000000749e+02 6.732389299999999821e+02
5.692708000000001221e+02 6.711999000000000706e+02
5.719397800000001553e+02 6.695973800000000438e+02
5.751273300000001427e+02 6.685134500000000344e+02
5.782791700000001356e+02 6.677165099999999711e+02
5.812950700000001234e+02 6.675871899999999641e+02
5.841379600000001346e+02 6.680552800000000389e+02
5.867767600000000812e+02 6.690562400000000025e+02
5.891783500000001368e+02 6.705196600000000444e+02
5.913096900000001597e+02 6.723771000000000413e+02
5.931396500000001879e+02 6.745640499999999520e+02
5.946332000000002154e+02 6.770101799999999912e+02
5.964826300000001993e+02 6.824139999999999873e+02
5.967723600000001625e+02 6.852367799999999534e+02
5.965973400000001448e+02 6.880470199999999750e+02
5.959204300000001240e+02 6.907801699999999983e+02
5.947125200000001541e+02 6.933658299999999599e+02
5.929386500000001661e+02 6.957395199999999704e+02
5.905676000000001977e+02 6.978308600000000297e+02
5.881700400000001991e+02 6.994690000000000509e+02
5.855291500000001861e+02 7.006692500000000337e+02
5.827231000000001586e+02 7.014062699999999495e+02
5.798300500000001421e+02 7.016488699999999881e+02
5.798298300000000154e+02 7.016491300000000138e+02
