5.473926500000000033e+02 7.304202599999999848e+02
5.440276900000000069e+02 7.302655899999999747e+02
5.410194099999999935e+02 7.294690299999999752e+02
5.383754199999999628e+02 7.281126100000000179e+02
5.361092299999999113e+02 7.262783600000000206e+02
5.342344499999999243e+02 7.240502800000000434e+02
5.327605999999999540e+02 7.215123899999999821e+02
5.316992899999999054e+02 7.187467699999999695e+02
5.310639899999998761e+02 7.158354400000000624e+02
5.308644999999999072e+02 7.128624200000000428e+02
5.311141199999999571e+02 7.099117100000000846e+02
5.318244699999999057e+02 7.070634099999999762e+02
5.330051599999999326e+02 7.044015000000000555e+02
5.346716299999999364e+02 7.020100500000000920e+02
5.368336199999998826e+02 6.999710600000000795e+02
5.395025999999999158e+02 6.983685400000000527e+02
5.426901299999999537e+02 6.972845700000000306e+02
5.458419900000000098e+02 6.964876300000000811e+02
5.488578800000000228e+02 6.963583100000000741e+02
5.517007499999999709e+02 6.968264400000000478e+02
5.543395399999999427e+02 6.978274000000000115e+02
5.567411699999998973e+02 6.992907800000000407e+02
5.588725099999999202e+02 7.011482499999999618e+02
5.607024799999999232e+02 7.033352099999999609e+02
5.621960199999999759e+02 7.057813400000000001e+02
5.640454599999999346e+02 7.111851200000000972e+02
5.643351799999999230e+02 7.140079500000000507e+02
5.641601599999999053e+02 7.168181799999999839e+02
5.634832099999998718e+02 7.195513000000000829e+02
5.622753499999998894e+02 7.221369900000000825e+02
5.605014299999999139e+02 7.245106800000000931e+02
5.581303899999999203e+02 7.266019900000001144e+02
5.557328699999999344e+02 7.282401700000000346e+02
5.530919499999998834e+02 7.294404100000000426e+02
5.502858999999998559e+02 7.301774300000000721e+02
5.473928699999999026e+02 7.304200300000001107e+02
5.473926500000000033e+02 7.304202599999999848e+02
