4.289138599999999997e+02 5.352727399999999989e+02
4.255485600000000090e+02 5.351259800000000268e+02
4.225383699999999862e+02 5.343364900000000262e+02
4.198912300000000073e+02 5.329862500000000409e+02
4.176207699999999932e+02 5.311573500000000649e+02
4.157407400000000166e+02 5.289336600000001454e+02
4.142609100000000240e+02 5.263992400000000771e+02
4.131931299999999965e+02 5.236361300000000938e+02
4.125510100000000193e+02 5.207263000000000375e+02
4.123443300000000136e+02 5.177537300000001323e+02
4.125867800000000329e+02 5.148024700000000848e+02
4.132904200000000401e+02 5.119524800000000937e+02
4.144648400000000379e+02 5.092878400000000738e+02
4.161257400000000644e+02 5.068924500000000535e+02
4.182829200000000469e+02 5.048484000000000265e+02
4.209481300000000488e+02 5.032396400000000085e+02
4.241331200000000763e+02 5.021481800000000248e+02
4.272831300000000851e+02 5.013438400000000001e+02
4.302986700000000724e+02 5.012077100000000200e+02
4.331426500000000601e+02 5.016691700000000083e+02
4.357838000000000420e+02 5.026639200000000187e+02
4.381888000000000147e+02 5.041216900000000010e+02
4.403245100000000321e+02 5.059741200000000276e+02
4.421596100000000433e+02 5.081567900000000009e+02
4.436588800000000674e+02 5.105993799999999965e+02
4.455210000000000719e+02 5.159988499999999476e+02
4.458175300000000902e+02 5.188209699999999884e+02
4.456489400000000956e+02 5.216315999999999349e+02
4.449784300000001167e+02 5.243663199999999733e+02
4.437766100000001188e+02 5.269548199999999269e+02
4.420082700000000955e+02 5.293326399999999694e+02
4.396421700000000783e+02 5.314295399999999745e+02
4.372484600000000796e+02 5.330733299999999417e+02
4.346103900000000522e+02 5.342797299999999723e+02
4.318061100000000465e+02 5.350233599999999115e+02
4.289136400000000435e+02 5.352727700000000368e+02
4.289138599999999997e+02 5.352727399999999989e+02
