4.937420200000000250e+02 4.753310099999999920e+02
4.903767100000000028e+02 4.751842599999999948e+02
4.873665199999999800e+02 4.743947600000000193e+02
4.847193899999999758e+02 4.730445300000000088e+02
4.824489199999999869e+02 4.712155900000000202e+02
4.805688999999999851e+02 4.689919399999999996e+02
4.790890699999999924e+02 4.664575199999999882e+02
4.780212899999999649e+02 4.636944100000000049e+02
4.773791699999999878e+02 4.607845700000000306e+02
4.771724899999999820e+02 4.578120200000000182e+02
4.774149400000000014e+02 4.548607000000000085e+02
4.781185800000000086e+02 4.520107500000000300e+02
4.792930299999999875e+02 4.493460700000000543e+02
4.809538999999999760e+02 4.469507200000000466e+02
4.831110799999999585e+02 4.449066800000000512e+02
4.857762899999999604e+02 4.432978700000000458e+02
4.889612699999999563e+02 4.422064200000000369e+02
4.921112499999999841e+02 4.414021200000000249e+02
4.951268200000000093e+02 4.412659900000000448e+02
4.979707999999999970e+02 4.417274000000000456e+02
5.006119199999999978e+02 4.427222000000000435e+02
5.030169599999999832e+02 4.441799600000000510e+02
5.051526700000000005e+02 4.460324000000000524e+02
5.069877700000000118e+02 4.482150800000000572e+02
5.084870300000000043e+02 4.506576600000000781e+02
5.103491599999999835e+02 4.560571000000001050e+02
5.106456900000000019e+02 4.588792200000000889e+02
5.104770899999999756e+02 4.616898400000001175e+02
5.098066199999999526e+02 4.644245600000000991e+02
5.086048099999999295e+02 4.670130600000001095e+02
5.068364699999999061e+02 4.693909200000001078e+02
5.044703599999999142e+02 4.714878200000001129e+02
5.020766499999999155e+02 4.731316100000001370e+02
4.994385899999999197e+02 4.743380200000001423e+02
4.966342599999999265e+02 4.750816400000001636e+02
4.937418299999999363e+02 4.753310500000001753e+02
4.937420200000000250e+02 4.753310099999999920e+02
