5.886264899999999898e+02 3.864301899999999819e+02
5.852611799999999675e+02 3.862834300000000098e+02
5.822509900000000016e+02 3.854938999999999965e+02
5.796038499999999658e+02 3.841437099999999987e+02
5.773333900000000085e+02 3.823147799999999847e+02
5.754533700000000636e+02 3.800911199999999894e+02
5.739735800000000836e+02 3.775566999999999780e+02
5.729057600000001003e+02 3.747935499999999820e+02
5.722636800000001358e+02 3.718837499999999636e+02
5.720570000000001301e+02 3.689111999999999512e+02
5.722998200000001816e+02 3.659598899999999730e+02
5.730034200000002329e+02 3.631099499999999694e+02
5.741778800000001866e+02 3.604452599999999620e+02
5.758387500000002319e+02 3.580499099999999544e+02
5.779959300000002713e+02 3.560058299999999463e+02
5.806611400000002732e+02 3.543970599999999536e+02
5.838461200000002691e+02 3.533056099999999446e+02
5.869961400000003096e+02 3.525013099999999326e+02
5.900116700000003220e+02 3.523651699999999209e+02
5.928556500000003098e+02 3.528266299999999092e+02
5.954967700000003106e+02 3.538213499999998817e+02
5.979018400000003339e+02 3.552791099999998892e+02
6.000375200000003133e+02 3.571315499999998906e+02
6.018726200000003246e+02 3.593142199999998638e+02
6.033718800000003739e+02 3.617568499999998721e+02
6.052340100000003531e+02 3.671562799999998674e+02
6.055301600000003646e+02 3.699783999999998514e+02
6.053615700000003699e+02 3.727890199999998231e+02
6.046910600000003342e+02 3.755237399999998047e+02
6.034892400000003363e+02 3.781122399999998152e+02
6.017209400000003825e+02 3.804900899999998387e+02
5.993548000000004095e+02 3.825869999999998186e+02
5.969610900000003539e+02 3.842307899999998426e+02
5.943230200000003833e+02 3.854371999999998479e+02
5.915187400000004345e+02 3.861808199999998692e+02
5.886262700000004315e+02 3.864302299999998809e+02
5.886264899999999898e+02 3.864301899999999819e+02
