3.001169300000000248e+02 6.502549300000000585e+02
2.967516200000000026e+02 6.501081699999999728e+02
2.937414299999999798e+02 6.493186799999999721e+02
2.910942900000000009e+02 6.479684799999999996e+02
2.888238200000000120e+02 6.461395400000000109e+02
2.869438000000000102e+02 6.439158899999999903e+02
2.854639700000000175e+02 6.413814700000000357e+02
2.843961899999999901e+02 6.386183300000000145e+02
2.837540700000000129e+02 6.357085200000000214e+02
2.835473900000000071e+02 6.327359699999999521e+02
2.837898299999999949e+02 6.297846700000000055e+02
2.844934799999999768e+02 6.269347500000000082e+02
2.856678899999999999e+02 6.242700700000000325e+02
2.873288099999999758e+02 6.218746800000000121e+02
2.894859799999999836e+02 6.198306300000000419e+02
2.921511999999999603e+02 6.182218500000000176e+02
2.953361899999999878e+02 6.171304099999999835e+02
2.984861999999999966e+02 6.163261099999999715e+02
3.015017300000000091e+02 6.161899700000000166e+02
3.043457200000000284e+02 6.166513999999999669e+02
3.069868300000000545e+02 6.176461500000000342e+02
3.093918800000000715e+02 6.191039100000000417e+02
3.115275800000000572e+02 6.209563500000000431e+02
3.133626800000000685e+02 6.231390200000000732e+02
3.148619400000000610e+02 6.255816500000000815e+02
3.167240700000000402e+02 6.309810600000000704e+02
3.170206100000000333e+02 6.338031700000000228e+02
3.168520100000000070e+02 6.366138000000000829e+02
3.161815100000000029e+02 6.393485200000000077e+02
3.149796800000000303e+02 6.419370200000000750e+02
3.132113800000000197e+02 6.443148700000000417e+02
3.108452400000000466e+02 6.464117700000000468e+02
3.084515200000000732e+02 6.480555600000000140e+02
3.058134600000000773e+02 6.492619700000000194e+02
3.030091800000000717e+02 6.500055500000000848e+02
3.001167100000000687e+02 6.502549600000000964e+02
3.001169300000000248e+02 6.502549300000000585e+02
