5.584536799999999630e+02 4.178500099999999975e+02
5.550883799999999155e+02 4.177032600000000002e+02
5.520782299999999623e+02 4.169137600000000248e+02
5.494310399999999390e+02 4.155635300000000143e+02
5.471605799999999817e+02 4.137345900000000256e+02
5.452805600000000368e+02 4.115109400000000051e+02
5.438007600000000821e+02 4.089765199999999936e+02
5.427329500000000735e+02 4.062133699999999976e+02
5.420908300000000963e+02 4.033035699999999792e+02
5.418841400000001158e+02 4.003310199999999668e+02
5.421265900000000784e+02 3.973796999999999571e+02
5.428302400000001171e+02 3.945297499999999786e+02
5.440047000000000708e+02 3.918651099999999587e+02
5.456655600000000277e+02 3.894697199999999384e+02
5.478227400000000671e+02 3.874256799999999430e+02
5.504879500000000689e+02 3.858168699999999376e+02
5.536729400000000396e+02 3.847254199999999287e+02
5.568229400000000169e+02 3.839211199999999167e+02
5.598384899999999789e+02 3.837849899999999366e+02
5.626824699999999666e+02 3.842464399999999500e+02
5.653236099999999169e+02 3.852411999999999352e+02
5.677286199999998644e+02 3.866989599999999427e+02
5.698643299999998817e+02 3.885513999999999442e+02
5.716994399999998677e+02 3.907340799999999490e+02
5.731987299999998413e+02 3.931766599999999698e+02
5.750608099999998331e+02 3.985761299999999778e+02
5.753573599999998578e+02 4.013982199999999807e+02
5.751887499999999136e+02 4.042088400000000092e+02
5.745182499999999663e+02 4.069435599999999909e+02
5.733164299999999685e+02 4.095320600000000013e+02
5.715481199999999262e+02 4.119099199999999996e+02
5.691819799999999532e+02 4.140068200000000047e+02
5.667882699999998977e+02 4.156506100000000288e+02
5.641502199999998766e+02 4.168570200000000341e+02
5.613459199999998646e+02 4.176006400000000554e+02
5.584534499999998616e+02 4.178500500000000670e+02
5.584536799999999630e+02 4.178500099999999975e+02
