4.612360600000000090e+02 5.042114799999999946e+02
4.578707499999999868e+02 5.040647200000000225e+02
4.548605699999999956e+02 5.032752300000000218e+02
4.522133900000000040e+02 5.019250300000000493e+02
4.499429200000000151e+02 5.000961000000000354e+02
4.480629000000000133e+02 4.978724500000000148e+02
4.465831100000000333e+02 4.953380300000000034e+02
4.455152900000000500e+02 4.925748800000000074e+02
4.448732100000000287e+02 4.896650799999999890e+02
4.446665300000000229e+02 4.866925200000000018e+02
4.449089700000000107e+02 4.837412100000000237e+02
4.456126100000000179e+02 4.808912700000000200e+02
4.467870300000000157e+02 4.782266200000000254e+02
4.484479400000000169e+02 4.758312300000000050e+02
4.506051199999999994e+02 4.737871499999999969e+02
4.532703399999999760e+02 4.721783800000000042e+02
4.564553199999999720e+02 4.710869299999999953e+02
4.596052899999999681e+02 4.702826299999999833e+02
4.626208599999999933e+02 4.701464899999999716e+02
4.654648399999999810e+02 4.706079499999999598e+02
4.681059599999999818e+02 4.716027099999999450e+02
4.705109999999999673e+02 4.730604699999999525e+02
4.726467099999999846e+02 4.749129099999999539e+02
4.744818099999999959e+02 4.770955899999999588e+02
4.759810699999999883e+02 4.795381699999999796e+02
4.778431999999999675e+02 4.849375999999999749e+02
4.781397399999999607e+02 4.877597199999999589e+02
4.779711299999999596e+02 4.905703499999999622e+02
4.773006699999999682e+02 4.933050699999999438e+02
4.760988499999999704e+02 4.958935699999999542e+02
4.743304999999999723e+02 4.982714199999999778e+02
4.719643999999999551e+02 5.003683299999999576e+02
4.695706899999999564e+02 5.020121099999999501e+02
4.669326299999999605e+02 5.032185199999999554e+02
4.641282999999999674e+02 5.039620999999999640e+02
4.612358699999999772e+02 5.042115299999999820e+02
4.612360600000000090e+02 5.042114799999999946e+02
