5.260688400000000229e+02 4.449130900000000111e+02
5.227035700000000134e+02 4.447663400000000138e+02
5.196933800000000474e+02 4.439768400000000383e+02
5.170461900000000242e+02 4.426266100000000279e+02
5.147757400000000416e+02 4.407977100000000519e+02
5.128957100000000082e+02 4.385740200000000755e+02
5.114159200000000283e+02 4.360396000000000640e+02
5.103481100000000197e+02 4.332764900000000807e+02
5.097060200000000236e+02 4.303666500000001065e+02
5.094993400000000179e+02 4.273941000000000940e+02
5.097417800000000057e+02 4.244428200000000970e+02
5.104454299999999876e+02 4.215928300000001059e+02
5.116198499999999854e+02 4.189281900000000860e+02
5.132807500000000118e+02 4.165328000000000657e+02
5.154379300000000512e+02 4.144887600000000702e+02
5.181031000000000404e+02 4.128799500000000648e+02
5.212881300000000238e+02 4.117885400000000686e+02
5.244381000000000768e+02 4.109842000000000439e+02
5.274536800000000767e+02 4.108480700000000638e+02
5.302976600000000644e+02 4.113095200000000773e+02
5.329387700000000905e+02 4.123042800000000625e+02
5.353438100000000759e+02 4.137620400000000700e+02
5.374795200000000932e+02 4.156144900000000462e+02
5.393145900000000665e+02 4.177971600000000194e+02
5.408138900000000149e+02 4.202397400000000403e+02
5.426759700000000066e+02 4.256392100000000482e+02
5.429725100000000566e+02 4.284613000000000511e+02
5.428039100000000872e+02 4.312719600000000355e+02
5.421334000000000515e+02 4.340066800000000171e+02
5.409315900000000283e+02 4.365951800000000276e+02
5.391632799999999861e+02 4.389730000000000132e+02
5.367971400000000131e+02 4.410699000000000183e+02
5.344034699999999702e+02 4.427136900000000423e+02
5.317654099999999744e+02 4.439201000000000477e+02
5.289610799999999244e+02 4.446637200000000689e+02
5.260686099999999215e+02 4.449131300000000806e+02
5.260688400000000229e+02 4.449130900000000111e+02
