3.654436900000000037e+02 5.908802499999999327e+02
3.620783799999999815e+02 5.907335000000000491e+02
3.590682299999999714e+02 5.899440099999999347e+02
3.564210399999999481e+02 5.885937699999999495e+02
3.541505899999999656e+02 5.867648300000000745e+02
3.522705599999999890e+02 5.845411799999999403e+02
3.507907700000000091e+02 5.820067599999999857e+02
3.497229600000000005e+02 5.792436500000000024e+02
3.490808700000000044e+02 5.763338100000000850e+02
3.488741899999999987e+02 5.733612500000000409e+02
3.491166299999999865e+02 5.704099800000000187e+02
3.498202799999999684e+02 5.675599999999999454e+02
3.509946999999999662e+02 5.648953599999999824e+02
3.526555999999999926e+02 5.624999599999999873e+02
3.548127900000000068e+02 5.604559099999999034e+02
3.574779900000000339e+02 5.588471099999999296e+02
3.606629800000000614e+02 5.577556600000000344e+02
3.638129500000000576e+02 5.569513500000000477e+02
3.668285300000000575e+02 5.568152299999999286e+02
3.696725100000000452e+02 5.572766400000000431e+02
3.723136200000000713e+02 5.582713999999999714e+02
3.747186600000000567e+02 5.597291699999999537e+02
3.768543700000000740e+02 5.615815999999999804e+02
3.786894800000000600e+02 5.637642799999999852e+02
3.801887400000000525e+02 5.662068999999999050e+02
3.820508600000000570e+02 5.716063299999999572e+02
3.823473900000000754e+02 5.744284499999998843e+02
3.821788000000000807e+02 5.772390799999999444e+02
3.815082900000001018e+02 5.799737999999999829e+02
3.803064800000000787e+02 5.825622999999999365e+02
3.785381300000000806e+02 5.849401599999998780e+02
3.761720300000000634e+02 5.870370599999998831e+02
3.737783200000000647e+02 5.886808499999999640e+02
3.711402600000000689e+02 5.898872499999999945e+02
3.683359300000000758e+02 5.906308399999999210e+02
3.654435000000000855e+02 5.908802499999999327e+02
3.654436900000000037e+02 5.908802499999999327e+02
