4.821904799999999796e+02 4.326446599999999876e+02
4.788251799999999889e+02 4.324979099999999903e+02
4.758150299999999788e+02 4.317084199999999896e+02
4.731678499999999872e+02 4.303581899999999791e+02
4.708973799999999983e+02 4.285292499999999905e+02
4.690173699999999712e+02 4.263055999999999699e+02
4.675375799999999913e+02 4.237711699999999837e+02
4.664697600000000079e+02 4.210080699999999752e+02
4.658276700000000119e+02 4.180982199999999693e+02
4.656209800000000314e+02 4.151256699999999569e+02
4.658638100000000577e+02 4.121743999999999346e+02
4.665674200000000837e+02 4.093244199999999182e+02
4.677418800000000942e+02 4.066597699999999236e+02
4.694027800000001207e+02 4.042643799999999032e+02
4.715599700000001349e+02 4.022203399999999078e+02
4.742251300000001493e+02 4.006115699999999151e+02
4.774101600000001326e+02 3.995200799999998935e+02
4.805601300000001288e+02 3.987157799999998815e+02
4.835756700000001160e+02 3.985796399999998698e+02
4.864196500000001038e+02 3.990410999999998580e+02
4.890607900000001109e+02 4.000358599999998432e+02
4.914658400000001279e+02 4.014936199999998507e+02
4.936015200000001073e+02 4.033460599999998522e+02
4.954366200000001186e+02 4.055287399999998570e+02
4.969359100000000922e+02 4.079713199999998778e+02
4.987979900000000839e+02 4.133707899999998858e+02
4.990945400000001086e+02 4.161928799999998887e+02
4.989259400000000824e+02 4.190034999999999172e+02
4.982554300000001035e+02 4.217382199999998988e+02
4.970536200000000804e+02 4.243267199999999093e+02
4.952853100000000950e+02 4.267045699999999329e+02
4.929191700000001219e+02 4.288014799999999127e+02
4.905254600000001233e+02 4.304452599999999052e+02
4.878874000000001274e+02 4.316516799999998852e+02
4.850831000000001154e+02 4.323952999999999065e+02
4.821906300000001124e+02 4.326447199999998929e+02
4.821904799999999796e+02 4.326446599999999876e+02
