5.478786199999999553e+02 3.744643300000000181e+02
5.445133099999999331e+02 3.743175800000000208e+02
5.415031199999999671e+02 3.735280800000000454e+02
5.388559500000000071e+02 3.721778500000000349e+02
5.365855199999999741e+02 3.703489200000000210e+02
5.347054600000000164e+02 3.681252700000000004e+02
5.332256700000000365e+02 3.655908400000000142e+02
5.321578900000000658e+02 3.628276999999999930e+02
5.315157700000000887e+02 3.599178899999999999e+02
5.313090900000000829e+02 3.569453399999999874e+02
5.315519100000001345e+02 3.539940699999999651e+02
5.322555500000000848e+02 3.511440900000000056e+02
5.334299700000001394e+02 3.484794399999999541e+02
5.350908900000001722e+02 3.460840200000000095e+02
5.372480600000001232e+02 3.440399700000000394e+02
5.399132800000000998e+02 3.424311700000000656e+02
5.430982600000000957e+02 3.413397100000000819e+02
5.462482300000001487e+02 3.405354100000000699e+02
5.492638000000001739e+02 3.403992700000001150e+02
5.521077900000001364e+02 3.408607300000001032e+02
5.547489000000001624e+02 3.418554900000001453e+02
5.571539400000001478e+02 3.433132500000001528e+02
5.592896500000001652e+02 3.451656900000001542e+02
5.611247500000001764e+02 3.473483700000001591e+02
5.626240100000002258e+02 3.497909900000001926e+02
5.644861400000002050e+02 3.551904500000001690e+02
5.647826800000002549e+02 3.580125400000001719e+02
5.646140700000003108e+02 3.608231700000001752e+02
5.639435800000003383e+02 3.635578900000001568e+02
5.627417900000003783e+02 3.661463900000001672e+02
5.609734500000004118e+02 3.685242400000001908e+02
5.586073000000004640e+02 3.706211500000001706e+02
5.562136300000004212e+02 3.722649300000001631e+02
5.535755700000004254e+02 3.734713500000001432e+02
5.507712400000003754e+02 3.742149700000001644e+02
5.478788100000003851e+02 3.744643800000001761e+02
5.478786199999999553e+02 3.744643300000000181e+02
