5.784503700000000208e+02 3.441083300000000236e+02
5.750851099999999860e+02 3.439615800000000263e+02
5.720749200000000201e+02 3.431720900000000256e+02
5.694277799999999843e+02 3.418218500000000404e+02
5.671572700000000395e+02 3.399929100000000517e+02
5.652772600000000693e+02 3.377692600000000311e+02
5.637974700000000894e+02 3.352348299999999881e+02
5.627296900000001187e+02 3.324716899999999669e+02
5.620875600000001668e+02 3.295618899999999485e+02
5.618808800000001611e+02 3.265893299999999044e+02
5.621237000000002126e+02 3.236380299999999579e+02
5.628273500000002514e+02 3.207880799999999226e+02
5.640017700000003060e+02 3.181234399999999596e+02
5.656626700000002756e+02 3.157280499999999392e+02
5.678198600000002898e+02 3.136839699999999311e+02
5.704850600000003169e+02 3.120751999999998816e+02
5.736700500000002876e+02 3.109837399999998979e+02
5.768200300000003153e+02 3.101794399999998859e+02
5.798355600000003278e+02 3.100432999999999311e+02
5.826795800000003283e+02 3.105047699999998940e+02
5.853206900000003543e+02 3.114994899999999234e+02
5.877257300000003397e+02 3.129572499999999309e+02
5.898614500000003318e+02 3.148097299999999450e+02
5.916965100000003304e+02 3.169923999999999751e+02
5.931958000000003040e+02 3.194349799999999959e+02
5.950579200000003084e+02 3.248344200000000228e+02
5.953540900000002694e+02 3.276565299999999752e+02
5.951854900000002999e+02 3.304671599999999216e+02
5.945149800000002642e+02 3.332018799999999601e+02
5.933132100000002538e+02 3.357903799999999137e+02
5.915448600000001989e+02 3.381682399999999689e+02
5.891787200000002258e+02 3.402651399999999740e+02
5.867850500000001830e+02 3.419089299999999412e+02
5.841469900000001871e+02 3.431153299999999717e+02
5.813426500000001624e+02 3.438589600000000246e+02
5.784501800000001595e+02 3.441083700000000363e+02
5.784503700000000208e+02 3.441083300000000236e+02
