6.106354000000000042e+02 3.160118800000000192e+02
6.072700899999999820e+02 3.158651200000000472e+02
6.042599500000000035e+02 3.150756300000000465e+02
6.016127699999999550e+02 3.137253900000000613e+02
5.993422999999999092e+02 3.118964500000000726e+02
5.974622799999999643e+02 3.096728000000000520e+02
5.959824899999999843e+02 3.071384100000000217e+02
5.949146700000000010e+02 3.043752700000000004e+02
5.942725799999999481e+02 3.014654299999999694e+02
5.940659099999999171e+02 2.984929099999999380e+02
5.943083499999999049e+02 2.955415899999999283e+02
5.950119899999998552e+02 2.926916299999999183e+02
5.961864099999999098e+02 2.900270599999998922e+02
5.978473199999998542e+02 2.876316199999998844e+02
6.000044999999998936e+02 2.855875599999999395e+02
6.026696699999998827e+02 2.839788499999999658e+02
6.058546999999998661e+02 2.828873899999999821e+02
6.090046699999999191e+02 2.820830499999999574e+02
6.120201999999999316e+02 2.819468399999999519e+02
6.148641799999999193e+02 2.824083299999999781e+02
6.175053399999999328e+02 2.834031499999999824e+02
6.199103699999999435e+02 2.848608199999999897e+02
6.220460899999999356e+02 2.867133499999999913e+02
6.238811499999999342e+02 2.888959899999999834e+02
6.253804499999998825e+02 2.913386299999999665e+02
6.272425399999998490e+02 2.967379899999999679e+02
6.275386999999998352e+02 2.995601500000000215e+02
6.273700999999998658e+02 3.023707299999999805e+02
6.266995999999999185e+02 3.051054500000000189e+02
6.254977699999999459e+02 3.076939499999999725e+02
6.237294699999999921e+02 3.100717999999999392e+02
6.213633300000000190e+02 3.121686699999999064e+02
6.189696500000000015e+02 3.138124999999998863e+02
6.163315900000000056e+02 3.150189099999998916e+02
6.135272700000000441e+02 3.157624999999999318e+02
6.106348000000000411e+02 3.160119099999999435e+02
6.106354000000000042e+02 3.160118800000000192e+02
