4.191030700000000024e+02 4.914212800000000243e+02
4.157378100000000245e+02 4.912745200000000523e+02
4.127276200000000017e+02 4.904850300000000516e+02
4.100804299999999785e+02 4.891348000000000411e+02
4.078099699999999643e+02 4.873058600000000524e+02
4.059299499999999625e+02 4.850822100000000319e+02
4.044501599999999826e+02 4.825477900000000204e+02
4.033823499999999740e+02 4.797846800000000371e+02
4.027402599999999779e+02 4.768748400000000629e+02
4.025335699999999974e+02 4.739022800000000757e+02
4.027764000000000237e+02 4.709509800000000723e+02
4.034800500000000056e+02 4.681010400000000686e+02
4.046544600000000287e+02 4.654363900000000740e+02
4.063153700000000299e+02 4.630409900000000789e+02
4.084725500000000125e+02 4.609969500000000835e+02
4.111377200000000016e+02 4.593881400000000781e+02
4.143227400000000102e+02 4.582967000000001008e+02
4.174727200000000380e+02 4.574923900000001140e+02
4.204882900000000632e+02 4.573562600000001339e+02
4.233322800000000825e+02 4.578177100000001474e+02
4.259733800000000770e+02 4.588124700000001326e+02
4.283784300000000940e+02 4.602702400000001148e+02
4.305141400000001113e+02 4.621226800000001163e+02
4.323492100000000846e+02 4.643053500000000895e+02
4.338484900000000835e+02 4.667479400000000851e+02
4.357106200000000626e+02 4.721474100000000931e+02
4.360067800000000489e+02 4.749694800000000896e+02
4.358381900000000542e+02 4.777801500000001056e+02
4.351676800000000753e+02 4.805148700000000872e+02
4.339658700000000522e+02 4.831033700000000977e+02
4.321975600000000668e+02 4.854811800000001085e+02
4.298314200000000938e+02 4.875780900000000884e+02
4.274377100000000951e+02 4.892218700000000808e+02
4.247996500000000992e+02 4.904282900000000609e+02
4.219953500000000872e+02 4.911719100000000822e+02
4.191028800000000842e+02 4.914213200000000938e+02
4.191030700000000024e+02 4.914212800000000243e+02
