2.355615500000000111e+02 7.100185699999999542e+02
2.321962500000000205e+02 7.098718099999999822e+02
2.291861000000000104e+02 7.090823199999999815e+02
2.265389200000000187e+02 7.077320899999999710e+02
2.242684500000000298e+02 7.059031800000000203e+02
2.223884400000000312e+02 7.036794899999999870e+02
2.209086400000000197e+02 7.011451099999999315e+02
2.198408300000000111e+02 6.983819700000000239e+02
2.191987400000000150e+02 6.954721399999999676e+02
2.189920600000000093e+02 6.924995800000000372e+02
2.192344999999999970e+02 6.895483100000000150e+02
2.199381199999999978e+02 6.866983199999999670e+02
2.211125700000000052e+02 6.840336800000000039e+02
2.227734800000000064e+02 6.816382900000000973e+02
2.249306600000000174e+02 6.795942500000001019e+02
2.275958300000000065e+02 6.779854800000000523e+02
2.307808500000000151e+02 6.768940300000000434e+02
2.339308200000000113e+02 6.760896900000000187e+02
2.369463599999999985e+02 6.759535500000000638e+02
2.397903399999999863e+02 6.764150100000000521e+02
2.424314899999999966e+02 6.774097699999999804e+02
2.448365300000000104e+02 6.788675299999999879e+02
2.469722000000000151e+02 6.807199700000001030e+02
2.488073100000000011e+02 6.829026499999999942e+02
2.503066000000000031e+02 6.853452300000000150e+02
2.521686899999999980e+02 6.907446899999999914e+02
2.524652299999999912e+02 6.935668200000000070e+02
2.522966299999999933e+02 6.963774500000000671e+02
2.516261299999999892e+02 6.991121500000000424e+02
2.504243099999999913e+02 7.017006600000000844e+02
2.486559999999999775e+02 7.040785100000000511e+02
2.462898699999999792e+02 7.061753800000000183e+02
2.438961899999999901e+02 7.078192000000000235e+02
2.412580899999999815e+02 7.090256000000000540e+02
2.384537899999999695e+02 7.097692000000000689e+02
2.355613299999999697e+02 7.100186100000000806e+02
2.355615500000000111e+02 7.100185699999999542e+02
