5.144191399999999703e+02 4.029459100000000262e+02
5.110538499999999544e+02 4.027991500000000542e+02
5.080436499999999569e+02 4.020096600000000535e+02
5.053965099999999779e+02 4.006594400000000746e+02
5.031260399999999890e+02 3.988305300000000670e+02
5.012460299999999620e+02 3.966068400000000906e+02
4.997662299999999505e+02 3.940724600000000919e+02
4.986984199999999419e+02 3.913093100000000959e+02
4.980563399999999206e+02 3.883995100000000775e+02
4.978496499999999401e+02 3.854269200000000524e+02
4.980924699999999348e+02 3.824756400000000554e+02
4.987960899999999356e+02 3.796256700000000706e+02
4.999705399999999145e+02 3.769610200000000759e+02
5.016314099999999030e+02 3.745656400000000872e+02
5.037885899999998855e+02 3.725215900000000602e+02
5.064537999999998874e+02 3.709127800000000548e+02
5.096387799999998833e+02 3.698213700000000586e+02
5.127887899999998353e+02 3.690170300000000339e+02
5.158043299999998226e+02 3.688808900000000222e+02
5.186483099999998103e+02 3.693423500000000104e+02
5.212894599999998491e+02 3.703371099999999956e+02
5.236944999999998345e+02 3.717948700000000031e+02
5.258301699999998391e+02 3.736473100000000045e+02
5.276652799999998251e+02 3.758299799999999777e+02
5.291645299999997860e+02 3.782725699999999733e+02
5.310266599999997652e+02 3.836720399999999813e+02
5.313231999999998152e+02 3.864941200000000094e+02
5.311545899999998710e+02 3.893047900000000254e+02
5.304840999999998985e+02 3.920395100000000070e+02
5.292822799999999006e+02 3.946280100000000175e+02
5.275139699999998584e+02 3.970058200000000284e+02
5.251478399999998601e+02 3.991027300000000082e+02
5.227541199999998298e+02 4.007465100000000007e+02
5.201160599999998340e+02 4.019529200000000060e+02
5.173117599999998220e+02 4.026965400000000272e+02
5.144192899999998190e+02 4.029459600000000137e+02
5.144191399999999703e+02 4.029459100000000262e+02
