2.678329600000000141e+02 6.799154800000000023e+02
2.644676600000000235e+02 6.797687200000000303e+02
2.614574700000000007e+02 6.789792300000000296e+02
2.588103300000000218e+02 6.776290000000000191e+02
2.565398600000000329e+02 6.758000600000000304e+02
2.546598400000000311e+02 6.735764100000000099e+02
2.531800100000000384e+02 6.710419799999999668e+02
2.521122400000000425e+02 6.682788400000000593e+02
2.514701100000000338e+02 6.653690300000000661e+02
2.512634300000000280e+02 6.623964799999999968e+02
2.515062500000000227e+02 6.594451699999999619e+02
2.522099000000000331e+02 6.565952300000000150e+02
2.533843200000000309e+02 6.539305799999999635e+02
2.550452200000000289e+02 6.515351900000000569e+02
2.572024100000000431e+02 6.494911100000000488e+02
2.598675800000000322e+02 6.478823399999999992e+02
2.630526000000000408e+02 6.467908899999999903e+02
2.662025700000000370e+02 6.459865899999999783e+02
2.692181500000000369e+02 6.458504599999999982e+02
2.720621300000000247e+02 6.463119100000000117e+02
2.747032400000000507e+02 6.473066300000000410e+02
2.771082800000000361e+02 6.487644299999999475e+02
2.792440000000000282e+02 6.506168400000000247e+02
2.810791000000000395e+02 6.527995100000000548e+02
2.825783500000000572e+02 6.552421299999999746e+02
2.844404700000000616e+02 6.606415700000000015e+02
2.847366400000000795e+02 6.634636800000000676e+02
2.845680400000000532e+02 6.662743100000000140e+02
2.838975300000000743e+02 6.690090300000000525e+02
2.826957200000000512e+02 6.715975300000000061e+02
2.809274000000000342e+02 6.739753800000000865e+02
2.785612700000000359e+02 6.760722900000000664e+02
2.761675600000000372e+02 6.777160700000000588e+02
2.735295000000000414e+02 6.789224800000000641e+02
2.707252000000000294e+02 6.796661000000000286e+02
2.678327300000000264e+02 6.799155100000000402e+02
2.678329600000000141e+02 6.799154800000000023e+02
