5.171037700000000541e+02 7.607792500000000473e+02
5.137388500000000704e+02 7.606245999999999867e+02
5.107305000000000632e+02 7.598280200000000377e+02
5.080865400000000704e+02 7.584715999999999667e+02
5.058203500000000759e+02 7.566373099999999567e+02
5.039455700000000888e+02 7.544092699999999923e+02
5.024717300000000932e+02 7.518713900000000194e+02
5.014104100000000699e+02 7.491057700000000068e+02
5.007751100000000974e+02 7.461944300000000112e+02
5.005756200000000717e+02 7.432214099999999917e+02
5.008252300000000901e+02 7.402706600000000208e+02
5.015355900000000702e+02 7.374223600000000260e+02
5.027162400000000844e+02 7.347604900000000043e+02
5.043827600000000757e+02 7.323690000000000282e+02
5.065447500000000787e+02 7.303300500000000284e+02
5.092137200000000803e+02 7.287274999999999636e+02
5.124012500000001182e+02 7.276435300000000552e+02
5.155531100000001743e+02 7.268466300000000047e+02
5.185690100000001621e+02 7.267173000000000229e+02
5.214118700000001354e+02 7.271854299999999967e+02
5.240506700000000819e+02 7.281863600000000361e+02
5.264523000000000366e+02 7.296497799999999643e+02
5.285836300000000847e+02 7.315072199999999611e+02
5.304136000000000877e+02 7.336942000000000235e+02
5.319071400000001404e+02 7.361402900000000500e+02
5.337565800000000991e+02 7.415441299999999956e+02
5.340463000000000875e+02 7.443668999999999869e+02
5.338712800000000698e+02 7.471771300000000338e+02
5.331943800000000238e+02 7.499102900000000318e+02
5.319865200000000414e+02 7.524959400000000187e+02
5.302125900000000911e+02 7.548696300000000292e+02
5.278415400000001227e+02 7.569609900000000380e+02
5.254440200000001369e+02 7.585991599999999835e+02
5.228031000000000859e+02 7.597993700000000672e+02
5.199970500000000584e+02 7.605363899999999830e+02
5.171040400000000545e+02 7.607789900000000216e+02
5.171037700000000541e+02 7.607792500000000473e+02
