3.858544499999999857e+02 5.208621000000000549e+02
3.824891599999999698e+02 5.207153399999999692e+02
3.794789999999999850e+02 5.199258500000000822e+02
3.768318600000000060e+02 5.185756200000000717e+02
3.745613599999999792e+02 5.167466899999999441e+02
3.726813300000000027e+02 5.145230300000000625e+02
3.712015400000000227e+02 5.119886500000000069e+02
3.701337700000000268e+02 5.092255000000000109e+02
3.694916500000000497e+02 5.063156600000000367e+02
3.692849600000000692e+02 5.033431100000000242e+02
3.695277800000000639e+02 5.003918300000000272e+02
3.702314300000000458e+02 4.975418500000000108e+02
3.714058500000000436e+02 4.948772099999999909e+02
3.730667600000000448e+02 4.924818199999999706e+02
3.752239300000000526e+02 4.904377799999999752e+02
3.778891100000000733e+02 4.888289999999999509e+02
3.810741300000000820e+02 4.877375599999999736e+02
3.842241000000000781e+02 4.869332199999999489e+02
3.872396400000000654e+02 4.867970799999999372e+02
3.900836200000000531e+02 4.872585399999999254e+02
3.927247700000000350e+02 4.882532999999999106e+02
3.951298100000000204e+02 4.897110599999999181e+02
3.972655200000000377e+02 4.915634999999999195e+02
3.991005900000000111e+02 4.937461699999998928e+02
4.005998799999999846e+02 4.961887599999998884e+02
4.024619999999999891e+02 5.015882199999998647e+02
4.027581700000000069e+02 5.044103099999998676e+02
4.025895600000000059e+02 5.072209699999998520e+02
4.019190700000000334e+02 5.099556899999998336e+02
4.007172400000000607e+02 5.125441899999998441e+02
3.989489000000000374e+02 5.149219999999997981e+02
3.965827600000000643e+02 5.170189099999997779e+02
3.941890800000000468e+02 5.186626999999998588e+02
3.915510300000000257e+02 5.198691099999998642e+02
3.887467000000000326e+02 5.206127299999998286e+02
3.858542600000000107e+02 5.208621399999999539e+02
3.858544499999999857e+02 5.208621000000000549e+02
