7.123752100000000382e+02 2.636519200000000183e+02
7.122769100000000435e+02 2.670189900000000307e+02
7.115308300000000372e+02 2.700402300000000650e+02
7.102188800000000128e+02 2.727065400000000182e+02
7.084228200000000015e+02 2.750030900000000429e+02
7.062264599999999746e+02 2.769149300000000267e+02
7.037135999999999285e+02 2.784310900000000402e+02
7.009661099999999578e+02 2.795385300000000370e+02
6.980658499999999549e+02 2.802224700000000439e+02
6.950965400000000045e+02 2.804719200000000683e+02
6.921420799999999645e+02 2.802716000000000349e+02
6.892822999999999638e+02 2.796090500000000247e+02
6.866009899999999107e+02 2.784731199999999944e+02
6.841819799999999532e+02 2.768468599999999924e+02
6.821070599999999331e+02 2.747193300000000136e+02
6.804600899999999228e+02 2.720775499999999738e+02
6.793229099999999789e+02 2.689085999999999785e+02
6.784733099999999695e+02 2.657705399999999827e+02
6.782937799999999697e+02 2.627572299999999359e+02
6.787142499999999927e+02 2.599068999999999505e+02
6.796708899999999858e+02 2.572517499999999018e+02
6.810938800000000128e+02 2.548259699999998702e+02
6.829153900000000021e+02 2.526638199999998733e+02
6.850714199999999892e+02 2.507974899999999252e+02
6.874922100000000000e+02 2.492632299999999077e+02
6.928642800000000079e+02 2.473235699999999042e+02
6.956818399999999656e+02 2.469868199999998524e+02
6.984945999999999913e+02 2.471149399999998195e+02
7.012386900000000196e+02 2.477459699999998293e+02
7.038442200000000639e+02 2.489104099999998425e+02
7.062472400000000334e+02 2.506443399999998292e+02
7.083780300000000807e+02 2.529800099999998793e+02
7.100561000000001286e+02 2.553498099999999340e+02
7.113003600000001825e+02 2.579702399999999898e+02
7.120842300000001615e+02 2.607635699999999588e+02
7.123752600000001394e+02 2.636521099999999933e+02
7.123752100000000382e+02 2.636519200000000183e+02
