7.743220000000000027e+02 7.063608600000000024e+02
7.742237000000000080e+02 7.097279300000000148e+02
7.734776200000000017e+02 7.127491300000000365e+02
7.721656299999999646e+02 7.154154700000000275e+02
7.703695999999999913e+02 7.177120300000000270e+02
7.681732100000000401e+02 7.196238700000000108e+02
7.656603900000000067e+02 7.211399900000000116e+02
7.629129000000000360e+02 7.222474600000000464e+02
7.600126000000000204e+02 7.229313700000000154e+02
7.570433699999999817e+02 7.231808200000000397e+02
7.540888699999999290e+02 7.229808800000000701e+02
7.512290599999998904e+02 7.223183699999999590e+02
7.485477799999998751e+02 7.211823900000000549e+02
7.461287299999999050e+02 7.195561400000000276e+02
7.440538499999998976e+02 7.174286400000000867e+02
7.424068799999998873e+02 7.147868600000000470e+02
7.412696999999999434e+02 7.116179200000000264e+02
7.404200999999999340e+02 7.084798200000000179e+02
7.402405699999999342e+02 7.054665499999999838e+02
7.406610399999999572e+02 7.026162199999999984e+02
7.416176799999999503e+02 6.999610299999999370e+02
7.430406699999999773e+02 6.975352599999999939e+02
7.448621799999999666e+02 6.953731400000000349e+02
7.470182099999999537e+02 6.935068099999999731e+02
7.494389599999999518e+02 6.919725100000000566e+02
7.548110599999999977e+02 6.900329000000000406e+02
7.576285900000000311e+02 6.896957600000000639e+02
7.604413900000000694e+02 6.898238900000000058e+02
7.631854800000000978e+02 6.904549200000000155e+02
7.657910100000001421e+02 6.916193500000000540e+02
7.681940300000001116e+02 6.933532500000000027e+02
7.703247800000001462e+02 6.956889600000000655e+02
7.720028500000001941e+02 6.980587600000000066e+02
7.732471100000002480e+02 7.006791800000000876e+02
7.740310200000002396e+02 7.034724700000000439e+02
7.743220400000002428e+02 7.063610499999999774e+02
7.743220000000000027e+02 7.063608600000000024e+02
