8.309624199999999519e+02 3.876008100000000240e+02
8.308641199999999571e+02 3.909678800000000365e+02
8.301180399999999509e+02 3.939891200000000140e+02
8.288060899999999265e+02 3.966554700000000366e+02
8.270100199999999404e+02 3.989519800000000487e+02
8.248136599999999135e+02 4.008638600000000451e+02
8.223007999999998674e+02 4.023799800000000459e+02
8.195533099999998967e+02 4.034874500000000239e+02
8.166530599999998685e+02 4.041713600000000497e+02
8.136837799999998424e+02 4.044208100000000741e+02
8.107292899999998781e+02 4.042208700000000476e+02
8.078695099999998774e+02 4.035583200000000375e+02
8.051882399999998370e+02 4.024223800000000324e+02
8.027691899999998668e+02 4.007961300000000051e+02
8.006942599999998720e+02 3.986685899999999947e+02
7.990472999999998365e+02 3.960268199999999865e+02
7.979101099999998041e+02 3.928578699999999913e+02
7.970605499999998074e+02 3.897198099999999954e+02
7.968810199999998076e+02 3.867065400000000182e+02
7.973014999999998054e+02 3.838562100000000328e+02
7.982581299999998237e+02 3.812010200000000282e+02
7.996811199999998507e+02 3.787752400000000534e+02
8.015026299999998400e+02 3.766130800000000818e+02
8.036586599999998271e+02 3.747467500000000769e+02
8.060794099999998252e+02 3.732124900000000594e+02
8.114514799999998331e+02 3.712728400000000875e+02
8.142690399999997908e+02 3.709357100000000855e+02
8.170817999999998165e+02 3.710638300000001095e+02
8.198258899999998448e+02 3.716949000000001320e+02
8.224314199999998891e+02 3.728593000000001325e+02
8.248344899999998461e+02 3.745932300000001192e+02
8.269652299999997922e+02 3.769289400000001251e+02
8.286432999999998401e+02 3.792987000000001103e+02
8.298875599999998940e+02 3.819191300000001092e+02
8.306714399999998477e+02 3.847124600000001351e+02
8.309624599999998509e+02 3.876010000000001128e+02
8.309624199999999519e+02 3.876008100000000240e+02
