7.893808800000000474e+02 3.956382399999999961e+02
7.892825800000000527e+02 3.990053100000000086e+02
7.885365000000000464e+02 4.020265100000000302e+02
7.872245100000000093e+02 4.046928600000000529e+02
7.854284800000000359e+02 4.069894100000000776e+02
7.832320799999999963e+02 4.089012500000000614e+02
7.807192599999999629e+02 4.104173700000000622e+02
7.779717699999999923e+02 4.115248500000000718e+02
7.750714799999999514e+02 4.122087500000000659e+02
7.721021999999999252e+02 4.124582000000000903e+02
7.691477499999999736e+02 4.122578800000001138e+02
7.662879299999999603e+02 4.115953700000001163e+02
7.636066599999999198e+02 4.104594000000001301e+02
7.611876099999999497e+02 4.088331400000001281e+02
7.591127199999999675e+02 4.067056500000001051e+02
7.574657599999999320e+02 4.040638700000001222e+02
7.563285699999998997e+02 4.008949200000001269e+02
7.554789699999998902e+02 3.977568200000001184e+02
7.552994499999998652e+02 3.947435500000001412e+02
7.557199199999998882e+02 3.918932200000001558e+02
7.566765499999999065e+02 3.892380300000001512e+02
7.580995499999999083e+02 3.868122500000001764e+02
7.599210499999999229e+02 3.846501400000001922e+02
7.620770799999999099e+02 3.827838100000001873e+02
7.644978299999999081e+02 3.812495100000002139e+02
7.698699399999999287e+02 3.793098900000002232e+02
7.726874599999998736e+02 3.789727600000002212e+02
7.755002299999998741e+02 3.791008800000002452e+02
7.782443099999999276e+02 3.797319500000002677e+02
7.808498499999999467e+02 3.808963800000002493e+02
7.832529099999999289e+02 3.826302800000002549e+02
7.853836499999998750e+02 3.849659900000002608e+02
7.870617299999998977e+02 3.873357900000002587e+02
7.883059799999998631e+02 3.899562100000002829e+02
7.890898999999998296e+02 3.927495100000002708e+02
7.893809199999998327e+02 3.956380900000002612e+02
7.893808800000000474e+02 3.956382399999999961e+02
