7.579180699999999433e+02 3.650264399999999796e+02
7.578197699999999486e+02 3.683935099999999920e+02
7.570736899999999423e+02 3.714147499999999695e+02
7.557617399999999179e+02 3.740810599999999795e+02
7.539656699999999319e+02 3.763776100000000042e+02
7.517693099999999049e+02 3.782894499999999880e+02
7.492564499999998588e+02 3.798056100000000015e+02
7.465089599999998882e+02 3.809130499999999984e+02
7.436086999999998852e+02 3.815969900000000052e+02
7.406393899999999348e+02 3.818464400000000296e+02
7.376849399999999832e+02 3.816461200000000531e+02
7.348251599999999826e+02 3.809835700000000429e+02
7.321438499999999294e+02 3.798476000000000568e+02
7.297247999999999593e+02 3.782213800000000674e+02
7.276499099999999771e+02 3.760938500000000886e+02
7.260029499999999416e+02 3.734520700000001057e+02
7.248657599999999093e+02 3.702831200000001104e+02
7.240161999999999125e+02 3.671450200000001018e+02
7.238366699999999128e+02 3.641317500000001246e+02
7.242571099999998978e+02 3.612814200000001392e+02
7.252137399999999161e+02 3.586262300000001346e+02
7.266367399999999179e+02 3.562004900000001157e+02
7.284582399999999325e+02 3.540383700000000999e+02
7.306142699999999195e+02 3.521720100000001139e+02
7.330350599999999304e+02 3.506377400000001217e+02
7.384071299999999383e+02 3.486980900000000929e+02
7.412246899999998959e+02 3.483613300000000663e+02
7.440374499999999216e+02 3.484894600000001219e+02
7.467815399999999499e+02 3.491205300000001444e+02
7.493870699999999943e+02 3.502849600000001828e+02
7.517900999999999385e+02 3.520188600000001884e+02
7.539208399999998846e+02 3.543545700000001943e+02
7.555989499999998316e+02 3.567243700000001922e+02
7.568432099999998854e+02 3.593447900000002164e+02
7.576270899999998392e+02 3.621380900000002043e+02
7.579181099999998423e+02 3.650266700000001947e+02
7.579180699999999433e+02 3.650264399999999796e+02
