1.081100699999999961e+03 5.978388800000000174e+02
1.080994500000000016e+03 6.012057200000000421e+02
1.080241299999999910e+03 6.042251800000000230e+02
1.078923099999999977e+03 6.068884299999999712e+02
1.077121599999999944e+03 6.091807499999999891e+02
1.074920799999999872e+03 6.110874400000000151e+02
1.072404399999999896e+03 6.125976699999999937e+02
1.069654399999999896e+03 6.136986799999999675e+02
1.066752499999999827e+03 6.143757800000000771e+02
1.063782599999999775e+03 6.146180500000000393e+02
1.060828599999999824e+03 6.144109300000000076e+02
1.057970399999999927e+03 6.137416600000000244e+02
1.055291799999999967e+03 6.125994100000000344e+02
1.052876500000000078e+03 6.109674800000000232e+02
1.050806600000000117e+03 6.088351099999999860e+02
1.049165900000000192e+03 6.061894800000000032e+02
1.048036100000000260e+03 6.030178499999999531e+02
1.047193900000000212e+03 5.998778199999999288e+02
1.047021200000000135e+03 5.968641399999999066e+02
1.047448300000000245e+03 5.940147899999999481e+02
1.048411200000000235e+03 5.913618599999999788e+02
1.049839900000000171e+03 5.889394099999999526e+02
1.051666500000000269e+03 5.867815699999998742e+02
1.053826900000000251e+03 5.849202999999998838e+02
1.056251200000000154e+03 5.833917099999998754e+02
1.061627800000000207e+03 5.814646799999998166e+02
1.064446200000000317e+03 5.811343499999998130e+02
1.067258700000000317e+03 5.812688999999998032e+02
1.070001200000000381e+03 5.819063899999998739e+02
1.072604000000000269e+03 5.830769499999998970e+02
1.075003000000000156e+03 5.848165099999998802e+02
1.077128300000000081e+03 5.871572099999998500e+02
1.078800799999999981e+03 5.895309099999999489e+02
1.080038900000000012e+03 5.921542399999998452e+02
1.080816199999999981e+03 5.949493899999998803e+02
1.081100500000000011e+03 5.978386499999999160e+02
1.081100699999999961e+03 5.978388800000000174e+02
