7.726544400000000223e+02 3.255485400000000027e+02
7.725561400000000276e+02 3.289156100000000151e+02
7.718100600000000213e+02 3.319368100000000368e+02
7.704980699999999842e+02 3.346031600000000026e+02
7.687019999999999982e+02 3.368997100000000273e+02
7.665056399999999712e+02 3.388115500000000111e+02
7.639927799999999252e+02 3.403276700000000119e+02
7.612453299999999672e+02 3.414351400000000467e+02
7.583450399999999263e+02 3.421190500000000156e+02
7.553757599999999002e+02 3.423685000000000400e+02
7.524212699999999359e+02 3.421681800000000067e+02
7.495614899999999352e+02 3.415056700000000092e+02
7.468802199999998948e+02 3.403696899999999914e+02
7.444611699999999246e+02 3.387434399999999641e+02
7.423862799999999424e+02 3.366159000000000106e+02
7.407392799999998942e+02 3.339741699999999582e+02
7.396021299999998746e+02 3.308051799999999503e+02
7.387525299999998651e+02 3.276671199999999544e+02
7.385729999999998654e+02 3.246538499999999203e+02
7.389934799999998631e+02 3.218035199999999350e+02
7.399501099999998814e+02 3.191483299999999872e+02
7.413730999999999085e+02 3.167225499999999556e+02
7.431945699999998851e+02 3.145604299999999967e+02
7.453505999999998721e+02 3.126941000000000486e+02
7.477713899999998830e+02 3.111598000000000184e+02
7.531434599999998909e+02 3.092201900000000023e+02
7.559610199999998486e+02 3.088834299999999757e+02
7.587737899999998490e+02 3.090115600000000313e+02
7.615178699999999026e+02 3.096426300000000538e+02
7.641233999999999469e+02 3.108070600000000923e+02
7.665264699999999038e+02 3.125409600000000410e+02
7.686572099999998500e+02 3.148766699999999901e+02
7.703352799999998979e+02 3.172464700000000448e+02
7.715795399999999518e+02 3.198668900000000122e+02
7.723634499999999434e+02 3.226601900000000569e+02
7.726544799999999213e+02 3.255487700000001041e+02
7.726544400000000223e+02 3.255485400000000027e+02
