8.323605900000000020e+02 7.695882739999999558e+02
8.322622900000000072e+02 7.729553339999999935e+02
8.315162100000000009e+02 7.759765439999999899e+02
8.302042199999999639e+02 7.786428839999999809e+02
8.284081499999999778e+02 7.809394439999999804e+02
8.262117899999999509e+02 7.828512739999999894e+02
8.236989699999999175e+02 7.843673939999999902e+02
8.209514799999999468e+02 7.854748739999999998e+02
8.180511899999999059e+02 7.861587739999999940e+02
8.150819099999998798e+02 7.864082240000000183e+02
8.121274599999999282e+02 7.862082940000000235e+02
8.092676399999999148e+02 7.855457739999999376e+02
8.065863699999998744e+02 7.844098040000000083e+02
8.041673199999999042e+02 7.827835840000000189e+02
8.020924299999999221e+02 7.806560540000000401e+02
8.004454699999998866e+02 7.780142740000000003e+02
7.993082799999998542e+02 7.748453240000000051e+02
7.984586799999998448e+02 7.717072239999999965e+02
7.982791599999998198e+02 7.686939539999999624e+02
7.986996299999998428e+02 7.658436239999999771e+02
7.996562599999998611e+02 7.631884300000000394e+02
8.010792599999998629e+02 7.607626900000000205e+02
8.029007599999998774e+02 7.586005400000000236e+02
8.050567899999998644e+02 7.567342099999999618e+02
8.074775399999998626e+02 7.551999100000000453e+02
8.128496499999998832e+02 7.532602899999999408e+02
8.156671699999998282e+02 7.529231599999999389e+02
8.184799699999998666e+02 7.530512800000000198e+02
8.212240599999998949e+02 7.536823499999999285e+02
8.238295899999999392e+02 7.548467499999999291e+02
8.262326199999998835e+02 7.565806800000000294e+02
8.283633599999998296e+02 7.589163899999999785e+02
8.300414399999998523e+02 7.612861599999999953e+02
8.312856899999998177e+02 7.639065799999999626e+02
8.320696099999997841e+02 7.666999140000000352e+02
8.323606299999997873e+02 7.695884639999999308e+02
8.323605900000000020e+02 7.695882739999999558e+02
