8.439963299999999435e+02 3.433331299999999828e+02
8.438901299999999992e+02 3.466999700000000075e+02
8.431369399999999814e+02 3.497194299999999885e+02
8.418187199999999848e+02 3.523826399999999808e+02
8.400172800000000279e+02 3.546749599999999987e+02
8.378164500000000317e+02 3.565816599999999994e+02
8.353000400000000809e+02 3.580918800000000033e+02
8.325499800000001187e+02 3.591928899999999771e+02
8.296480900000001384e+02 3.598700000000000045e+02
8.266782500000001619e+02 3.601122599999999920e+02
8.237242500000002110e+02 3.599051499999999919e+02
8.208660200000001623e+02 3.592359099999999899e+02
8.181873900000001640e+02 3.580936599999999999e+02
8.157722000000001117e+02 3.564617299999999886e+02
8.137023000000001502e+02 3.543293199999999956e+02
8.120615400000001500e+02 3.516837299999999686e+02
8.109317600000001676e+02 3.485121399999999312e+02
8.100895700000002080e+02 3.453720699999998942e+02
8.099168400000002066e+02 3.423583899999998721e+02
8.103440100000002531e+02 3.395090399999999136e+02
8.113068400000003066e+02 3.368561099999999442e+02
8.127355400000003556e+02 3.344336999999999307e+02
8.145621100000003025e+02 3.322758499999998776e+02
8.167225300000003472e+02 3.304145899999998619e+02
8.191468700000003764e+02 3.288859899999998788e+02
8.245235100000003285e+02 3.269589599999999336e+02
8.273418300000003001e+02 3.266286299999999301e+02
8.301542900000002874e+02 3.267631899999998950e+02
8.328969000000003007e+02 3.274006799999998520e+02
8.354996700000002647e+02 3.285712399999998752e+02
8.378986500000003161e+02 3.303107599999998456e+02
8.400239000000003671e+02 3.326514599999998154e+02
8.416964200000003302e+02 3.350251899999998386e+02
8.429345100000003868e+02 3.376485299999998233e+02
8.437118500000003678e+02 3.404436799999998584e+02
8.439960700000003726e+02 3.433328999999998814e+02
8.439963299999999435e+02 3.433331299999999828e+02
