1.022228700000000003e+03 5.362955099999999220e+02
1.022122399999999971e+03 5.396623500000000604e+02
1.021369299999999953e+03 5.426818200000000161e+02
1.020050999999999931e+03 5.453450599999999895e+02
1.018249599999999987e+03 5.476373800000000074e+02
1.016048699999999940e+03 5.495440800000000081e+02
1.013532299999999964e+03 5.510543000000000120e+02
1.010782299999999964e+03 5.521553200000000743e+02
1.007880400000000009e+03 5.528324199999999564e+02
1.004910499999999956e+03 5.530746900000000323e+02
1.001956500000000005e+03 5.528675700000001143e+02
9.990982900000000200e+02 5.521983300000000554e+02
9.964197000000000344e+02 5.510560800000000654e+02
9.940044700000000830e+02 5.494241500000000542e+02
9.919345700000001216e+02 5.472917800000000170e+02
9.902938000000001466e+02 5.446461500000000342e+02
9.891640700000001516e+02 5.414745200000000978e+02
9.883218700000001036e+02 5.383344500000000608e+02
9.881491500000000769e+02 5.353207700000000386e+02
9.885762700000000223e+02 5.324714200000000801e+02
9.895391500000000633e+02 5.298185000000000855e+02
9.909678400000000238e+02 5.273960800000000972e+02
9.927944200000000592e+02 5.252382000000001199e+02
9.949548300000000154e+02 5.233769300000001294e+02
9.973791700000000446e+02 5.218483400000001211e+02
1.002755800000000022e+03 5.199213500000000749e+02
1.005574100000000044e+03 5.195910200000000714e+02
1.008386600000000044e+03 5.197255700000000616e+02
1.011129200000000083e+03 5.203630600000001323e+02
1.013732000000000085e+03 5.215335800000001427e+02
1.016131000000000085e+03 5.232731500000002143e+02
1.018256200000000035e+03 5.256138500000001841e+02
1.019928700000000049e+03 5.279875800000002073e+02
1.021166800000000080e+03 5.306109100000002172e+02
1.021944200000000023e+03 5.334060600000002523e+02
1.022228400000000079e+03 5.362952800000002753e+02
1.022228700000000003e+03 5.362955099999999220e+02
