6.966797299999999495e+02 3.024964499999999816e+02
6.965814299999999548e+02 3.058634799999999814e+02
6.958353499999999485e+02 3.088847200000000157e+02
6.945233699999999999e+02 3.115510600000000068e+02
6.927273000000000138e+02 3.138476200000000063e+02
6.905309399999999869e+02 3.157594500000000153e+02
6.880180799999999408e+02 3.172755700000000161e+02
6.852705899999999701e+02 3.183830500000000256e+02
6.823703299999999672e+02 3.190669599999999946e+02
6.794010599999999158e+02 3.193164000000000442e+02
6.764465999999998758e+02 3.191160900000000993e+02
6.735867899999998372e+02 3.184535400000000891e+02
6.709055099999998220e+02 3.173176000000000840e+02
6.684864699999998265e+02 3.156913500000000568e+02
6.664115799999998444e+02 3.135638100000001032e+02
6.647645799999997962e+02 3.109220700000000761e+02
6.636273899999997639e+02 3.077530900000000429e+02
6.627778299999997671e+02 3.046150200000000723e+02
6.625982999999997674e+02 3.016017600000001266e+02
6.630187699999997903e+02 2.987513900000001286e+02
6.639754099999997834e+02 2.960962300000001051e+02
6.653983999999998105e+02 2.936704600000000482e+02
6.672199099999997998e+02 2.915083000000000766e+02
6.693759399999997868e+02 2.896420100000000275e+02
6.717966899999997850e+02 2.881077099999999973e+02
6.771687999999998056e+02 2.861680900000000065e+02
6.799863199999997505e+02 2.858309600000000046e+02
6.827990799999997762e+02 2.859590900000000602e+02
6.855431699999998045e+02 2.865900800000000572e+02
6.881486999999998488e+02 2.877545500000001084e+02
6.905517599999998311e+02 2.894884500000000571e+02
6.926825099999998656e+02 2.918241600000000062e+02
6.943605799999999135e+02 2.941939200000000483e+02
6.956048399999999674e+02 2.968143400000000156e+02
6.963887499999999591e+02 2.996076799999999594e+02
6.966797799999999370e+02 3.024962600000000066e+02
6.966797299999999495e+02 3.024964499999999816e+02
