7.243108499999999594e+02 2.210513300000000072e+02
7.242046399999999267e+02 2.244181300000000192e+02
7.234514899999999216e+02 2.274375800000000254e+02
7.221332299999999123e+02 2.301008199999999988e+02
7.203317999999999302e+02 2.323931400000000167e+02
7.181309399999998959e+02 2.342998400000000174e+02
7.156145299999999452e+02 2.358100600000000213e+02
7.128644699999999830e+02 2.369110699999999952e+02
7.099626200000000154e+02 2.375881799999999657e+02
7.069927500000000009e+02 2.378304499999999280e+02
7.040387399999999616e+02 2.376233299999998962e+02
7.011805099999999129e+02 2.369540899999999510e+02
6.985018899999998894e+02 2.358118399999999610e+02
6.960866899999998623e+02 2.341799099999999498e+02
6.940167999999998756e+02 2.320475399999999127e+02
6.923760299999999006e+02 2.294019099999999298e+02
6.912462899999999308e+02 2.262302799999998797e+02
6.904040599999999586e+02 2.230902299999999059e+02
6.902313399999999319e+02 2.200765299999999343e+02
6.906584999999998900e+02 2.172272299999999632e+02
6.916213699999998425e+02 2.145743299999999181e+02
6.930500699999998915e+02 2.121518299999999044e+02
6.948766399999998384e+02 2.099940299999999525e+02
6.970370199999998704e+02 2.081327299999999241e+02
6.994613999999999123e+02 2.066041299999999410e+02
7.048380399999998644e+02 2.046771299999999201e+02
7.076563599999998360e+02 2.043468299999999545e+02
7.104688199999998233e+02 2.044813299999999572e+02
7.132114299999998366e+02 2.051188300000000027e+02
7.158141999999998006e+02 2.062894300000000385e+02
7.182131799999998520e+02 2.080289300000000594e+02
7.203384499999998525e+02 2.103696300000000292e+02
7.220109299999998029e+02 2.127433300000000145e+02
7.232490599999997585e+02 2.153666299999999865e+02
7.240263999999997395e+02 2.181618300000000090e+02
7.243106199999997443e+02 2.210511300000000574e+02
7.243108499999999594e+02 2.210513300000000072e+02
