8.043394399999999678e+02 7.392932899999999563e+02
8.042411399999999730e+02 7.426603599999999687e+02
8.034950699999999415e+02 7.456815599999999904e+02
8.021830799999999044e+02 7.483479099999999562e+02
8.003870099999999184e+02 7.506444599999999809e+02
7.981906499999998914e+02 7.525562999999999647e+02
7.956777899999998453e+02 7.540724199999999655e+02
7.929303399999998874e+02 7.551798900000000003e+02
7.900300399999998717e+02 7.558637999999999693e+02
7.870607699999998204e+02 7.561132499999999936e+02
7.841062799999998560e+02 7.559129299999999603e+02
7.812464999999998554e+02 7.552504199999999628e+02
7.785651899999998022e+02 7.541144500000000335e+02
7.761461799999998448e+02 7.524881900000000314e+02
7.740712899999998626e+02 7.503606599999999389e+02
7.724242899999998144e+02 7.477189200000000255e+02
7.712870999999997821e+02 7.445499399999999923e+02
7.704375399999997853e+02 7.414118699999999080e+02
7.702580099999997856e+02 7.383985999999999876e+02
7.706784899999997833e+02 7.355482700000000023e+02
7.716351199999998016e+02 7.328930799999999408e+02
7.730581099999998287e+02 7.304672999999999092e+02
7.748796199999998180e+02 7.283051899999999250e+02
7.770356499999998050e+02 7.264388499999998885e+02
7.794563999999998032e+02 7.249045599999999467e+02
7.848284699999998111e+02 7.229649399999999559e+02
7.876460299999997687e+02 7.226281799999999294e+02
7.904587899999997944e+02 7.227563099999999849e+02
7.932028799999998228e+02 7.233873799999998937e+02
7.958084099999998671e+02 7.245518099999999322e+02
7.982114699999998493e+02 7.262857099999998809e+02
8.003422199999998838e+02 7.286214199999999437e+02
8.020202899999999318e+02 7.309911799999999857e+02
8.032645499999999856e+02 7.336115999999999531e+02
8.040484599999999773e+02 7.364049399999998968e+02
8.043394899999999552e+02 7.392935199999999440e+02
8.043394399999999678e+02 7.392932899999999563e+02
