9.226958600000000388e+02 4.814359799999999723e+02
9.225975600000000441e+02 4.848030399999999531e+02
9.218514400000000251e+02 4.878242499999999495e+02
9.205394900000000007e+02 4.904905899999999406e+02
9.187434200000000146e+02 4.927871499999999401e+02
9.165470599999999877e+02 4.946989799999999491e+02
9.140342100000000300e+02 4.962150999999999499e+02
9.112867200000000594e+02 4.973225399999999468e+02
9.083864600000000564e+02 4.980064799999999536e+02
9.054171800000000303e+02 4.982559299999999780e+02
9.024626900000000660e+02 4.980556199999999762e+02
8.996029100000000653e+02 4.973930699999999661e+02
8.969216000000000122e+02 4.962571299999999610e+02
8.945025500000000420e+02 4.946308699999999590e+02
8.924276700000000346e+02 4.925033399999999801e+02
8.907807000000000244e+02 4.898615999999999531e+02
8.896435099999999920e+02 4.866926199999999767e+02
8.887939499999999953e+02 4.835545499999999493e+02
8.886144199999999955e+02 4.805412899999999468e+02
8.890348599999999806e+02 4.776909599999999614e+02
8.899914999999999736e+02 4.750357599999999820e+02
8.914145300000000134e+02 4.726099899999999820e+02
8.932359900000000152e+02 4.704478699999999662e+02
8.953920200000000023e+02 4.685815399999999613e+02
8.978128100000000131e+02 4.670472399999999880e+02
9.031848800000000210e+02 4.651075900000000161e+02
9.060024399999999787e+02 4.647708299999999895e+02
9.088152099999999791e+02 4.648989599999999882e+02
9.115593000000000075e+02 4.655300199999999791e+02
9.141648300000000518e+02 4.666944199999999796e+02
9.165678900000000340e+02 4.684283499999999663e+02
9.186986400000000685e+02 4.707640699999999470e+02
9.203767100000001165e+02 4.731338699999999449e+02
9.216209700000001703e+02 4.757542499999999563e+02
9.224048800000001620e+02 4.785475899999999569e+02
9.226959000000001652e+02 4.814361699999999473e+02
9.226958600000000388e+02 4.814359799999999723e+02
