8.626300599999999577e+02 4.205693800000000238e+02
8.625317599999999629e+02 4.239364500000000362e+02
8.617856499999999187e+02 4.269576900000000137e+02
8.604736999999998943e+02 4.296240000000000236e+02
8.586776299999999083e+02 4.319205500000000484e+02
8.564812699999998813e+02 4.338323900000000322e+02
8.539684099999998352e+02 4.353485500000000457e+02
8.512209599999998773e+02 4.364559900000000425e+02
8.483206699999998364e+02 4.371398900000000367e+02
8.453513899999998102e+02 4.373893400000000611e+02
8.423968999999998459e+02 4.371890200000000846e+02
8.395371299999998200e+02 4.365265100000000871e+02
8.368558099999997921e+02 4.353905400000001009e+02
8.344367999999998347e+02 4.337643200000001116e+02
8.323619199999998273e+02 4.316367900000001327e+02
8.307149099999998043e+02 4.289950100000001498e+02
8.295777299999998604e+02 4.258260600000001546e+02
8.287281599999998889e+02 4.226879600000001460e+02
8.285486399999998639e+02 4.196746900000001688e+02
8.289691099999998869e+02 4.168243600000001834e+02
8.299257099999998673e+02 4.141691700000001788e+02
8.313487399999999070e+02 4.117434300000001599e+02
8.331702099999998836e+02 4.095812800000001630e+02
8.353262399999998706e+02 4.077149500000001581e+02
8.377470199999999068e+02 4.061806800000001658e+02
8.431191299999999273e+02 4.042410300000001939e+02
8.459366499999998723e+02 4.039042700000001673e+02
8.487494099999998980e+02 4.040324000000001661e+02
8.514934999999999263e+02 4.046634700000001885e+02
8.540990299999999706e+02 4.058279000000001702e+02
8.565020999999999276e+02 4.075618000000001757e+02
8.586328399999998737e+02 4.098975100000001817e+02
8.603109099999999216e+02 4.122673100000001796e+02
8.615551699999999755e+02 4.148877300000002037e+02
8.623390799999999672e+02 4.176810300000001916e+02
8.626301099999999451e+02 4.205696100000001820e+02
8.626300599999999577e+02 4.205693800000000238e+02
