7.540718699999999899e+02 2.513453600000000279e+02
7.539656599999999571e+02 2.547121600000000399e+02
7.532124799999999141e+02 2.577316299999999956e+02
7.518942499999999427e+02 2.603948699999999690e+02
7.500927799999999479e+02 2.626871899999999869e+02
7.478919599999999264e+02 2.645938899999999876e+02
7.453755499999999756e+02 2.661041099999999915e+02
7.426254900000000134e+02 2.672051299999999401e+02
7.397236100000000079e+02 2.678822699999999486e+02
7.367537700000000314e+02 2.681245299999999361e+02
7.337997700000000805e+02 2.679174199999999928e+02
7.309415000000001328e+02 2.672481400000000349e+02
7.282629100000001472e+02 2.661058900000000449e+02
7.258476800000001958e+02 2.644740000000000464e+02
7.237777800000002344e+02 2.623415899999999965e+02
7.221370100000002594e+02 2.596959600000000137e+02
7.210072700000002897e+02 2.565243299999999635e+02
7.201650800000003301e+02 2.533842999999999392e+02
7.199923600000003034e+02 2.503705799999999044e+02
7.204194800000002488e+02 2.475212699999999586e+02
7.213823500000002014e+02 2.448683399999999892e+02
7.228110500000002503e+02 2.424458899999999630e+02
7.246376200000001973e+02 2.402880499999999984e+02
7.267980000000002292e+02 2.384267800000000079e+02
7.292223800000002711e+02 2.368981899999999996e+02
7.345990200000002233e+02 2.349711600000000544e+02
7.374173400000001948e+02 2.346408300000000509e+02
7.402298000000001821e+02 2.347753800000000410e+02
7.429724100000001954e+02 2.354128699999999981e+02
7.455751900000002479e+02 2.365834300000000212e+02
7.479741700000002993e+02 2.383229999999999791e+02
7.500994300000003250e+02 2.406636999999999489e+02
7.517719100000002754e+02 2.430373899999999594e+02
7.530100500000003194e+02 2.456607199999999693e+02
7.537873800000003257e+02 2.484559100000000171e+02
7.540716000000003305e+02 2.513451300000000401e+02
7.540718699999999899e+02 2.513453600000000279e+02
