8.148595599999999877e+02 3.137121700000000146e+02
8.147533499999999549e+02 3.170790200000000141e+02
8.140001699999999119e+02 3.200984799999999950e+02
8.126819499999999152e+02 3.227617199999999684e+02
8.108805099999999584e+02 3.250540499999999611e+02
8.086796499999999241e+02 3.269607399999999870e+02
8.061632399999999734e+02 3.284709599999999909e+02
8.034131800000000112e+02 3.295719400000000405e+02
8.005113000000000056e+02 3.302490800000000490e+02
7.975414600000000291e+02 3.304913500000000113e+02
7.945874600000000783e+02 3.302842299999999796e+02
7.917292300000000296e+02 3.296149900000000343e+02
7.890506000000000313e+02 3.284727400000000443e+02
7.866354099999999789e+02 3.268408200000000079e+02
7.845655100000000175e+02 3.247084099999999580e+02
7.829247400000000425e+02 3.220628100000000131e+02
7.817950000000000728e+02 3.188911900000000514e+02
7.809527700000001005e+02 3.157511200000000144e+02
7.807800500000000739e+02 3.127374300000000176e+02
7.812072100000000319e+02 3.098880900000000338e+02
7.821700799999999845e+02 3.072351600000000644e+02
7.835987499999999955e+02 3.048127100000000382e+02
7.854253199999999424e+02 3.026548599999999851e+02
7.875857299999998986e+02 3.007936399999999821e+02
7.900101099999999406e+02 2.992650399999999991e+02
7.953867099999999937e+02 2.973380100000000539e+02
7.982050299999999652e+02 2.970076800000000503e+02
8.010174899999999525e+02 2.971422300000000405e+02
8.037601099999999406e+02 2.977797300000000860e+02
8.063629199999999173e+02 2.989502500000000964e+02
8.087618999999999687e+02 3.006898100000000795e+02
8.108871199999999817e+02 3.030305100000000493e+02
8.125596399999999448e+02 3.054042400000000725e+02
8.137977399999999761e+02 3.080275800000000572e+02
8.145750699999999824e+02 3.108227300000000923e+02
8.148592899999999872e+02 3.137119500000001153e+02
8.148595599999999877e+02 3.137121700000000146e+02
