8.745161100000000260e+02 3.775013099999999895e+02
8.744098999999999933e+02 3.808681500000000142e+02
8.736567599999999629e+02 3.838876200000000267e+02
8.723384999999999536e+02 3.865508600000000001e+02
8.705370599999999968e+02 3.888431800000000180e+02
8.683361999999999625e+02 3.907498800000000188e+02
8.658198299999999108e+02 3.922601000000000226e+02
8.630697699999999486e+02 3.933611200000000281e+02
8.601678899999999430e+02 3.940382200000000239e+02
8.571980099999999538e+02 3.942804900000000430e+02
8.542440100000000029e+02 3.940733700000000681e+02
8.513857799999999543e+02 3.934041300000000660e+02
8.487071899999999687e+02 3.922618800000000761e+02
8.462919600000000173e+02 3.906299500000000648e+02
8.442220600000000559e+02 3.884975400000000718e+02
8.425812900000000809e+02 3.858519500000000448e+02
8.414515500000001111e+02 3.826803200000000516e+02
8.406093200000001389e+02 3.795402500000000714e+02
8.404366000000001122e+02 3.765265700000000493e+02
8.408637600000000702e+02 3.736772200000000339e+02
8.418266400000001113e+02 3.710243000000000393e+02
8.432553000000001475e+02 3.686018800000000510e+02
8.450818700000000945e+02 3.664440400000000295e+02
8.472422800000000507e+02 3.645827700000000391e+02
8.496666600000000926e+02 3.630541800000000308e+02
8.550432700000001205e+02 3.611271500000000287e+02
8.578616200000001299e+02 3.607968200000000252e+02
8.606740800000001173e+02 3.609313700000000154e+02
8.634166600000000926e+02 3.615688600000000292e+02
8.660194700000000694e+02 3.627394200000000524e+02
8.684184500000001208e+02 3.644789500000000544e+02
8.705436700000001338e+02 3.668196500000000810e+02
8.722161900000000969e+02 3.691933800000001042e+02
8.734542900000001282e+02 3.718167100000001142e+02
8.742316200000001345e+02 3.746118600000000924e+02
8.745158400000001393e+02 3.775010800000001154e+02
8.745161100000000260e+02 3.775013099999999895e+02
