8.915905299999999443e+02 4.511123099999999795e+02
8.914922299999999495e+02 4.544793799999999919e+02
8.907461499999999432e+02 4.575006199999999694e+02
8.894341599999999062e+02 4.601669199999999478e+02
8.876380899999999201e+02 4.624634799999999473e+02
8.854417299999998932e+02 4.643753099999999563e+02
8.829288799999999355e+02 4.658914299999999571e+02
8.801814299999999776e+02 4.669989099999999667e+02
8.772811299999999619e+02 4.676828199999999924e+02
8.743118599999999105e+02 4.679322700000000168e+02
8.713573599999998578e+02 4.677319500000000403e+02
8.684975799999998571e+02 4.670694400000000428e+02
8.658163099999998167e+02 4.659334600000000250e+02
8.633972599999998465e+02 4.643072099999999978e+02
8.613223799999998391e+02 4.621797100000000000e+02
8.596753699999998162e+02 4.595379300000000171e+02
8.585381899999998723e+02 4.563689899999999966e+02
8.576886199999999008e+02 4.532308899999999880e+02
8.575090999999998758e+02 4.502176200000000108e+02
8.579295699999998988e+02 4.473672900000000254e+02
8.588862099999998918e+02 4.447121300000000019e+02
8.603091999999999189e+02 4.422863199999999892e+02
8.621306999999999334e+02 4.401241999999999734e+02
8.642867399999998952e+02 4.382578699999999685e+02
8.667074799999999186e+02 4.367236099999999510e+02
8.720795499999999265e+02 4.347839599999999791e+02
8.748971199999999726e+02 4.344468200000000024e+02
8.777098799999999983e+02 4.345749500000000012e+02
8.804539700000000266e+02 4.352060200000000236e+02
8.830595000000000709e+02 4.363704500000000053e+02
8.854625600000000532e+02 4.381043799999999919e+02
8.875933100000000877e+02 4.404400600000000168e+02
8.892713800000001356e+02 4.428098600000000147e+02
8.905156400000001895e+02 4.454302800000000389e+02
8.912995500000001812e+02 4.482236200000000395e+02
8.915905700000001843e+02 4.511121600000000171e+02
8.915905299999999443e+02 4.511123099999999795e+02
