4.933364199999999755e+02 4.674830200000000104e+02
4.932384199999999623e+02 4.708500900000000229e+02
4.924923199999999497e+02 4.738712900000000445e+02
4.911803199999999379e+02 4.765376400000000672e+02
4.893842199999999139e+02 4.788341900000000919e+02
4.871879199999999059e+02 4.807460300000000757e+02
4.846751199999998789e+02 4.822621500000000765e+02
4.819276199999998767e+02 4.833696200000000545e+02
4.790273199999998610e+02 4.840535300000000802e+02
4.760580199999998854e+02 4.843029800000001046e+02
4.731036199999998644e+02 4.841026600000001281e+02
4.702437199999998825e+02 4.834401100000001179e+02
4.675625199999998927e+02 4.823041700000001129e+02
4.651435199999999099e+02 4.806779200000000856e+02
4.630685199999999213e+02 4.785503800000000751e+02
4.614216199999999048e+02 4.759086500000000797e+02
4.602844199999998978e+02 4.727396600000000717e+02
4.594348199999998883e+02 4.696016000000000759e+02
4.592552199999998948e+02 4.665883300000000986e+02
4.596757199999998988e+02 4.637380000000001132e+02
4.606324199999999109e+02 4.610828100000001086e+02
4.620553199999999379e+02 4.586570300000001339e+02
4.638769199999999273e+02 4.564949100000001181e+02
4.660329199999999332e+02 4.546285800000001132e+02
4.684537199999999189e+02 4.530942800000001398e+02
4.738257199999999330e+02 4.511546700000001238e+02
4.766433199999999601e+02 4.508179100000000972e+02
4.794561199999999417e+02 4.509460400000000959e+02
4.822002199999999448e+02 4.515771100000001184e+02
4.848057199999999511e+02 4.527415400000001000e+02
4.872087199999999712e+02 4.544754400000001056e+02
4.893395199999999932e+02 4.568111500000001115e+02
4.910176199999999653e+02 4.591809500000001094e+02
4.922618199999999433e+02 4.618013700000001336e+02
4.930457199999999602e+02 4.645946700000001215e+02
4.933367199999999571e+02 4.674832500000001119e+02
4.933364199999999755e+02 4.674830200000000104e+02
