9.488058600000000524e+02 5.129974999999999454e+02
9.487075600000000577e+02 5.163645599999999831e+02
9.479614800000000514e+02 5.193858099999999922e+02
9.466494900000000143e+02 5.220521099999999706e+02
9.448534200000000283e+02 5.243486699999999701e+02
9.426570699999999761e+02 5.262604999999999791e+02
9.401442099999999300e+02 5.277766599999999926e+02
9.373967599999999720e+02 5.288840999999999894e+02
9.344964599999999564e+02 5.295680399999999963e+02
9.315271899999999050e+02 5.298174900000000207e+02
9.285726899999998523e+02 5.296171799999999621e+02
9.257129099999998516e+02 5.289546199999999772e+02
9.230315999999997985e+02 5.278186500000000478e+02
9.206125899999998410e+02 5.261924300000000585e+02
9.185376699999998209e+02 5.240649000000000797e+02
9.168906999999998106e+02 5.214231200000001536e+02
9.157535199999998667e+02 5.182541800000001331e+02
9.149039599999998700e+02 5.151161100000000488e+02
9.147244299999998702e+02 5.121028100000000904e+02
9.151448599999998805e+02 5.092524800000000482e+02
9.161015399999998863e+02 5.065973200000000247e+02
9.175245299999999133e+02 5.041715400000000500e+02
9.193459999999998900e+02 5.020093900000000531e+02
9.215020299999998770e+02 5.001430600000000481e+02
9.239228199999998878e+02 4.986088000000000306e+02
9.292948899999998957e+02 4.966691400000000272e+02
9.321124499999998534e+02 4.963323900000000322e+02
9.349252099999998791e+02 4.964605100000000562e+02
9.376692999999999074e+02 4.970915400000000659e+02
9.402748299999999517e+02 4.982559800000000791e+02
9.426778899999999339e+02 4.999899100000000658e+02
9.448086399999999685e+02 5.023255800000000590e+02
9.464867100000000164e+02 5.046953900000000317e+02
9.477309700000000703e+02 5.073158100000000559e+02
9.485148800000000620e+02 5.101091400000000817e+02
9.488059000000000651e+02 5.129976900000001478e+02
9.488058600000000524e+02 5.129974999999999454e+02
