6.833077399999999670e+02 6.138476100000000315e+02
6.832094399999999723e+02 6.172146800000000439e+02
6.824633699999999408e+02 6.202358900000000403e+02
6.811513799999999037e+02 6.229022300000000314e+02
6.793553499999999303e+02 6.251987799999999424e+02
6.771589499999998907e+02 6.271106200000000399e+02
6.746460899999998446e+02 6.286267400000000407e+02
6.718986399999998866e+02 6.297342200000000503e+02
6.689983499999998457e+02 6.304181200000000445e+02
6.660290699999998196e+02 6.306675700000000688e+02
6.630746199999998680e+02 6.304676299999999856e+02
6.602147999999998547e+02 6.298050799999999754e+02
6.575335299999998142e+02 6.286691499999999451e+02
6.551144799999998440e+02 6.270428899999999430e+02
6.530395899999998619e+02 6.249153599999999642e+02
6.513926299999998264e+02 6.222736199999999371e+02
6.502554399999997941e+02 6.191046300000000429e+02
6.494058399999997846e+02 6.159665700000000470e+02
6.492263099999997848e+02 6.129533000000000129e+02
6.496467899999997826e+02 6.101029699999999139e+02
6.506034199999998009e+02 6.074477799999999661e+02
6.520264099999998280e+02 6.050219999999999345e+02
6.538479199999998173e+02 6.028598899999999503e+02
6.560039499999998043e+02 6.009935500000000275e+02
6.584246999999998025e+02 5.994592600000000857e+02
6.637968099999998230e+02 5.975196399999999812e+02
6.666143699999997807e+02 5.971825100000000930e+02
6.694271299999998064e+02 5.973106300000000601e+02
6.721712199999998347e+02 5.979417000000000826e+02
6.747767499999998790e+02 5.991061000000000831e+02
6.771797799999998233e+02 6.008400300000000698e+02
6.793105199999997694e+02 6.031757400000001326e+02
6.809885899999998173e+02 6.055455000000000609e+02
6.822328899999997702e+02 6.081659300000001167e+02
6.830167599999997492e+02 6.109592600000000857e+02
6.833077899999997271e+02 6.138478400000000192e+02
6.833077399999999670e+02 6.138476100000000315e+02
