5.391548900000000231e+02 4.590382900000000177e+02
5.390565900000000283e+02 4.624053200000000174e+02
5.383105100000000220e+02 4.654265599999999949e+02
5.369985199999999850e+02 4.680928999999999860e+02
5.352024499999999989e+02 4.703894599999999855e+02
5.330060999999999467e+02 4.723012899999999945e+02
5.304932399999999006e+02 4.738174099999999953e+02
5.277457499999999300e+02 4.749248900000000049e+02
5.248454899999999270e+02 4.756088000000000306e+02
5.218762199999998757e+02 4.758582400000000234e+02
5.189217599999998356e+02 4.756579300000000217e+02
5.160619399999998222e+02 4.749953800000000115e+02
5.133806699999997818e+02 4.738594400000000064e+02
5.109616199999997548e+02 4.722331899999999791e+02
5.088867399999997474e+02 4.701056499999999687e+02
5.072397299999997244e+02 4.674639099999999416e+02
5.061025499999997237e+02 4.642949299999999653e+02
5.052529899999997269e+02 4.611568699999999694e+02
5.050734599999997272e+02 4.581435999999999922e+02
5.054939299999997502e+02 4.552932700000000068e+02
5.064505699999997432e+02 4.526380700000000274e+02
5.078735599999997703e+02 4.502123000000000275e+02
5.096950699999997596e+02 4.480501400000000558e+02
5.118510999999997466e+02 4.461838500000000636e+02
5.142718499999997448e+02 4.446495500000000902e+02
5.196439499999997906e+02 4.427099400000000742e+02
5.224614799999998240e+02 4.423728000000000975e+02
5.252742399999998497e+02 4.425009300000000962e+02
5.280183299999998781e+02 4.431320000000001187e+02
5.306238599999999224e+02 4.442964300000001003e+02
5.330269199999999046e+02 4.460303300000001059e+02
5.351576699999999391e+02 4.483660400000001118e+02
5.368357399999999870e+02 4.507358000000000970e+02
5.380800000000000409e+02 4.533562200000001212e+02
5.388639100000000326e+02 4.561495600000001218e+02
5.391549300000000358e+02 4.590381400000001122e+02
5.391548900000000231e+02 4.590382900000000177e+02
