7.911252200000000130e+02 7.807959339999999884e+02
7.910269200000000183e+02 7.841629940000000261e+02
7.902808400000000120e+02 7.871842340000000604e+02
7.889688899999999876e+02 7.898505440000000135e+02
7.871728299999999763e+02 7.921470950000000357e+02
7.849764699999999493e+02 7.940589350000000195e+02
7.824636099999999033e+02 7.955750550000000203e+02
7.797161199999999326e+02 7.966825350000000299e+02
7.768158599999999296e+02 7.973664750000000367e+02
7.738465899999998783e+02 7.976159249999999474e+02
7.708920899999998255e+02 7.974156150000000025e+02
7.680323099999998249e+02 7.967530550000000176e+02
7.653509999999997717e+02 7.956170849999999746e+02
7.629319899999998142e+02 7.939908649999999852e+02
7.608570699999997942e+02 7.918633350000000064e+02
7.592100999999997839e+02 7.892215539999999692e+02
7.580729199999998400e+02 7.860526139999999486e+02
7.572233599999998432e+02 7.829145439999999780e+02
7.570434499999998934e+02 7.799012440000000197e+02
7.574639199999999164e+02 7.770509139999999206e+02
7.584205599999999095e+02 7.743957540000000108e+02
7.598435499999999365e+02 7.719699739999999792e+02
7.616650599999999258e+02 7.698078239999999823e+02
7.638210899999999128e+02 7.679414939999999206e+02
7.662418799999999237e+02 7.664072340000000167e+02
7.716139499999999316e+02 7.644675740000000133e+02
7.744315099999998893e+02 7.641308239999999614e+02
7.772442699999999149e+02 7.642589439999999286e+02
7.799883599999999433e+02 7.648900139999999510e+02
7.825938899999999876e+02 7.660544139999999516e+02
7.849969099999999571e+02 7.677883439999999382e+02
7.871276599999999917e+02 7.701240540000000010e+02
7.888057699999999386e+02 7.724938240000000178e+02
7.900500299999999925e+02 7.751142439999999851e+02
7.908338999999999714e+02 7.779075739999999541e+02
7.911249299999999494e+02 7.807961239999999634e+02
7.911252200000000130e+02 7.807959339999999884e+02
