6.552542099999999436e+02 5.816385299999999461e+02
6.551559099999999489e+02 5.850055999999999585e+02
6.544098299999999426e+02 5.880268399999999929e+02
6.530978399999999056e+02 5.906931399999999712e+02
6.513017799999998942e+02 5.929896999999999707e+02
6.491054199999998673e+02 5.949015299999999797e+02
6.465925599999998212e+02 5.964176499999999805e+02
6.438451099999998632e+02 5.975251299999999901e+02
6.409448099999998476e+02 5.982090699999999970e+02
6.379755399999997962e+02 5.984585200000000214e+02
6.350210399999997435e+02 5.982585900000000265e+02
6.321612599999997428e+02 5.975960300000000416e+02
6.294799899999997024e+02 5.964600600000001123e+02
6.270609399999997322e+02 5.948338400000000092e+02
6.249860599999997248e+02 5.927063100000000304e+02
6.233390899999997146e+02 5.900645300000001043e+02
6.222019099999997707e+02 5.868955900000000838e+02
6.213523099999997612e+02 5.837574800000001005e+02
6.211727799999997615e+02 5.807442200000000412e+02
6.215932499999997844e+02 5.778938900000000558e+02
6.225498899999997775e+02 5.752386900000001333e+02
6.239728799999998046e+02 5.728129500000001144e+02
6.257943899999997939e+02 5.706508000000001175e+02
6.279504199999997809e+02 5.687844700000000557e+02
6.303711699999997791e+02 5.672502100000001519e+02
6.357432399999997870e+02 5.653105500000001484e+02
6.385607999999997446e+02 5.649734200000000328e+02
6.413735599999997703e+02 5.651015500000000884e+02
6.441176499999997986e+02 5.657326100000000224e+02
6.467231799999998429e+02 5.668970100000001366e+02
6.491262399999998252e+02 5.686309400000000096e+02
6.512569899999998597e+02 5.709666600000000471e+02
6.529350599999999076e+02 5.733364200000000892e+02
6.541793199999999615e+02 5.759568400000000565e+02
6.549632299999999532e+02 5.787501800000000003e+02
6.552542499999999563e+02 5.816387200000000348e+02
6.552542099999999436e+02 5.816385299999999461e+02
