6.267696700000000192e+02 5.487739199999999755e+02
6.266713700000000244e+02 5.521409899999999880e+02
6.259252900000000182e+02 5.551622299999999086e+02
6.246132999999999811e+02 5.578285399999999754e+02
6.228172299999999950e+02 5.601250900000000001e+02
6.206208699999999681e+02 5.620369299999999839e+02
6.181080600000000231e+02 5.635530899999999974e+02
6.153605700000000525e+02 5.646605299999999943e+02
6.124602700000000368e+02 5.653444700000000012e+02
6.094909999999999854e+02 5.655939200000000255e+02
6.065365399999999454e+02 5.653936000000001059e+02
6.036767199999999320e+02 5.647310500000000957e+02
6.009954499999998916e+02 5.635950800000000527e+02
5.985763999999999214e+02 5.619688600000000633e+02
5.965015199999999140e+02 5.598413300000000845e+02
5.948545499999999038e+02 5.571995500000000447e+02
5.937173699999999599e+02 5.540306000000000495e+02
5.928677599999999757e+02 5.508925400000000536e+02
5.926882399999999507e+02 5.478792300000001205e+02
5.931087099999999737e+02 5.450289000000001352e+02
5.940653499999999667e+02 5.423737500000002001e+02
5.954883399999999938e+02 5.399479700000001685e+02
5.973098400000000083e+02 5.377858200000001716e+02
5.994658799999999701e+02 5.359194900000002235e+02
6.018866199999999935e+02 5.343851900000001933e+02
6.072587300000000141e+02 5.324455700000002025e+02
6.100762600000000475e+02 5.321084400000002006e+02
6.128890600000000859e+02 5.322365600000002814e+02
6.156331400000001395e+02 5.328676300000001902e+02
6.182386800000001585e+02 5.340320700000002034e+02
6.206417000000001281e+02 5.357659600000001774e+02
6.227724500000001626e+02 5.381016700000002402e+02
6.244505200000002105e+02 5.404714700000001812e+02
6.256947800000002644e+02 5.430919000000002370e+02
6.264786900000002561e+02 5.458852300000003197e+02
6.267697100000002592e+02 5.487737700000002405e+02
6.267696700000000192e+02 5.487739199999999755e+02
