5.977187300000000505e+02 5.177726099999999860e+02
5.976204300000000558e+02 5.211396799999999985e+02
5.968743500000000495e+02 5.241609200000000328e+02
5.955623600000000124e+02 5.268272199999998975e+02
5.937663300000000390e+02 5.291237799999998970e+02
5.915699299999999994e+02 5.310356199999998807e+02
5.890571099999999660e+02 5.325517699999999195e+02
5.863096199999999953e+02 5.336592099999999164e+02
5.834093599999999924e+02 5.343431599999998980e+02
5.804400500000000420e+02 5.345925999999999476e+02
5.774856000000000904e+02 5.343926699999999528e+02
5.746257800000000771e+02 5.337301199999999426e+02
5.719445100000000366e+02 5.325941799999998238e+02
5.695254600000000664e+02 5.309679199999998218e+02
5.674505700000000843e+02 5.288403899999998430e+02
5.658036100000000488e+02 5.261986099999999169e+02
5.646664200000000164e+02 5.230296699999998964e+02
5.638168200000000070e+02 5.198915599999999131e+02
5.636372900000000072e+02 5.168782999999998538e+02
5.640577700000000050e+02 5.140279699999998684e+02
5.650144000000000233e+02 5.113727699999999459e+02
5.664374000000000251e+02 5.089470399999999586e+02
5.682589000000000397e+02 5.067848799999999301e+02
5.704149300000000267e+02 5.049185499999999251e+02
5.728356800000000248e+02 5.033842899999999076e+02
5.782077900000000454e+02 5.014446399999999358e+02
5.810253099999999904e+02 5.011074999999999591e+02
5.838381100000000288e+02 5.012356299999999578e+02
5.865822000000000571e+02 5.018666999999999803e+02
5.891877300000001014e+02 5.030311299999999619e+02
5.915907600000000457e+02 5.047650599999999486e+02
5.937214999999999918e+02 5.071007399999999734e+02
5.953995800000000145e+02 5.094705399999999713e+02
5.966438299999999799e+02 5.120909599999999955e+02
5.974277499999999463e+02 5.148842600000000402e+02
5.977187699999999495e+02 5.177728399999999738e+02
5.977187300000000505e+02 5.177726099999999860e+02
