8.759794900000000553e+02 7.608094999999999573e+02
8.758811900000000605e+02 7.641765739999999596e+02
8.751351100000000542e+02 7.671978139999999939e+02
8.738231300000001056e+02 7.698641239999999470e+02
8.720270900000001575e+02 7.721606739999999718e+02
8.698307000000002063e+02 7.740725139999999556e+02
8.673178800000001729e+02 7.755886639999999943e+02
8.645703900000002022e+02 7.766961039999999912e+02
8.616701300000001993e+02 7.773800539999999728e+02
8.587008200000002489e+02 7.776294940000000224e+02
8.557463600000002089e+02 7.774295640000000276e+02
8.528865500000001703e+02 7.767670140000000174e+02
8.502052700000001551e+02 7.756310740000000123e+02
8.477862200000001849e+02 7.740048140000000103e+02
8.457113400000001775e+02 7.718772840000000315e+02
8.440643700000001672e+02 7.692355039999999917e+02
8.429271900000002233e+02 7.660665639999999712e+02
8.420775900000002139e+02 7.629284900000000107e+02
8.418980600000002141e+02 7.599151899999999387e+02
8.423185300000002371e+02 7.570648599999999533e+02
8.432751700000002302e+02 7.544097000000000435e+02
8.446981600000002572e+02 7.519839299999999866e+02
8.465196700000002465e+02 7.498217700000000150e+02
8.486757000000002336e+02 7.479554399999999532e+02
8.510964500000002317e+02 7.464211800000000494e+02
8.564685600000002523e+02 7.444815300000000207e+02
8.592861200000002100e+02 7.441443899999999303e+02
8.620988800000002357e+02 7.442725199999999859e+02
8.648429700000002640e+02 7.449035900000000083e+02
8.674485000000003083e+02 7.460680199999999331e+02
8.698515600000002905e+02 7.478019199999999955e+02
8.719822700000003124e+02 7.501376299999999446e+02
8.736603800000002593e+02 7.525074299999999994e+02
8.749046400000003132e+02 7.551278499999999667e+02
8.756885100000002922e+02 7.579211500000000115e+02
8.759795400000002701e+02 7.608097299999999450e+02
8.759794900000000553e+02 7.608094999999999573e+02
