7.278268000000000484e+02 6.034338099999999940e+02
7.277285000000000537e+02 6.068008700000000317e+02
7.269824200000000474e+02 6.098220799999999144e+02
7.256704300000000103e+02 6.124883800000000065e+02
7.238743699999999990e+02 6.147849699999999302e+02
7.216780099999999720e+02 6.166968100000000277e+02
7.191651899999999387e+02 6.182129300000000285e+02
7.164176999999999680e+02 6.193203700000000254e+02
7.135173999999999523e+02 6.200043100000000322e+02
7.105481299999999010e+02 6.202537600000000566e+02
7.075936699999998609e+02 6.200534499999999980e+02
7.047338499999998476e+02 6.193908999999999878e+02
7.020525799999998071e+02 6.182549599999999828e+02
6.996335299999998369e+02 6.166286999999999807e+02
6.975586499999998296e+02 6.145011700000000019e+02
6.959116799999998193e+02 6.118594299999999748e+02
6.947744999999998754e+02 6.086904499999999416e+02
6.939248999999998659e+02 6.055523799999999710e+02
6.937453699999998662e+02 6.025391199999999117e+02
6.941658399999998892e+02 5.996887899999999263e+02
6.951224799999998822e+02 5.970335900000000038e+02
6.965454699999999093e+02 5.946078199999999470e+02
6.983669799999998986e+02 5.924456599999999753e+02
7.005230099999998856e+02 5.905793699999999262e+02
7.029437599999998838e+02 5.890450700000000097e+02
7.083158599999999296e+02 5.871054200000000947e+02
7.111333899999999630e+02 5.867686599999999544e+02
7.139461900000000014e+02 5.868967900000000100e+02
7.166902800000000298e+02 5.875278499999999440e+02
7.192958100000000741e+02 5.886922899999999572e+02
7.216988300000000436e+02 5.904262200000000576e+02
7.238295800000000781e+02 5.927619300000000067e+02
7.255076500000001261e+02 5.951317000000000235e+02
7.267519100000001799e+02 5.977521200000001045e+02
7.275358200000001716e+02 6.005454500000000735e+02
7.278268400000001748e+02 6.034340000000000828e+02
7.278268000000000484e+02 6.034338099999999940e+02
