5.509029600000000073e+02 4.176887600000000020e+02
5.508046600000000126e+02 4.210557900000000018e+02
5.500585800000000063e+02 4.240770299999999793e+02
5.487465899999999692e+02 4.267433299999999576e+02
5.469505199999999832e+02 4.290399299999999698e+02
5.447541599999999562e+02 4.309517599999999788e+02
5.422412999999999101e+02 4.324678799999999796e+02
5.394938099999999395e+02 4.335753199999999765e+02
5.365935599999999113e+02 4.342592699999999581e+02
5.336242799999998851e+02 4.345087099999999509e+02
5.306697899999999208e+02 4.343083999999999492e+02
5.278100099999999202e+02 4.336458499999999390e+02
5.251287399999998797e+02 4.325099099999999339e+02
5.227096899999999096e+02 4.308836599999999066e+02
5.206347699999998895e+02 4.287561199999998962e+02
5.189877999999998792e+02 4.261143499999998880e+02
5.178506099999998469e+02 4.229453999999998928e+02
5.170010499999998501e+02 4.198073299999998653e+02
5.168215199999998504e+02 4.167940699999998628e+02
5.172419999999998481e+02 4.139436999999998648e+02
5.181985999999998285e+02 4.112885399999998413e+02
5.196215899999998555e+02 4.088627699999998413e+02
5.214431299999998828e+02 4.067006099999998696e+02
5.235991599999998698e+02 4.048343199999998774e+02
5.260199099999998680e+02 4.033000199999999040e+02
5.313919799999998759e+02 4.013603699999999321e+02
5.342095399999998335e+02 4.010236099999999055e+02
5.370223099999998340e+02 4.011517399999999043e+02
5.397663899999998876e+02 4.017828099999999267e+02
5.423719199999999319e+02 4.029471999999999525e+02
5.447749899999998888e+02 4.046811399999999708e+02
5.469057299999998349e+02 4.070168499999999767e+02
5.485838099999998576e+02 4.093866099999999619e+02
5.498280599999998230e+02 4.120070299999999861e+02
5.506119799999997895e+02 4.148003699999999867e+02
5.509029999999997926e+02 4.176889499999999771e+02
5.509029600000000073e+02 4.176887600000000020e+02
