6.979104300000000194e+02 5.706124199999999291e+02
6.978121300000000247e+02 5.739794500000000426e+02
6.970660500000000184e+02 5.770006899999999632e+02
6.957540700000000697e+02 5.796670400000000427e+02
6.939580000000000837e+02 5.819635900000000674e+02
6.917616400000000567e+02 5.838754300000000512e+02
6.892487800000000107e+02 5.853915500000000520e+02
6.865013300000000527e+02 5.864990199999999732e+02
6.836010300000000370e+02 5.871829299999999421e+02
6.806317599999999857e+02 5.874323799999999665e+02
6.776772700000000214e+02 5.872320600000000468e+02
6.748174900000000207e+02 5.865695100000000366e+02
6.721362100000000055e+02 5.854335800000001200e+02
6.697171600000000353e+02 5.838073200000001179e+02
6.676422800000000279e+02 5.816797900000001391e+02
6.659952700000000050e+02 5.790380500000001120e+02
6.648580900000000611e+02 5.758690700000000788e+02
6.640085300000000643e+02 5.727309999999999945e+02
6.638290000000000646e+02 5.697177000000000362e+02
6.642494700000000876e+02 5.668673599999999624e+02
6.652061100000000806e+02 5.642122100000000273e+02
6.666291000000001077e+02 5.617864300000001094e+02
6.684506100000000970e+02 5.596242799999999988e+02
6.706066400000000840e+02 5.577579800000000887e+02
6.730273900000000822e+02 5.562236900000000333e+02
6.783995000000001028e+02 5.542840300000000298e+02
6.812170200000000477e+02 5.539472800000000916e+02
6.840298200000000861e+02 5.540754000000000588e+02
6.867739100000001145e+02 5.547064700000000812e+02
6.893794400000001588e+02 5.558709000000001197e+02
6.917824600000001283e+02 5.576048000000000684e+02
6.939132100000001628e+02 5.599405100000001312e+02
6.955912800000002107e+02 5.623103100000000723e+02
6.968355400000002646e+02 5.649307300000000396e+02
6.976194500000002563e+02 5.677240300000000843e+02
6.979104700000002595e+02 5.706126100000001315e+02
6.979104300000000194e+02 5.706124199999999291e+02
