7.572167399999999589e+02 6.350930700000000115e+02
7.571184399999999641e+02 6.384601300000000492e+02
7.563723599999999578e+02 6.414813800000000583e+02
7.550603699999999208e+02 6.441476800000000367e+02
7.532642999999999347e+02 6.464442400000000362e+02
7.510679399999999077e+02 6.483560700000000452e+02
7.485550899999999501e+02 6.498721900000000460e+02
7.458076299999999037e+02 6.509796700000000556e+02
7.429073399999998628e+02 6.516635700000000497e+02
7.399380699999998114e+02 6.519130200000000741e+02
7.369836099999997714e+02 6.517130900000000793e+02
7.341237899999997580e+02 6.510505700000001070e+02
7.314425199999997176e+02 6.499146000000000640e+02
7.290234699999997474e+02 6.482883400000000620e+02
7.269485899999997400e+02 6.461608500000000959e+02
7.253015799999997171e+02 6.435190700000000561e+02
7.241644299999996974e+02 6.403501300000000356e+02
7.233148299999996880e+02 6.372120200000000523e+02
7.231353099999996630e+02 6.341987500000000182e+02
7.235557799999996860e+02 6.313484200000000328e+02
7.245124199999996790e+02 6.286932300000000851e+02
7.259354099999997061e+02 6.262674500000000535e+02
7.277569099999997206e+02 6.241053400000000693e+02
7.299129399999997077e+02 6.222390100000000075e+02
7.323336899999997058e+02 6.207047099999999773e+02
7.377057999999997264e+02 6.187650899999999865e+02
7.405233299999997598e+02 6.184279599999999846e+02
7.433360899999997855e+02 6.185560800000000654e+02
7.460801799999998138e+02 6.191871499999999742e+02
7.486857099999998582e+02 6.203515899999999874e+02
7.510887699999998404e+02 6.220855199999999741e+02
7.532195099999997865e+02 6.244211900000000242e+02
7.548975899999998092e+02 6.267909899999999652e+02
7.561418499999998630e+02 6.294114200000000210e+02
7.569257599999998547e+02 6.322047499999999900e+02
7.572167799999998579e+02 6.350932900000000245e+02
7.572167399999999589e+02 6.350930700000000115e+02
