8.293886999999999716e+02 6.580259200000000419e+02
8.292903999999999769e+02 6.613929900000000544e+02
8.285443199999999706e+02 6.644142300000000887e+02
8.272323299999999335e+02 6.670805400000000418e+02
8.254362599999999475e+02 6.693770900000000665e+02
8.232398999999999205e+02 6.712889300000000503e+02
8.207270499999999629e+02 6.728050900000000638e+02
8.179795899999999165e+02 6.739125200000000859e+02
8.150792999999998756e+02 6.745964700000000676e+02
8.121100299999998242e+02 6.748459200000000919e+02
8.091555299999997715e+02 6.746456000000000586e+02
8.062957499999997708e+02 6.739830500000000484e+02
8.036144799999997304e+02 6.728470800000000054e+02
8.011954299999997602e+02 6.712208600000001297e+02
7.991205399999997780e+02 6.690933200000000625e+02
7.974735399999997298e+02 6.664515499999999975e+02
7.963363599999997859e+02 6.632826000000000022e+02
7.954867899999998144e+02 6.601445400000000063e+02
7.953072699999997894e+02 6.571312300000000732e+02
7.957277399999998124e+02 6.542809000000000879e+02
7.966843699999998307e+02 6.516257500000000391e+02
7.981073699999998325e+02 6.491999700000001212e+02
7.999288699999998471e+02 6.470378200000000106e+02
8.020848999999998341e+02 6.451714900000000625e+02
8.045056499999998323e+02 6.436372200000000703e+02
8.098777599999998529e+02 6.416975700000000415e+02
8.126952899999998863e+02 6.413604400000000396e+02
8.155080899999999247e+02 6.414885600000000068e+02
8.182521699999999782e+02 6.421196300000000292e+02
8.208577000000000226e+02 6.432840600000000677e+02
8.232607299999999668e+02 6.450179600000001301e+02
8.253914699999999129e+02 6.473536700000000792e+02
8.270695499999999356e+02 6.497234700000001340e+02
8.283138099999999895e+02 6.523438900000001013e+02
8.290977199999999812e+02 6.551371900000000323e+02
8.293887399999999843e+02 6.580257700000000796e+02
8.293886999999999716e+02 6.580259200000000419e+02
