8.881867600000000493e+02 7.180780099999999493e+02
8.880884600000000546e+02 7.214450799999999617e+02
8.873423800000000483e+02 7.244663199999999961e+02
8.860304000000000997e+02 7.271326200000000881e+02
8.842343300000001136e+02 7.294291800000000876e+02
8.820379700000000867e+02 7.313410200000000714e+02
8.795251100000000406e+02 7.328571699999999964e+02
8.767776200000000699e+02 7.339646099999999933e+02
8.738773600000000670e+02 7.346485600000000886e+02
8.709080900000000156e+02 7.348980000000000246e+02
8.679535899999999629e+02 7.346976900000000796e+02
8.650938199999999370e+02 7.340351400000000694e+02
8.624125399999999217e+02 7.328992000000000644e+02
8.599934899999999516e+02 7.312729500000000371e+02
8.579185699999999315e+02 7.291454100000000835e+02
8.562715999999999212e+02 7.265036700000000565e+02
8.551344199999999773e+02 7.233346900000000232e+02
8.542848599999999806e+02 7.201966200000000526e+02
8.541053299999999808e+02 7.171833200000000943e+02
8.545258000000000038e+02 7.143329899999999952e+02
8.554823999999999842e+02 7.116778300000000854e+02
8.569054300000000239e+02 7.092520600000000286e+02
8.587269000000000005e+02 7.070899000000000569e+02
8.608829299999999876e+02 7.052235699999999952e+02
8.633037199999999984e+02 7.036893099999999777e+02
8.686757900000000063e+02 7.017496600000000626e+02
8.714933499999999640e+02 7.014129000000000360e+02
8.743061099999999897e+02 7.015410300000000916e+02
8.770502000000000180e+02 7.021721000000000004e+02
8.796557300000000623e+02 7.033365300000000389e+02
8.820587900000000445e+02 7.050704299999999876e+02
8.841895400000000791e+02 7.074061400000000503e+02
8.858676100000001270e+02 7.097759399999999914e+02
8.871118700000001809e+02 7.123963600000000724e+02
8.878957800000001725e+02 7.151896600000000035e+02
8.881868000000001757e+02 7.180782400000000507e+02
8.881867600000000493e+02 7.180780099999999493e+02
