7.699079500000000280e+02 5.948051100000000133e+02
7.698096500000000333e+02 5.981721800000000258e+02
7.690635700000000270e+02 6.011934200000000601e+02
7.677515799999999899e+02 6.038597300000000132e+02
7.659555100000000039e+02 6.061562800000000379e+02
7.637591499999999769e+02 6.080681200000000217e+02
7.612463299999999435e+02 6.095842400000000225e+02
7.584988399999999729e+02 6.106917100000000573e+02
7.555985499999999320e+02 6.113756200000000263e+02
7.526292799999998806e+02 6.116250700000000506e+02
7.496748199999998405e+02 6.114251300000000811e+02
7.468149999999998272e+02 6.107626200000000836e+02
7.441337299999997867e+02 6.096266400000000658e+02
7.417146799999998166e+02 6.080004200000000765e+02
7.396397999999998092e+02 6.058728900000000976e+02
7.379928299999997989e+02 6.032311100000001716e+02
7.368556399999997666e+02 6.000621700000001510e+02
7.360060399999997571e+02 5.969240700000000288e+02
7.358265199999997321e+02 5.939108000000001084e+02
7.362469899999997551e+02 5.910604700000001230e+02
7.372036299999997482e+02 5.884053100000000995e+02
7.386266199999997752e+02 5.859795000000001437e+02
7.404481199999997898e+02 5.838173800000000710e+02
7.426041499999997768e+02 5.819510500000001230e+02
7.450248999999997750e+02 5.804167899999999918e+02
7.503970099999997956e+02 5.784771400000000767e+02
7.532145399999998290e+02 5.781400000000001000e+02
7.560273399999998674e+02 5.782681300000001556e+02
7.587713899999998830e+02 5.788992000000000644e+02
7.613769199999999273e+02 5.800636300000001029e+02
7.637799799999999095e+02 5.817975600000000895e+02
7.659107199999998556e+02 5.841332400000001144e+02
7.675887999999998783e+02 5.865030400000000554e+02
7.688330599999999322e+02 5.891234600000001365e+02
7.696169699999999239e+02 5.919168000000001939e+02
7.699079899999999270e+02 5.948053400000001147e+02
7.699079500000000280e+02 5.948051100000000133e+02
