8.598709700000000566e+02 6.865586600000000317e+02
8.597726700000000619e+02 6.899257300000000441e+02
8.590265900000000556e+02 6.929469800000000532e+02
8.577146400000000313e+02 6.956132800000000316e+02
8.559185700000000452e+02 6.979098400000000311e+02
8.537222100000000182e+02 6.998216700000000401e+02
8.512093600000000606e+02 7.013378200000000788e+02
8.484618700000000899e+02 7.024452600000000757e+02
8.455616100000000870e+02 7.031292000000000826e+02
8.425923400000000356e+02 7.033786500000001070e+02
8.396378600000000461e+02 7.031787200000001121e+02
8.367780999999999949e+02 7.025161600000000135e+02
8.340967899999999418e+02 7.013802299999999832e+02
8.316777399999999716e+02 6.997539800000000696e+02
8.296028499999999894e+02 6.976264499999999771e+02
8.279558799999999792e+02 6.949846700000000510e+02
8.268187000000000353e+02 6.918157200000000557e+02
8.259691400000000385e+02 6.886776099999999587e+02
8.257896100000000388e+02 6.856643500000000131e+02
8.262100500000000238e+02 6.828140200000000277e+02
8.271666800000000421e+02 6.801588600000000042e+02
8.285896700000000692e+02 6.777330799999999726e+02
8.304111800000000585e+02 6.755709299999999757e+02
8.325672100000000455e+02 6.737046000000000276e+02
8.349880000000000564e+02 6.721703400000000101e+02
8.403600500000000011e+02 6.702306800000000067e+02
8.431775999999999840e+02 6.698935500000000047e+02
8.459903600000000097e+02 6.700216699999999719e+02
8.487344500000000380e+02 6.706527399999999943e+02
8.513399800000000823e+02 6.718171800000000076e+02
8.537430400000000645e+02 6.735510699999999815e+02
8.558737800000000107e+02 6.758867800000000443e+02
8.575518600000000333e+02 6.782565899999999601e+02
8.587961200000000872e+02 6.808770100000000411e+02
8.595799900000000662e+02 6.836702999999999975e+02
8.598710100000000693e+02 6.865588800000000447e+02
8.598709700000000566e+02 6.865586600000000317e+02
