6.811751000000000431e+02 5.008908099999999877e+02
6.810768000000000484e+02 5.042578800000000001e+02
6.803307200000000421e+02 5.072791199999999776e+02
6.790187300000000050e+02 5.099454199999999560e+02
6.772226600000000190e+02 5.122419800000000123e+02
6.750263099999999667e+02 5.141538100000000213e+02
6.725134499999999207e+02 5.156699699999999211e+02
6.697659999999999627e+02 5.167774099999999180e+02
6.668656999999999471e+02 5.174613500000000386e+02
6.638964299999998957e+02 5.177108000000000629e+02
6.609419299999998429e+02 5.175108599999999797e+02
6.580821499999998423e+02 5.168483099999999695e+02
6.554008399999997891e+02 5.157123400000000402e+02
6.529818299999998317e+02 5.140861199999999371e+02
6.509069499999998243e+02 5.119585900000000152e+02
6.492599399999998013e+02 5.093168100000000322e+02
6.481227599999998574e+02 5.061478700000000117e+02
6.472731999999998607e+02 5.030097999999999843e+02
6.470936699999998609e+02 4.999964999999999691e+02
6.475140999999998712e+02 4.971461699999999837e+02
6.484707799999998770e+02 4.944910099999999602e+02
6.498937699999999040e+02 4.920652299999999855e+02
6.517152699999999186e+02 4.899030799999999886e+02
6.538713099999998803e+02 4.880367499999999836e+02
6.562920599999998785e+02 4.865024899999999661e+02
6.616641299999998864e+02 4.845628299999999626e+02
6.644816899999998441e+02 4.842256999999999607e+02
6.672944499999998698e+02 4.843538299999999595e+02
6.700385399999998981e+02 4.849848599999999692e+02
6.726440699999999424e+02 4.861492899999999509e+02
6.750471299999999246e+02 4.878832199999999375e+02
6.771778799999999592e+02 4.902188999999999623e+02
6.788559500000000071e+02 4.925886999999999603e+02
6.801002100000000610e+02 4.952091199999999844e+02
6.808841200000000526e+02 4.980024599999999850e+02
6.811751400000000558e+02 5.008909999999999627e+02
6.811751000000000431e+02 5.008908099999999877e+02
