8.990903499999999440e+02 6.762338700000000244e+02
8.989920499999999493e+02 6.796009799999999359e+02
8.982459699999999430e+02 6.826221799999999575e+02
8.969339799999999059e+02 6.852885199999999486e+02
8.951379499999999325e+02 6.875850799999999481e+02
8.929415899999999056e+02 6.894969099999999571e+02
8.904287399999999479e+02 6.910130299999999579e+02
8.876812499999999773e+02 6.921205099999999675e+02
8.847809499999999616e+02 6.928044300000000248e+02
8.818116799999999103e+02 6.930538799999999355e+02
8.788572199999998702e+02 6.928535699999999906e+02
8.759973999999998568e+02 6.921910000000000309e+02
8.733161299999998164e+02 6.910550600000000259e+02
8.708970799999998462e+02 6.894288099999999986e+02
8.688221999999998388e+02 6.873012699999999313e+02
8.671752299999998286e+02 6.846595300000000179e+02
8.660380499999998847e+02 6.814905499999999847e+02
8.651884499999998752e+02 6.783524899999999889e+02
8.650089199999998755e+02 6.753391799999999421e+02
8.654293899999998985e+02 6.724888899999999694e+02
8.663860299999998915e+02 6.698336899999999332e+02
8.678090199999999186e+02 6.674079199999999901e+02
8.696305199999999331e+02 6.652457600000000184e+02
8.717865599999998949e+02 6.633794299999999566e+02
8.742073399999999310e+02 6.618451700000000528e+02
8.795794099999999389e+02 6.599055200000000241e+02
8.823969699999998966e+02 6.595687599999999975e+02
8.852097399999998970e+02 6.596968899999999394e+02
8.879538199999999506e+02 6.603279599999999618e+02
8.905593599999999697e+02 6.614923900000000003e+02
8.929623799999999392e+02 6.632262900000000627e+02
8.950931299999999737e+02 6.655620000000000118e+02
8.967712399999999207e+02 6.679318000000000666e+02
8.980154899999998861e+02 6.705522200000000339e+02
8.987993699999998398e+02 6.733455199999999650e+02
8.990903899999998430e+02 6.762341000000000122e+02
8.990903499999999440e+02 6.762338700000000244e+02
