7.830900000000000318e+02 5.529609699999999748e+02
7.829917000000000371e+02 5.563280399999999872e+02
7.822456300000000056e+02 5.593492799999999079e+02
7.809336799999999812e+02 5.620155799999999999e+02
7.791376099999999951e+02 5.643121399999999994e+02
7.769412499999999682e+02 5.662239700000000084e+02
7.744283899999999221e+02 5.677401299999999083e+02
7.716808999999999514e+02 5.688475699999999051e+02
7.687806399999999485e+02 5.695315100000000257e+02
7.658113699999998971e+02 5.697809600000000501e+02
7.628568799999999328e+02 5.695806499999999915e+02
7.599970999999999322e+02 5.689180999999999813e+02
7.573157899999998790e+02 5.677821599999999762e+02
7.548967399999999088e+02 5.661558999999999742e+02
7.528218499999999267e+02 5.640283699999999953e+02
7.511748799999999164e+02 5.613865900000000693e+02
7.500376999999999725e+02 5.582176500000000487e+02
7.491881399999999758e+02 5.550795799999999645e+02
7.490082300000000259e+02 5.520662800000000061e+02
7.494287100000000237e+02 5.492159500000000207e+02
7.503853400000000420e+02 5.465607899999999972e+02
7.518083300000000690e+02 5.441350199999999404e+02
7.536298400000000584e+02 5.419728599999999687e+02
7.557858700000000454e+02 5.401065300000000207e+02
7.582066600000000562e+02 5.385722699999998895e+02
7.635787300000000641e+02 5.366326199999999744e+02
7.663962900000000218e+02 5.362954799999999977e+02
7.692090500000000475e+02 5.364236100000000533e+02
7.719531400000000758e+02 5.370546799999999621e+02
7.745586700000001201e+02 5.382191900000000260e+02
7.769617300000001023e+02 5.399531200000000126e+02
7.790924400000001242e+02 5.422888299999999617e+02
7.807705500000000711e+02 5.446585900000000038e+02
7.820148100000001250e+02 5.472790199999999459e+02
7.827986800000001040e+02 5.500723500000000286e+02
7.830897100000000819e+02 5.529608900000000631e+02
7.830900000000000318e+02 5.529609699999999748e+02
