6.227841200000000299e+02 4.380939900000000193e+02
6.226858200000000352e+02 4.414610600000000318e+02
6.219397400000000289e+02 4.444822600000000534e+02
6.206277499999999918e+02 4.471486100000000761e+02
6.188316800000000057e+02 4.494451600000001008e+02
6.166353199999999788e+02 4.513570000000000846e+02
6.141224700000000212e+02 4.528731200000000854e+02
6.113749800000000505e+02 4.539806000000000950e+02
6.084747200000000475e+02 4.546645400000001018e+02
6.055054499999999962e+02 4.549139900000001262e+02
6.025509499999999434e+02 4.547140500000000998e+02
5.996911699999999428e+02 4.540515000000000896e+02
5.970098999999999023e+02 4.529155200000000718e+02
5.945908499999999322e+02 4.512893100000000572e+02
5.925159699999999248e+02 4.491617700000000468e+02
5.908689599999999018e+02 4.465200000000000387e+02
5.897317799999999579e+02 4.433510500000000434e+02
5.888822199999999611e+02 4.402129500000000348e+02
5.887026899999999614e+02 4.371996800000000576e+02
5.891231599999999844e+02 4.343493500000000722e+02
5.900797999999999774e+02 4.316941600000000676e+02
5.915027900000000045e+02 4.292684200000000487e+02
5.933242900000000191e+02 4.271062600000000202e+02
5.954803299999999808e+02 4.252399300000000153e+02
5.979010799999999790e+02 4.237056300000000419e+02
6.032731800000000248e+02 4.217660200000000259e+02
6.060907100000000582e+02 4.214288800000000492e+02
6.089034700000000839e+02 4.215570100000000480e+02
6.116475600000001123e+02 4.221880800000000704e+02
6.142530900000001566e+02 4.233525100000000521e+02
6.166561500000001388e+02 4.250864100000000576e+02
6.187869000000001733e+02 4.274221200000000636e+02
6.204649700000002213e+02 4.297919200000000615e+02
6.217092300000002751e+02 4.324123400000000856e+02
6.224931400000002668e+02 4.352056400000000735e+02
6.227841600000002700e+02 4.380942200000000639e+02
6.227841200000000299e+02 4.380939900000000193e+02
