7.022233300000000327e+02 6.872705200000000332e+02
7.021250300000000379e+02 6.906375800000000709e+02
7.013789500000000317e+02 6.936588300000000800e+02
7.000669599999999946e+02 6.963251800000000458e+02
6.982708900000000085e+02 6.986216900000000578e+02
6.960745299999999816e+02 7.005335700000000543e+02
6.935616699999999355e+02 7.020496800000000803e+02
6.908141799999999648e+02 7.031571200000000772e+02
6.879139299999999366e+02 7.038410599999999704e+02
6.849446499999999105e+02 7.040905099999999948e+02
6.819901599999999462e+02 7.038905700000000252e+02
6.791303799999999455e+02 7.032280200000000150e+02
6.764490699999998924e+02 7.020920399999999972e+02
6.740300199999999222e+02 7.004658400000000711e+02
6.719551399999999148e+02 6.983383000000000038e+02
6.703081699999999046e+02 6.956965299999999388e+02
6.691709799999998722e+02 6.925275900000000320e+02
6.683214199999998755e+02 6.893895099999999729e+02
6.681418899999998757e+02 6.863762000000000398e+02
6.685623299999998608e+02 6.835258699999999408e+02
6.695189699999998538e+02 6.808707200000000057e+02
6.709419999999998936e+02 6.784449399999999741e+02
6.727634599999998954e+02 6.762827899999999772e+02
6.749194899999998825e+02 6.744164600000000291e+02
6.773402799999998933e+02 6.728821900000000369e+02
6.827123499999999012e+02 6.709425400000000081e+02
6.855299099999998589e+02 6.706054100000000062e+02
6.883426799999998593e+02 6.707335299999999734e+02
6.910867599999999129e+02 6.713645999999999958e+02
6.936922899999999572e+02 6.725290400000000091e+02
6.960953599999999142e+02 6.742629299999999830e+02
6.982260999999998603e+02 6.765986400000000458e+02
6.999041699999999082e+02 6.789684399999999869e+02
7.011484299999999621e+02 6.815888700000000426e+02
7.019323499999999285e+02 6.843821599999999989e+02
7.022233699999999317e+02 6.872707400000000462e+02
7.022233300000000327e+02 6.872705200000000332e+02
