9.288529999999999518e+02 7.090731600000000299e+02
9.287546999999999571e+02 7.124402300000000423e+02
9.280085799999999381e+02 7.154614699999999630e+02
9.266966299999999137e+02 7.181277800000000298e+02
9.249005599999999276e+02 7.204243300000000545e+02
9.227041999999999007e+02 7.223361700000000383e+02
9.201913399999998546e+02 7.238523300000000518e+02
9.174438899999998966e+02 7.249597700000000486e+02
9.145435999999998558e+02 7.256436700000000428e+02
9.115743199999998296e+02 7.258931200000000672e+02
9.086198299999998653e+02 7.256928000000000338e+02
9.057600499999998647e+02 7.250302900000000363e+02
9.030787299999998368e+02 7.238943200000001070e+02
9.006597199999998793e+02 7.222681000000000040e+02
8.985848499999998467e+02 7.201405700000000252e+02
8.969378499999997985e+02 7.174987900000000991e+02
8.958006599999997661e+02 7.143298400000001038e+02
8.949510999999997694e+02 7.111917399999999816e+02
8.947715699999997696e+02 7.081784700000000612e+02
8.951920399999997926e+02 7.053281400000000758e+02
8.961486799999997857e+02 7.026729900000000271e+02
8.975716699999998127e+02 7.002471800000000712e+02
8.993931399999997893e+02 6.980850699999999733e+02
9.015491599999998016e+02 6.962187400000000252e+02
9.039699499999998125e+02 6.946844700000000330e+02
9.093420199999998204e+02 6.927448299999999790e+02
9.121595799999997780e+02 6.924080699999999524e+02
9.149723499999997784e+02 6.925362000000000080e+02
9.177164299999998320e+02 6.931672700000000304e+02
9.203219699999998511e+02 6.943316899999999805e+02
9.227250299999998333e+02 6.960655900000000429e+02
9.248557699999997794e+02 6.984012999999999920e+02
9.265338499999998021e+02 7.007711000000000467e+02
9.277780999999997675e+02 7.033915100000000393e+02
9.285620199999997340e+02 7.061848099999999704e+02
9.288530399999997371e+02 7.090733900000000176e+02
9.288529999999999518e+02 7.090731600000000299e+02
