7.533700599999999667e+02 5.225031900000000178e+02
7.532717599999999720e+02 5.258702600000000302e+02
7.525256799999999657e+02 5.288914999999999509e+02
7.512137299999999414e+02 5.315578100000000177e+02
7.494176599999999553e+02 5.338543600000000424e+02
7.472212999999999283e+02 5.357662000000000262e+02
7.447084399999998823e+02 5.372823200000000270e+02
7.419609499999999116e+02 5.383897899999999481e+02
7.390606999999998834e+02 5.390737400000000434e+02
7.360914199999998573e+02 5.393231900000000678e+02
7.331369299999998930e+02 5.391232499999999845e+02
7.302771099999998796e+02 5.384606999999999744e+02
7.275958399999998392e+02 5.373247199999999566e+02
7.251768299999998817e+02 5.356985099999999420e+02
7.231018999999998869e+02 5.335709699999999884e+02
7.214549399999998514e+02 5.309291999999999234e+02
7.203177499999998190e+02 5.277602499999999281e+02
7.194681899999998222e+02 5.246221499999999196e+02
7.192886599999998225e+02 5.216088799999999992e+02
7.197090999999998076e+02 5.187585500000000138e+02
7.206657299999998258e+02 5.161033599999999524e+02
7.220887299999998277e+02 5.136775800000000345e+02
7.239102299999998422e+02 5.115154599999999618e+02
7.260662599999998292e+02 5.096491299999999569e+02
7.284870499999998401e+02 5.081148699999999394e+02
7.338591199999998480e+02 5.061752199999999675e+02
7.366766799999998057e+02 5.058380799999999908e+02
7.394894399999998313e+02 5.059662099999999896e+02
7.422335299999998597e+02 5.065972800000000120e+02
7.448390599999999040e+02 5.077617099999999937e+02
7.472421299999998610e+02 5.094956099999999992e+02
7.493728299999999081e+02 5.118313899999999990e+02
7.510509099999999307e+02 5.142011999999999716e+02
7.522951999999999089e+02 5.168216199999999390e+02
7.530790799999998626e+02 5.196149100000000089e+02
7.533700999999998658e+02 5.225034900000000562e+02
7.533700599999999667e+02 5.225031900000000178e+02
