8.412481299999999464e+02 6.135956700000000410e+02
8.411498299999999517e+02 6.169627400000000534e+02
8.404037499999999454e+02 6.199839799999999741e+02
8.390917999999999211e+02 6.226503300000000536e+02
8.372957299999999350e+02 6.249468400000000656e+02
8.350993799999998828e+02 6.268587200000000621e+02
8.325865299999999252e+02 6.283748400000000629e+02
8.298390399999999545e+02 6.294823100000000977e+02
8.269387799999999515e+02 6.301662200000000666e+02
8.239695099999999002e+02 6.304156700000000910e+02
8.210150199999999359e+02 6.302157300000000077e+02
8.181552399999999352e+02 6.295531799999999976e+02
8.154739299999998821e+02 6.284172399999999925e+02
8.130548799999999119e+02 6.267909899999999652e+02
8.109799899999999298e+02 6.246634500000000116e+02
8.093330299999998942e+02 6.220217199999999593e+02
8.081958399999998619e+02 6.188527300000000650e+02
8.073462799999998651e+02 6.157146700000000692e+02
8.071667499999998654e+02 6.127013600000000224e+02
8.075871899999998504e+02 6.098510300000000370e+02
8.085438199999998687e+02 6.071958799999999883e+02
8.099668499999999085e+02 6.047700999999999567e+02
8.117883199999998851e+02 6.026079500000000735e+02
8.139443499999998721e+02 6.007416100000000370e+02
8.163651399999998830e+02 5.992073500000000195e+02
8.217372099999998909e+02 5.972677000000001044e+02
8.245547699999998486e+02 5.969305699999999888e+02
8.273675299999998742e+02 5.970586900000000696e+02
8.301116199999999026e+02 5.976897600000000921e+02
8.327171499999999469e+02 5.988541900000000169e+02
8.351201999999999543e+02 6.005880900000000793e+02
8.372509399999999005e+02 6.029238000000000284e+02
8.389290099999999484e+02 6.052936000000000831e+02
8.401732700000000023e+02 6.079140200000001641e+02
8.409571799999999939e+02 6.107073200000000952e+02
8.412482099999999718e+02 6.135959000000000287e+02
8.412481299999999464e+02 6.135956700000000410e+02
