5.609516800000000103e+02 3.741686500000000137e+02
5.608533800000000156e+02 3.775357200000000262e+02
5.601073000000000093e+02 3.805569600000000037e+02
5.587953099999999722e+02 3.832232700000000136e+02
5.569992399999999861e+02 3.855198200000000384e+02
5.548028899999999339e+02 3.874316600000000221e+02
5.522899899999999889e+02 3.889478100000000040e+02
5.495425400000000309e+02 3.900552500000000009e+02
5.466422400000000152e+02 3.907391999999999825e+02
5.436729699999999639e+02 3.909886500000000069e+02
5.407185099999999238e+02 3.907883300000000304e+02
5.378586999999998852e+02 3.901257800000000202e+02
5.351774199999998700e+02 3.889898400000000152e+02
5.327583799999998746e+02 3.873635899999999879e+02
5.306834899999998925e+02 3.852360499999999774e+02
5.290365199999998822e+02 3.825942799999999693e+02
5.278993399999999383e+02 3.794253299999999740e+02
5.270497399999999288e+02 3.762872299999999655e+02
5.268702099999999291e+02 3.732739599999999882e+02
5.272906799999999521e+02 3.704236300000000028e+02
5.282473199999999451e+02 3.677684800000000109e+02
5.296703099999999722e+02 3.653427000000000362e+02
5.314918199999999615e+02 3.631805500000000393e+02
5.336478499999999485e+02 3.613142100000000596e+02
5.360686399999999594e+02 3.597799500000000421e+02
5.414407099999999673e+02 3.578403400000000261e+02
5.442582699999999249e+02 3.575035799999999995e+02
5.470709899999999379e+02 3.576317099999999982e+02
5.498151199999999790e+02 3.582627699999999891e+02
5.524206500000000233e+02 3.594271699999999896e+02
5.548237100000000055e+02 3.611611100000000079e+02
5.569544600000000401e+02 3.634967800000000011e+02
5.586325699999999870e+02 3.658665799999999990e+02
5.598768300000000409e+02 3.684870000000000232e+02
5.606607000000000198e+02 3.712803000000000111e+02
5.609517200000000230e+02 3.741688800000000015e+02
5.609516800000000103e+02 3.741686500000000137e+02
