8.701132999999999811e+02 6.443348200000000361e+02
8.700149999999999864e+02 6.477018500000000358e+02
8.692689199999999801e+02 6.507230899999999565e+02
8.679569299999999430e+02 6.533893900000000485e+02
8.661608599999999569e+02 6.556859900000000607e+02
8.639644999999999300e+02 6.575978200000000697e+02
8.614516799999998966e+02 6.591139400000000705e+02
8.587041899999999259e+02 6.602213800000000674e+02
8.558038999999998850e+02 6.609053300000000490e+02
8.528346199999998589e+02 6.611547700000000987e+02
8.498801699999999073e+02 6.609544600000000401e+02
8.470203499999998940e+02 6.602919100000000299e+02
8.443390799999998535e+02 6.591559700000000248e+02
8.419200299999998833e+02 6.575297199999999975e+02
8.398451399999999012e+02 6.554021800000000439e+02
8.381981799999998657e+02 6.527604099999999789e+02
8.370609899999998333e+02 6.495914599999999837e+02
8.362113999999997986e+02 6.464533900000000131e+02
8.360318699999997989e+02 6.434401299999999537e+02
8.364523399999998219e+02 6.405897600000000693e+02
8.374089699999998402e+02 6.379346000000000458e+02
8.388319699999998420e+02 6.355088299999999890e+02
8.406534699999998566e+02 6.333466700000000174e+02
8.428094999999998436e+02 6.314803799999999683e+02
8.452302499999998417e+02 6.299460800000000518e+02
8.506023599999998623e+02 6.280064300000000230e+02
8.534198799999998073e+02 6.276696699999999964e+02
8.562326799999998457e+02 6.277978000000000520e+02
8.589767699999998740e+02 6.284288699999999608e+02
8.615822999999999183e+02 6.295932999999999993e+02
8.639853299999998626e+02 6.313272000000000617e+02
8.661160699999998087e+02 6.336629100000000108e+02
8.677941499999998314e+02 6.360327100000000655e+02
8.690383999999997968e+02 6.386531300000000329e+02
8.698223199999997632e+02 6.414464299999999639e+02
8.701133399999997664e+02 6.443350100000000111e+02
8.701132999999999811e+02 6.443348200000000361e+02
