5.916485300000000507e+02 4.080059699999999907e+02
5.915502300000000560e+02 4.113730400000000031e+02
5.908041100000000370e+02 4.143942799999999806e+02
5.894921600000000126e+02 4.170605799999999590e+02
5.876961000000000013e+02 4.193571399999999585e+02
5.854997399999999743e+02 4.212689699999999675e+02
5.829868799999999283e+02 4.227850899999999683e+02
5.802393899999999576e+02 4.238925699999999779e+02
5.773391299999999546e+02 4.245764699999999721e+02
5.743698599999999033e+02 4.248259199999999964e+02
5.714153599999998505e+02 4.246256099999999947e+02
5.685555899999998246e+02 4.239630999999999972e+02
5.658742699999997967e+02 4.228271199999999794e+02
5.634552599999998392e+02 4.212008999999999901e+02
5.613803399999998192e+02 4.190733700000000113e+02
5.597333699999998089e+02 4.164315900000000283e+02
5.585961899999998650e+02 4.132626500000000078e+02
5.577466299999998682e+02 4.101245400000000245e+02
5.575670999999998685e+02 4.071112800000000220e+02
5.579875699999998915e+02 4.042609500000000367e+02
5.589441699999998718e+02 4.016057900000000132e+02
5.603671599999998989e+02 3.991799800000000005e+02
5.621886699999998882e+02 3.970178599999999847e+02
5.643446999999998752e+02 3.951515299999999797e+02
5.667654899999998861e+02 3.936172699999999622e+02
5.721375599999998940e+02 3.916776099999999587e+02
5.749551199999998516e+02 3.913408599999999637e+02
5.777678799999998773e+02 3.914689799999999877e+02
5.805119699999999057e+02 3.921000500000000102e+02
5.831174999999999500e+02 3.932644900000000234e+02
5.855205599999999322e+02 3.949983799999999974e+02
5.876513099999999667e+02 3.973340900000000033e+02
5.893293800000000147e+02 3.997038900000000012e+02
5.905736400000000685e+02 4.023243200000000002e+02
5.913575500000000602e+02 4.051176100000000133e+02
5.916485700000000634e+02 4.080061900000000037e+02
5.916485300000000507e+02 4.080059699999999907e+02
