5.770996499999999969e+02 3.335619500000000244e+02
5.770013500000000022e+02 3.369290600000000495e+02
5.762552299999999832e+02 3.399502600000000712e+02
5.749432399999999461e+02 3.426165700000000243e+02
5.731472099999999728e+02 3.449131600000000617e+02
5.709508499999999458e+02 3.468249600000000328e+02
5.684379899999998997e+02 3.483410800000000336e+02
5.656904999999999291e+02 3.494485500000000684e+02
5.627902499999999009e+02 3.501324600000000373e+02
5.598209699999998747e+02 3.503819100000000617e+02
5.568664799999999104e+02 3.501815900000000283e+02
5.540066199999998844e+02 3.495190800000000309e+02
5.513253499999998439e+02 3.483830699999999752e+02
5.489062999999998738e+02 3.467568899999999985e+02
5.468314199999998664e+02 3.446293899999999439e+02
5.451844499999998561e+02 3.419875799999999799e+02
5.440472699999999122e+02 3.388185999999999467e+02
5.431976999999999407e+02 3.356805699999999888e+02
5.430181799999999157e+02 3.326672999999999547e+02
5.434386499999999387e+02 3.298169699999999693e+02
5.443952499999999191e+02 3.271617800000000216e+02
5.458182399999999461e+02 3.247359999999999900e+02
5.476397499999999354e+02 3.225738800000000310e+02
5.497957799999999224e+02 3.207074800000000323e+02
5.522165599999999586e+02 3.191732900000000654e+02
5.575886699999999792e+02 3.172336000000000240e+02
5.604062299999999368e+02 3.168968399999999974e+02
5.632189999999999372e+02 3.170249700000000530e+02
5.659630799999999908e+02 3.176560800000000881e+02
5.685686200000000099e+02 3.188204700000001139e+02
5.709716799999999921e+02 3.205543700000000626e+02
5.731024199999999382e+02 3.228900800000000118e+02
5.747804999999999609e+02 3.252598800000000665e+02
5.760247499999999263e+02 3.278803000000000338e+02
5.768086699999998928e+02 3.306736000000000786e+02
5.770996899999998959e+02 3.335621800000001258e+02
5.770996499999999969e+02 3.335619500000000244e+02
