6.713013600000000451e+02 6.546553800000000365e+02
6.712030600000000504e+02 6.580224399999999605e+02
6.704569800000000441e+02 6.610436500000000706e+02
6.691449900000000071e+02 6.637099900000000616e+02
6.673489200000000210e+02 6.660065399999999727e+02
6.651525599999999940e+02 6.679183800000000701e+02
6.626397100000000364e+02 6.694345000000000709e+02
6.598922499999999900e+02 6.705419799999999668e+02
6.569919599999999491e+02 6.712258799999999610e+02
6.540226899999998977e+02 6.714753299999999854e+02
6.510681899999998450e+02 6.712750200000000405e+02
6.482084099999998443e+02 6.706124700000000303e+02
6.455271399999998039e+02 6.694765300000000252e+02
6.431080899999998337e+02 6.678502700000000232e+02
6.410332099999998263e+02 6.657227399999999307e+02
6.393861999999998034e+02 6.630810000000000173e+02
6.382490199999998595e+02 6.599120199999999841e+02
6.373994499999998880e+02 6.567739500000000135e+02
6.372199299999998630e+02 6.537606899999999541e+02
6.376403999999998859e+02 6.509103599999999687e+02
6.385970399999998790e+02 6.482551599999999326e+02
6.400200299999999061e+02 6.458293899999999894e+02
6.418415299999999206e+02 6.436672699999999168e+02
6.439975599999999076e+02 6.418009399999999687e+02
6.464183099999999058e+02 6.402666399999999385e+02
6.517903799999999137e+02 6.383270199999999477e+02
6.546079499999999598e+02 6.379898899999999458e+02
6.574207099999999855e+02 6.381180200000000013e+02
6.601648000000000138e+02 6.387490500000000111e+02
6.627703300000000581e+02 6.399134799999999359e+02
6.651733900000000403e+02 6.416474100000000362e+02
6.673041299999999865e+02 6.439831199999999853e+02
6.689822100000000091e+02 6.463528900000000021e+02
6.702264700000000630e+02 6.489733099999999695e+02
6.710103800000000547e+02 6.517666500000000269e+02
6.713014000000000578e+02 6.546551899999999478e+02
6.713013600000000451e+02 6.546553800000000365e+02
