6.031152100000000473e+02 3.636739200000000096e+02
6.030169100000000526e+02 3.670409799999999905e+02
6.022708300000000463e+02 3.700622199999999680e+02
6.009588500000000977e+02 3.727285299999999779e+02
5.991627800000001116e+02 3.750250800000000027e+02
5.969664200000000847e+02 3.769369199999999864e+02
5.944535600000000386e+02 3.784530799999999999e+02
5.917061100000000806e+02 3.795605199999999968e+02
5.888058100000000650e+02 3.802444600000000037e+02
5.858365400000000136e+02 3.804939100000000280e+02
5.828820799999999736e+02 3.802939700000000016e+02
5.800222699999999350e+02 3.796314199999999914e+02
5.773409899999999197e+02 3.784954799999999864e+02
5.749219399999999496e+02 3.768692299999999591e+02
5.728470599999999422e+02 3.747416899999999487e+02
5.712000899999999319e+02 3.720999199999999405e+02
5.700629099999999880e+02 3.689309699999999452e+02
5.692133099999999786e+02 3.657928699999999367e+02
5.690337799999999788e+02 3.627795999999999594e+02
5.694542500000000018e+02 3.599292699999999741e+02
5.704108899999999949e+02 3.572741199999999822e+02
5.718338800000000219e+02 3.548483400000000074e+02
5.736553900000000112e+02 3.526861900000000105e+02
5.758114199999999983e+02 3.508198499999999740e+02
5.782321699999999964e+02 3.492855499999999438e+02
5.836042800000000170e+02 3.473459399999999277e+02
5.864217999999999620e+02 3.470087999999999511e+02
5.892345599999999877e+02 3.471369300000000067e+02
5.919786500000000160e+02 3.477679600000000164e+02
5.945841800000000603e+02 3.489324300000000676e+02
5.969872400000000425e+02 3.506663300000000163e+02
5.991179900000000771e+02 3.530020000000000095e+02
6.007960600000001250e+02 3.553718000000000075e+02
6.020403200000001789e+02 3.579922300000000064e+02
6.028242300000001705e+02 3.607855600000000322e+02
6.031152600000001485e+02 3.636741000000000099e+02
6.031152100000000473e+02 3.636739200000000096e+02
