6.333931199999999535e+02 3.948160300000000120e+02
6.332948199999999588e+02 3.981830899999999929e+02
6.325487399999999525e+02 4.012043400000000020e+02
6.312367499999999154e+02 4.038706399999999803e+02
6.294406799999999294e+02 4.061671999999999798e+02
6.272443599999999151e+02 4.080790299999999888e+02
6.247315099999999575e+02 4.095951900000000023e+02
6.219840199999999868e+02 4.107026299999999992e+02
6.190837599999999838e+02 4.113865700000000061e+02
6.161144500000000335e+02 4.116360200000000304e+02
6.131599899999999934e+02 4.114357100000000287e+02
6.103001699999999801e+02 4.107731500000000437e+02
6.076188999999999396e+02 4.096371800000000576e+02
6.051998499999999694e+02 4.080109600000000682e+02
6.031249699999999621e+02 4.058834300000000894e+02
6.014779999999999518e+02 4.032416500000001065e+02
6.003408200000000079e+02 4.000727100000000860e+02
5.994912199999999984e+02 3.969346400000000585e+02
5.993116899999999987e+02 3.939213400000000433e+02
5.997321600000000217e+02 3.910710100000000580e+02
6.006888000000000147e+02 3.884158500000000345e+02
6.021117900000000418e+02 3.859900700000000597e+02
6.039333000000000311e+02 3.838279200000000628e+02
6.060893300000000181e+02 3.819615900000000579e+02
6.085101100000000542e+02 3.804273300000000404e+02
6.138821800000000621e+02 3.784876700000000369e+02
6.166997100000000955e+02 3.781509200000000419e+02
6.195125100000001339e+02 3.782790400000000659e+02
6.222566000000001623e+02 3.789101100000000883e+02
6.248621300000002066e+02 3.800745500000001016e+02
6.272651500000001761e+02 3.818084800000000882e+02
6.293959000000002106e+02 3.841441500000000815e+02
6.310740100000001576e+02 3.865139500000000794e+02
6.323182700000002114e+02 3.891343800000000783e+02
6.331021400000001904e+02 3.919277100000001042e+02
6.333931600000001936e+02 3.948162500000000819e+02
6.333931199999999535e+02 3.948160300000000120e+02
