9.136602599999999939e+02 6.402051000000000158e+02
9.135619599999999991e+02 6.435721300000000156e+02
9.128158799999999928e+02 6.465933800000000247e+02
9.115038899999999558e+02 6.492596800000000030e+02
9.097078299999999444e+02 6.515562700000000405e+02
9.075114699999999175e+02 6.534681100000000242e+02
9.049986399999999094e+02 6.549842300000000250e+02
9.022511699999998882e+02 6.560916700000000219e+02
8.993508699999998726e+02 6.567756100000000288e+02
8.963815999999998212e+02 6.570250600000000532e+02
8.934271399999997811e+02 6.568247499999999945e+02
8.905673199999997678e+02 6.561621900000000096e+02
8.878860499999997273e+02 6.550262599999999793e+02
8.854669999999997572e+02 6.533999999999999773e+02
8.833921199999997498e+02 6.512724699999999984e+02
8.817451499999997395e+02 6.486306899999999587e+02
8.806079699999997956e+02 6.454617499999999382e+02
8.797583699999997862e+02 6.423236799999999675e+02
8.795788399999997864e+02 6.393104100000000471e+02
8.799993099999998094e+02 6.364600500000000238e+02
8.809559499999998025e+02 6.338048900000000003e+02
8.823789399999998295e+02 6.313791099999999687e+02
8.842004399999998441e+02 6.292169599999999718e+02
8.863564799999998058e+02 6.273506700000000365e+02
8.887772299999998040e+02 6.258163700000000063e+02
8.941493299999998499e+02 6.238767100000000028e+02
8.969668599999998833e+02 6.235399600000000646e+02
8.997796599999999216e+02 6.236680800000000318e+02
9.025237399999999752e+02 6.242991500000000542e+02
9.051292599999999311e+02 6.254635900000000674e+02
9.075322899999998754e+02 6.271975199999999404e+02
9.096630399999999099e+02 6.295331899999999905e+02
9.113411099999999578e+02 6.319029900000000453e+02
9.125853700000000117e+02 6.345234199999999873e+02
9.133692800000000034e+02 6.373167100000000573e+02
9.136603000000000065e+02 6.402052899999999909e+02
9.136602599999999939e+02 6.402051000000000158e+02
