6.643503299999999854e+02 4.264412800000000061e+02
6.642520299999999907e+02 4.298083500000000186e+02
6.635059199999999464e+02 4.328295500000000402e+02
6.621939699999999220e+02 4.354959000000000628e+02
6.603978999999999360e+02 4.377924500000000876e+02
6.582015399999999090e+02 4.397042900000000714e+02
6.556886799999998630e+02 4.412204100000000722e+02
6.529411899999998923e+02 4.423278800000000501e+02
6.500409299999998893e+02 4.430117900000000759e+02
6.470716599999998380e+02 4.432612400000001003e+02
6.441171699999998737e+02 4.430609200000001238e+02
6.412573899999998730e+02 4.423983700000001136e+02
6.385760799999998198e+02 4.412624400000001401e+02
6.361570299999998497e+02 4.396361800000001381e+02
6.340821399999998675e+02 4.375086500000001593e+02
6.324351799999998320e+02 4.348669100000001322e+02
6.312979899999997997e+02 4.316979200000001242e+02
6.304484299999998029e+02 4.285598600000001284e+02
6.302688999999998032e+02 4.255465900000001511e+02
6.306893399999997882e+02 4.226962600000001657e+02
6.316459699999998065e+02 4.200410700000001611e+02
6.330689699999998084e+02 4.176152900000001864e+02
6.348904699999998229e+02 4.154531800000002022e+02
6.370464999999998099e+02 4.135868400000002225e+02
6.394672899999998208e+02 4.120525500000002239e+02
6.448393599999998287e+02 4.101129300000002331e+02
6.476569199999997863e+02 4.097758000000002312e+02
6.504696799999998120e+02 4.099039200000002552e+02
6.532137699999998404e+02 4.105349900000002776e+02
6.558192999999998847e+02 4.116994200000002593e+02
6.582223599999998669e+02 4.134333200000002648e+02
6.603530699999998888e+02 4.157690300000002708e+02
6.620311799999998357e+02 4.181388300000002687e+02
6.632754399999998896e+02 4.207592500000002929e+02
6.640593199999998433e+02 4.235525500000002808e+02
6.643503399999998464e+02 4.264411300000002711e+02
6.643503299999999854e+02 4.264412800000000061e+02
