9.745932900000000245e+02 6.986450499999999693e+02
9.744949900000000298e+02 7.020121100000000069e+02
9.737488799999999856e+02 7.050333500000000413e+02
9.724369299999999612e+02 7.076996500000000196e+02
9.706408599999999751e+02 7.099962100000000191e+02
9.684444999999999482e+02 7.119080500000000029e+02
9.659316399999999021e+02 7.134242000000000417e+02
9.631841899999999441e+02 7.145316400000000385e+02
9.602838899999999285e+02 7.152155500000000075e+02
9.573146199999998771e+02 7.154650000000000318e+02
9.543601299999999128e+02 7.152646799999999985e+02
9.515003499999999121e+02 7.146021700000000010e+02
9.488190399999998590e+02 7.134661900000000969e+02
9.464000299999999015e+02 7.118399800000000823e+02
9.443251399999999194e+02 7.097124400000000151e+02
9.426781399999998712e+02 7.070706700000000637e+02
9.415409499999998388e+02 7.039017200000000685e+02
9.406913899999998421e+02 7.007636300000000347e+02
9.405118599999998423e+02 6.977503600000000006e+02
9.409323299999998653e+02 6.949000399999999900e+02
9.418889699999998584e+02 6.922448699999999917e+02
9.433119599999998854e+02 6.898190899999999601e+02
9.451334299999998620e+02 6.876569400000000769e+02
9.472894599999998491e+02 6.857906000000000404e+02
9.497102499999998599e+02 6.842563400000000229e+02
9.550823199999998678e+02 6.823166899999999941e+02
9.578998799999998255e+02 6.819799299999999675e+02
9.607126399999998512e+02 6.821080600000000231e+02
9.634567299999998795e+02 6.827391300000000456e+02
9.660622599999999238e+02 6.839035599999999704e+02
9.684653199999999060e+02 6.856374600000000328e+02
9.705960699999999406e+02 6.879731699999999819e+02
9.722741399999999885e+02 6.903429700000000366e+02
9.735184000000000424e+02 6.929633900000000040e+02
9.743023100000000341e+02 6.957567000000000235e+02
9.745933400000000120e+02 6.986452799999999570e+02
9.745932900000000245e+02 6.986450499999999693e+02
