9.448306300000000419e+02 6.681954700000000003e+02
9.447323300000000472e+02 6.715625700000000506e+02
9.439862500000000409e+02 6.745837799999999334e+02
9.426742600000000039e+02 6.772501199999999244e+02
9.408782300000000305e+02 6.795466699999999491e+02
9.386818700000000035e+02 6.814585099999999329e+02
9.361690200000000459e+02 6.829746299999999337e+02
9.334215300000000752e+02 6.840821100000000570e+02
9.305212300000000596e+02 6.847660100000000511e+02
9.275519600000000082e+02 6.850154599999999618e+02
9.245974999999999682e+02 6.848151500000000169e+02
9.217376799999999548e+02 6.841526000000000067e+02
9.190564099999999144e+02 6.830166600000000017e+02
9.166373599999999442e+02 6.813903999999999996e+02
9.145624799999999368e+02 6.792628700000000208e+02
9.129155099999999265e+02 6.766211299999999937e+02
9.117783299999999826e+02 6.734521499999999605e+02
9.109287299999999732e+02 6.703140799999999899e+02
9.107491999999999734e+02 6.673008199999999306e+02
9.111696699999999964e+02 6.644504899999999452e+02
9.121263099999999895e+02 6.617952899999999090e+02
9.135493000000000166e+02 6.593695199999999659e+02
9.153708000000000311e+02 6.572073599999998805e+02
9.175268399999999929e+02 6.553410299999999324e+02
9.199476200000000290e+02 6.538067699999999149e+02
9.253196900000000369e+02 6.518671199999998862e+02
9.281372499999999945e+02 6.515303599999999733e+02
9.309500199999999950e+02 6.516584899999999152e+02
9.336941000000000486e+02 6.522895499999999629e+02
9.362996400000000676e+02 6.534539899999999761e+02
9.387026600000000371e+02 6.551878799999999501e+02
9.408334100000000717e+02 6.575235900000000129e+02
9.425114800000001196e+02 6.598933999999999287e+02
9.437557700000000978e+02 6.625138199999998960e+02
9.445396500000000515e+02 6.653071199999999408e+02
9.448306700000000546e+02 6.681956899999998996e+02
9.448306300000000419e+02 6.681954700000000003e+02
