8.843891800000000103e+02 6.075869500000000016e+02
8.842908800000000156e+02 6.109540200000000141e+02
8.835448000000000093e+02 6.139752600000000484e+02
8.822328099999999722e+02 6.166416000000000395e+02
8.804367399999999861e+02 6.189381200000000263e+02
8.782403799999999592e+02 6.208499600000000100e+02
8.757275300000000016e+02 6.223661100000000488e+02
8.729800699999999551e+02 6.234735900000000584e+02
8.700797799999999143e+02 6.241575000000000273e+02
8.671104999999998881e+02 6.244069500000000517e+02
8.641560099999999238e+02 6.242070100000000821e+02
8.612962299999999232e+02 6.235444600000000719e+02
8.586149599999998827e+02 6.224085199999999531e+02
8.561959099999999125e+02 6.207822700000000395e+02
8.541210199999999304e+02 6.186547299999999723e+02
8.524740199999998822e+02 6.160129899999999452e+02
8.513368699999998626e+02 6.128440100000000257e+02
8.504872699999998531e+02 6.097059400000000551e+02
8.503077499999998281e+02 6.066926399999999830e+02
8.507282199999998511e+02 6.038423099999999977e+02
8.516848499999998694e+02 6.011871499999999742e+02
8.531078499999998712e+02 5.987613799999999173e+02
8.549293499999998858e+02 5.965992199999999457e+02
8.570853799999998728e+02 5.947328899999999976e+02
8.595061299999998710e+02 5.931986299999998664e+02
8.648782399999998916e+02 5.912589799999999514e+02
8.676957599999998365e+02 5.909218399999999747e+02
8.705085599999998749e+02 5.910499700000000303e+02
8.732526499999999032e+02 5.916810399999999390e+02
8.758581799999999475e+02 5.928454699999999775e+02
8.782612099999998918e+02 5.945793699999999262e+02
8.803919499999998379e+02 5.969150799999999890e+02
8.820700299999998606e+02 5.992848799999999301e+02
8.833142799999998260e+02 6.019053000000000111e+02
8.840981999999997925e+02 6.046985999999999422e+02
8.843892199999997956e+02 6.075871799999999894e+02
8.843891800000000103e+02 6.075869500000000016e+02
