7.324600799999999481e+02 4.458581599999999980e+02
7.323617799999999534e+02 4.492252300000000105e+02
7.316156999999999471e+02 4.522464699999999880e+02
7.303037499999999227e+02 4.549128099999999790e+02
7.285076799999999366e+02 4.572093299999999658e+02
7.263112799999998970e+02 4.591211999999999875e+02
7.237984599999998636e+02 4.606373199999999883e+02
7.210509699999998929e+02 4.617447999999999979e+02
7.181507099999998900e+02 4.624287100000000237e+02
7.151814399999998386e+02 4.626781500000000165e+02
7.122269499999998743e+02 4.624782200000000216e+02
7.093671699999998737e+02 4.618156700000000114e+02
7.066858599999998205e+02 4.606797300000000064e+02
7.042668099999998503e+02 4.590534700000000043e+02
7.021919199999998682e+02 4.569259400000000255e+02
7.005449599999998327e+02 4.542841999999999985e+02
6.994077699999998003e+02 4.511152200000000221e+02
6.985581699999997909e+02 4.479771499999999946e+02
6.983786399999997911e+02 4.449638499999999794e+02
6.987991199999997889e+02 4.421135600000000068e+02
6.997557499999998072e+02 4.394583600000000274e+02
7.011787499999998090e+02 4.370325900000000274e+02
7.030002499999998236e+02 4.348704300000000558e+02
7.051562799999998106e+02 4.330041000000000508e+02
7.075770699999998214e+02 4.314698400000000333e+02
7.129491399999998293e+02 4.295301900000000614e+02
7.157666999999997870e+02 4.291934300000000349e+02
7.185794599999998127e+02 4.293215600000000336e+02
7.213235499999998410e+02 4.299526200000000244e+02
7.239290799999998853e+02 4.311170200000000250e+02
7.263321399999998675e+02 4.328509500000000116e+02
7.284628499999998894e+02 4.351866600000000176e+02
7.301409599999998363e+02 4.375564300000000344e+02
7.313852199999998902e+02 4.401768500000000586e+02
7.321690999999998439e+02 4.429701900000000592e+02
7.324601199999998471e+02 4.458587300000000369e+02
7.324600799999999481e+02 4.458581599999999980e+02
