7.651512000000000171e+02 4.833818699999999922e+02
7.650529000000000224e+02 4.867489299999999730e+02
7.643068299999999908e+02 4.897701799999999821e+02
7.629948399999999538e+02 4.924365199999999732e+02
7.611987699999999677e+02 4.947330399999999599e+02
7.590024099999999407e+02 4.966448699999999690e+02
7.564895899999999074e+02 4.981610299999999825e+02
7.537420999999999367e+02 4.992685099999999920e+02
7.508417999999999211e+02 4.999524099999999862e+02
7.478725299999998697e+02 5.002018600000000106e+02
7.449180799999999181e+02 5.000015500000000088e+02
7.420582599999999047e+02 4.993389900000000239e+02
7.393769899999998643e+02 4.982030600000000504e+02
7.369579699999998184e+02 4.965768000000000484e+02
7.348830499999997983e+02 4.944492700000000696e+02
7.332360799999997880e+02 4.918074900000000866e+02
7.320988999999998441e+02 4.886385500000000661e+02
7.312492999999998347e+02 4.855004800000000387e+02
7.310697699999998349e+02 4.824871800000000235e+02
7.314902499999998327e+02 4.796368500000000381e+02
7.324468799999998510e+02 4.769816900000000146e+02
7.338698699999998780e+02 4.745559100000000399e+02
7.356913799999998673e+02 4.723937600000000430e+02
7.378474099999998543e+02 4.705274300000000380e+02
7.402681999999998652e+02 4.689931700000000205e+02
7.456402699999998731e+02 4.670535100000000170e+02
7.484577899999998181e+02 4.667167600000000220e+02
7.512705899999998564e+02 4.668448800000000460e+02
7.540146799999998848e+02 4.674759500000000685e+02
7.566202099999999291e+02 4.686403500000000690e+02
7.590232299999998986e+02 4.703742800000000557e+02
7.611539799999999332e+02 4.727099900000000616e+02
7.628320499999999811e+02 4.750797600000000784e+02
7.640763100000000350e+02 4.777001800000001026e+02
7.648602200000000266e+02 4.804935100000001285e+02
7.651512500000000045e+02 4.833820600000001377e+02
7.651512000000000171e+02 4.833818699999999922e+02
