9.870293799999999464e+02 6.564749899999999343e+02
9.869310799999999517e+02 6.598420599999999467e+02
9.861849999999999454e+02 6.628632599999999684e+02
9.848730199999999968e+02 6.655295999999999594e+02
9.830769500000000107e+02 6.678261599999999589e+02
9.808805899999999838e+02 6.697379899999999679e+02
9.783677299999999377e+02 6.712541099999999687e+02
9.756202799999999797e+02 6.723615899999999783e+02
9.727199799999999641e+02 6.730454999999999472e+02
9.697507099999999127e+02 6.732949499999999716e+02
9.667962199999999484e+02 6.730950100000000020e+02
9.639364399999999478e+02 6.724325000000000045e+02
9.612551599999999326e+02 6.712965199999999868e+02
9.588361199999999371e+02 6.696702700000000732e+02
9.567612299999999550e+02 6.675427700000000186e+02
9.551142299999999068e+02 6.649009899999999789e+02
9.539770399999998745e+02 6.617320500000000720e+02
9.531274799999998777e+02 6.585939399999999750e+02
9.529479499999998779e+02 6.555806800000000294e+02
9.533684199999999009e+02 6.527303500000000440e+02
9.543250599999998940e+02 6.500751500000000078e+02
9.557480499999999211e+02 6.476493799999999510e+02
9.575695599999999104e+02 6.454872599999999920e+02
9.597255899999998974e+02 6.436209300000000439e+02
9.621463399999998956e+02 6.420866700000000264e+02
9.675184499999999161e+02 6.401470199999999977e+02
9.703359699999998611e+02 6.398098800000000210e+02
9.731487299999998868e+02 6.399380099999999629e+02
9.758928599999999278e+02 6.405690700000000106e+02
9.784983899999999721e+02 6.417335100000000239e+02
9.809014099999999416e+02 6.434674099999999726e+02
9.830321599999999762e+02 6.458031200000000354e+02
9.847102300000000241e+02 6.481728800000000774e+02
9.859544900000000780e+02 6.507933400000000574e+02
9.867384000000000697e+02 6.535866399999999885e+02
9.870294300000000476e+02 6.564752200000000357e+02
9.870293799999999464e+02 6.564749899999999343e+02
