6.433949800000000323e+02 6.239291100000000370e+02
6.432966800000000376e+02 6.272961800000000494e+02
6.425505600000000186e+02 6.303173799999999574e+02
6.412386099999999942e+02 6.329837300000000369e+02
6.394425400000000081e+02 6.352802799999999479e+02
6.372461799999999812e+02 6.371921200000000454e+02
6.347333300000000236e+02 6.387082400000000462e+02
6.319858400000000529e+02 6.398157100000000810e+02
6.290855800000000499e+02 6.404996200000000499e+02
6.261163099999999986e+02 6.407490700000000743e+02
6.231618099999999458e+02 6.405487500000000409e+02
6.203020299999999452e+02 6.398862400000000434e+02
6.176207199999998920e+02 6.387502600000000257e+02
6.152017099999999346e+02 6.371240099999999984e+02
6.131267899999999145e+02 6.349965100000000575e+02
6.114798199999999042e+02 6.323547399999999925e+02
6.103426399999999603e+02 6.291857899999999972e+02
6.094930799999999635e+02 6.260476899999999887e+02
6.093135499999999638e+02 6.230344199999999546e+02
6.097339799999999741e+02 6.201840899999999692e+02
6.106906199999999671e+02 6.175289000000000215e+02
6.121136500000000069e+02 6.151031199999999899e+02
6.139351199999999835e+02 6.129410000000000309e+02
6.160911499999999705e+02 6.110746699999999691e+02
6.185119399999999814e+02 6.095404100000000653e+02
6.238840099999999893e+02 6.076007600000000366e+02
6.267015699999999470e+02 6.072640000000000100e+02
6.295143299999999726e+02 6.073921299999999519e+02
6.322584200000000010e+02 6.080231999999999744e+02
6.348639500000000453e+02 6.091876300000000128e+02
6.372670100000000275e+02 6.109215300000000752e+02
6.393977600000000621e+02 6.132572400000000243e+02
6.410758300000001100e+02 6.156270000000000664e+02
6.423200900000001639e+02 6.182474200000000337e+02
6.431040000000001555e+02 6.210407600000000912e+02
6.433950200000001587e+02 6.239293400000000247e+02
6.433949800000000323e+02 6.239291100000000370e+02
