7.025293500000000222e+02 4.152087599999999838e+02
7.024310500000000275e+02 4.185758299999999963e+02
7.016849399999999832e+02 4.215970300000000179e+02
7.003729899999999589e+02 4.242633700000000090e+02
6.985769199999999728e+02 4.265599300000000085e+02
6.963805599999999458e+02 4.284717600000000175e+02
6.938676999999998998e+02 4.299878800000000183e+02
6.911202099999999291e+02 4.310953600000000279e+02
6.882199599999999009e+02 4.317792700000000536e+02
6.852506799999998748e+02 4.320287100000000464e+02
6.822961899999999105e+02 4.318284000000000447e+02
6.794364099999999098e+02 4.311658900000000472e+02
6.767550999999998567e+02 4.300299100000000294e+02
6.743360899999998992e+02 4.284036600000000021e+02
6.722611599999999044e+02 4.262761199999999917e+02
6.706141999999998689e+02 4.236343799999999646e+02
6.694770099999998365e+02 4.204653999999999883e+02
6.686274499999998397e+02 4.173273399999999924e+02
6.684479199999998400e+02 4.143140700000000152e+02
6.688683599999998250e+02 4.114637400000000298e+02
6.698249899999998433e+02 4.088085400000000504e+02
6.712479899999998452e+02 4.063827700000000505e+02
6.730694899999998597e+02 4.042206500000000347e+02
6.752255199999998467e+02 4.023543200000000297e+02
6.776463099999998576e+02 4.008200200000000564e+02
6.830183799999998655e+02 3.988804100000000403e+02
6.858359399999998232e+02 3.985432700000000636e+02
6.886486999999998488e+02 3.986714000000000624e+02
6.913927899999998772e+02 3.993024700000000848e+02
6.939983199999999215e+02 4.004669000000000665e+02
6.964013899999998785e+02 4.022008000000000720e+02
6.985320899999999256e+02 4.045365100000000780e+02
7.002101999999998725e+02 4.069063100000000759e+02
7.014544599999999264e+02 4.095267300000001001e+02
7.022383399999998801e+02 4.123200300000000880e+02
7.025293599999998833e+02 4.152086100000000783e+02
7.025293500000000222e+02 4.152087599999999838e+02
