6.140724000000000160e+02 3.204340399999999818e+02
6.139741000000000213e+02 3.238011400000000322e+02
6.132279899999999770e+02 3.268223400000000538e+02
6.119160399999999527e+02 3.294886500000000069e+02
6.101199699999999666e+02 3.317852000000000317e+02
6.079236099999999396e+02 3.336970800000000281e+02
6.054107499999998936e+02 3.352132000000000289e+02
6.026632999999999356e+02 3.363206400000000258e+02
5.997629999999999200e+02 3.370045800000000327e+02
5.967937299999998686e+02 3.372540300000000570e+02
5.938392399999999043e+02 3.370537100000000237e+02
5.909794599999999036e+02 3.363911600000000135e+02
5.882981499999998505e+02 3.352552299999999832e+02
5.858791399999998930e+02 3.336289699999999812e+02
5.838042099999998982e+02 3.315014400000000023e+02
5.821572499999998627e+02 3.288596599999999626e+02
5.810200599999998303e+02 3.256907199999999420e+02
5.801704999999998336e+02 3.225526499999999714e+02
5.799909699999998338e+02 3.195393799999999374e+02
5.804114399999998568e+02 3.166890099999999393e+02
5.813680399999998372e+02 3.140338599999998905e+02
5.827910299999998642e+02 3.116080799999998590e+02
5.846125799999998662e+02 3.094459299999998620e+02
5.867686099999998532e+02 3.075796399999998130e+02
5.891893599999998514e+02 3.060453399999997828e+02
5.945614299999998593e+02 3.041056799999997793e+02
5.973789899999998170e+02 3.037689299999997274e+02
6.001917499999998427e+02 3.038970499999996946e+02
6.029358399999998710e+02 3.045280799999997043e+02
6.055413699999999153e+02 3.056925199999997176e+02
6.079444299999998975e+02 3.074264499999997042e+02
6.100751799999999321e+02 3.097621199999997543e+02
6.117532499999999800e+02 3.121319299999997838e+02
6.129975100000000339e+02 3.147523499999997512e+02
6.137814200000000255e+02 3.175456799999997202e+02
6.140724500000000035e+02 3.204342199999997547e+02
6.140724000000000160e+02 3.204340399999999818e+02
