8.657287099999999782e+02 5.310875499999999647e+02
8.656304099999999835e+02 5.344546199999999772e+02
8.648843299999999772e+02 5.374758600000000115e+02
8.635723399999999401e+02 5.401422099999999773e+02
8.617763099999999667e+02 5.424387600000000020e+02
8.595799200000000155e+02 5.443505999999999858e+02
8.570670999999999822e+02 5.458667199999999866e+02
8.543196100000000115e+02 5.469741900000000214e+02
8.514193500000000085e+02 5.476581000000001040e+02
8.484500799999999572e+02 5.479075500000001284e+02
8.454955799999999044e+02 5.477076100000000451e+02
8.426357599999998911e+02 5.470450600000000350e+02
8.399544899999998506e+02 5.459091200000000299e+02
8.375354499999998552e+02 5.442828700000000026e+02
8.354605599999998731e+02 5.421553300000000490e+02
8.338135899999998628e+02 5.395135599999999840e+02
8.326764099999999189e+02 5.363446099999999888e+02
8.318268099999999095e+02 5.332065499999999929e+02
8.316472799999999097e+02 5.301932400000000598e+02
8.320677499999999327e+02 5.273429100000000744e+02
8.330243899999999257e+02 5.246877500000000509e+02
8.344473799999999528e+02 5.222619799999999941e+02
8.362688899999999421e+02 5.200998200000000224e+02
8.384249199999999291e+02 5.182334900000000744e+02
8.408456699999999273e+02 5.166992299999999432e+02
8.462177699999999732e+02 5.147595800000000281e+02
8.490353400000000192e+02 5.144228200000000015e+02
8.518481000000000449e+02 5.145509500000000571e+02
8.545921900000000733e+02 5.151820199999999659e+02
8.571977200000001176e+02 5.163464100000001054e+02
8.596007800000000998e+02 5.180803500000000668e+02
8.617314900000001217e+02 5.204160600000000159e+02
8.634096000000000686e+02 5.227858200000000579e+02
8.646538600000001225e+02 5.254062400000000252e+02
8.654377300000001014e+02 5.281995800000000827e+02
8.657287500000001046e+02 5.310881200000001172e+02
8.657287099999999782e+02 5.310875499999999647e+02
