8.374559100000000171e+02 5.005200199999999882e+02
8.373576100000000224e+02 5.038870900000000006e+02
8.366115300000000161e+02 5.069082900000000222e+02
8.352995399999999790e+02 5.095746300000000133e+02
8.335034699999999930e+02 5.118711900000000128e+02
8.313071199999999408e+02 5.137830200000000787e+02
8.287942599999998947e+02 5.152991400000000795e+02
8.260467699999999240e+02 5.164066199999999753e+02
8.231465099999999211e+02 5.170905300000000580e+02
8.201772399999998697e+02 5.173399800000000823e+02
8.172227399999998170e+02 5.171396600000000490e+02
8.143629599999998163e+02 5.164771100000000388e+02
8.116816899999997759e+02 5.153411700000001474e+02
8.092626099999997678e+02 5.137149200000001201e+02
8.071877199999997856e+02 5.115873800000000529e+02
8.055407499999997754e+02 5.089456400000000258e+02
8.044035699999998315e+02 5.057766600000000494e+02
8.035540099999998347e+02 5.026386000000000536e+02
8.033744799999998349e+02 4.996253300000000763e+02
8.037949499999998579e+02 4.967750000000000909e+02
8.047515499999998383e+02 4.941198000000001116e+02
8.061745799999998781e+02 4.916940300000001116e+02
8.079960499999998547e+02 4.895319100000000958e+02
8.101520799999998417e+02 4.876655800000000909e+02
8.125728699999998526e+02 4.861312800000001175e+02
8.179449399999998604e+02 4.841916700000001015e+02
8.207624999999998181e+02 4.838545300000001248e+02
8.235752599999998438e+02 4.839826600000001235e+02
8.263193499999998721e+02 4.846137300000001460e+02
8.289248799999999164e+02 4.857781600000001276e+02
8.313279399999998986e+02 4.875120600000001332e+02
8.334586899999999332e+02 4.898477700000001391e+02
8.351367599999999811e+02 4.922175700000001370e+02
8.363810200000000350e+02 4.948379900000001612e+02
8.371649300000000267e+02 4.976312900000001491e+02
8.374559500000000298e+02 5.005198700000001395e+02
8.374559100000000171e+02 5.005200199999999882e+02
