6.892558199999999715e+02 3.465128899999999703e+02
6.891575199999999768e+02 3.498799599999999828e+02
6.884114399999999705e+02 3.529011999999999603e+02
6.870994999999999209e+02 3.555675099999999702e+02
6.853034299999999348e+02 3.578640699999999697e+02
6.831070699999999078e+02 3.597758999999999787e+02
6.805942099999998618e+02 3.612920199999999795e+02
6.778467199999998911e+02 3.623994999999999891e+02
6.749464599999998882e+02 3.630834399999999960e+02
6.719771499999999378e+02 3.633328900000000203e+02
6.690226999999999862e+02 3.631325800000000186e+02
6.661629199999999855e+02 3.624700200000000336e+02
6.634816099999999324e+02 3.613340500000000475e+02
6.610625899999998865e+02 3.597078300000000581e+02
6.589876699999998664e+02 3.575803000000000793e+02
6.573406999999998561e+02 3.549385200000000964e+02
6.562035199999999122e+02 3.517695700000000443e+02
6.553539199999999028e+02 3.486314700000000357e+02
6.551743899999999030e+02 3.456182000000000016e+02
6.555948699999999008e+02 3.427678700000000163e+02
6.565514999999999191e+02 3.401126800000000685e+02
6.579744899999999461e+02 3.376869400000000496e+02
6.597959999999999354e+02 3.355247900000000527e+02
6.619520299999999224e+02 3.336584600000001046e+02
6.643728199999999333e+02 3.321241900000001124e+02
6.697448899999999412e+02 3.301845400000000836e+02
6.725624099999998862e+02 3.298477800000000570e+02
6.753752099999999245e+02 3.299759100000001126e+02
6.781192999999999529e+02 3.306069800000001351e+02
6.807248299999999972e+02 3.317714100000001736e+02
6.831278499999999667e+02 3.335053500000001350e+02
6.852586400000000140e+02 3.358410200000001851e+02
6.869367100000000619e+02 3.382108200000002398e+02
6.881809700000001158e+02 3.408312400000002071e+02
6.889648400000000947e+02 3.436245800000001509e+02
6.892558700000000727e+02 3.465131200000001854e+02
6.892558199999999715e+02 3.465128899999999703e+02
