7.469855099999999766e+02 4.061253300000000195e+02
7.468872099999999818e+02 4.094924000000000319e+02
7.461411299999999756e+02 4.125136400000000094e+02
7.448291799999999512e+02 4.151799500000000194e+02
7.430331099999999651e+02 4.174765000000000441e+02
7.408367099999999255e+02 4.193883400000000279e+02
7.383238999999999805e+02 4.209044900000000098e+02
7.355764100000000099e+02 4.220119300000000067e+02
7.326761500000000069e+02 4.226958799999999883e+02
7.297068799999999555e+02 4.229453199999999811e+02
7.267523799999999028e+02 4.227450099999999793e+02
7.238925999999999021e+02 4.220824599999999691e+02
7.212112899999998490e+02 4.209465199999999641e+02
7.187922399999998788e+02 4.193202699999999368e+02
7.167173599999998714e+02 4.171927299999999263e+02
7.150703899999998612e+02 4.145509599999999182e+02
7.139332099999999173e+02 4.113820099999999229e+02
7.130836399999999458e+02 4.082439499999999271e+02
7.129041199999999208e+02 4.052306399999999371e+02
7.133245499999999311e+02 4.023803099999999517e+02
7.142811899999999241e+02 3.997251499999999282e+02
7.157042199999999639e+02 3.972993799999999283e+02
7.175256799999999657e+02 3.951372199999999566e+02
7.196817199999999275e+02 3.932708899999999517e+02
7.221024999999999636e+02 3.917366299999999342e+02
7.274745699999999715e+02 3.897969799999999623e+02
7.302921400000000176e+02 3.894602199999999357e+02
7.331049000000000433e+02 3.895883499999999344e+02
7.358489900000000716e+02 3.902194199999999569e+02
7.384545200000001159e+02 3.913838099999999827e+02
7.408575800000000982e+02 3.931177500000000009e+02
7.429882900000001200e+02 3.954534600000000069e+02
7.446664000000000669e+02 3.978232199999999921e+02
7.459106500000000324e+02 4.004436400000000162e+02
7.466945299999999861e+02 4.032369800000000168e+02
7.469855499999999893e+02 4.061255199999999945e+02
7.469855099999999766e+02 4.061253300000000195e+02
