6.130629400000000260e+02 5.920015599999999267e+02
6.129646400000000313e+02 5.953686299999999392e+02
6.122185600000000250e+02 5.983898699999999735e+02
6.109065699999999879e+02 6.010561800000000403e+02
6.091105400000000145e+02 6.033527300000000650e+02
6.069141799999999876e+02 6.052645700000000488e+02
6.044013199999999415e+02 6.067807199999999739e+02
6.016538299999999708e+02 6.078881599999999708e+02
5.987535399999999299e+02 6.085721099999999524e+02
5.957842999999999165e+02 6.088215500000000020e+02
5.928298099999999522e+02 6.086216200000000072e+02
5.899699899999999388e+02 6.079590699999999970e+02
5.872887199999998984e+02 6.068231299999999919e+02
5.848697099999999409e+02 6.051968699999999899e+02
5.827947799999999461e+02 6.030693400000000111e+02
5.811478199999999106e+02 6.004275600000000850e+02
5.800106299999998782e+02 5.972586200000000645e+02
5.791610699999998815e+02 5.941205499999999802e+02
5.789815399999998817e+02 5.911072500000000218e+02
5.794020199999998795e+02 5.882569200000000365e+02
5.803586099999998851e+02 5.856017600000000130e+02
5.817816399999999248e+02 5.831759899999999561e+02
5.836031099999999014e+02 5.810138299999999845e+02
5.857591399999998885e+02 5.791475000000000364e+02
5.881799299999998993e+02 5.776132399999999052e+02
5.935519999999999072e+02 5.756735899999999901e+02
5.963695599999998649e+02 5.753364500000000135e+02
5.991823299999998653e+02 5.754645800000000690e+02
6.019264099999999189e+02 5.760956499999999778e+02
6.045319399999999632e+02 5.772600800000000163e+02
6.069350099999999202e+02 5.789939799999999650e+02
6.090657099999999673e+02 5.813296900000000278e+02
6.107438199999999142e+02 5.836994899999999689e+02
6.119880799999999681e+02 5.863199100000000499e+02
6.127719599999999218e+02 5.891132099999999809e+02
6.130629799999999250e+02 5.920017900000000282e+02
6.130629400000000260e+02 5.920015599999999267e+02
