8.075714199999999892e+02 4.712718100000000163e+02
8.074731199999999944e+02 4.746388699999999972e+02
8.067270099999999502e+02 4.776600799999999936e+02
8.054150599999999258e+02 4.803264199999999846e+02
8.036189899999999398e+02 4.826229700000000093e+02
8.014226299999999128e+02 4.845348099999999931e+02
7.989097699999998667e+02 4.860509299999999939e+02
7.961622799999998961e+02 4.871584100000000035e+02
7.932620199999998931e+02 4.878423099999999977e+02
7.902927499999998417e+02 4.880917600000000220e+02
7.873382599999998774e+02 4.878914500000000203e+02
7.844784399999998641e+02 4.872289300000000480e+02
7.817971699999998236e+02 4.860929600000000619e+02
7.793781199999998535e+02 4.844667000000000598e+02
7.773032299999998713e+02 4.823391700000000810e+02
7.756562599999998611e+02 4.796974300000000540e+02
7.745190799999999172e+02 4.765284900000000334e+02
7.736695199999999204e+02 4.733903800000000501e+02
7.734899899999999207e+02 4.703771200000000476e+02
7.739104299999999057e+02 4.675267800000000307e+02
7.748670599999999240e+02 4.648715900000000261e+02
7.762900899999999638e+02 4.624458100000000513e+02
7.781115599999999404e+02 4.602837000000000671e+02
7.802675899999999274e+02 4.584173700000000622e+02
7.826883799999999383e+02 4.568831100000000447e+02
7.880604499999999462e+02 4.549434500000000412e+02
7.908780099999999038e+02 4.546067000000000462e+02
7.936907699999999295e+02 4.547348200000000702e+02
7.964348599999999578e+02 4.553658900000000926e+02
7.990403900000000021e+02 4.565303200000000743e+02
8.014434499999999844e+02 4.582642200000000798e+02
8.035742000000000189e+02 4.605999300000000858e+02
8.052522700000000668e+02 4.629697300000000837e+02
8.064965300000001207e+02 4.655901500000001079e+02
8.072804400000001124e+02 4.683834500000000958e+02
8.075714700000000903e+02 4.712720300000000861e+02
8.075714199999999892e+02 4.712718100000000163e+02
