8.773378599999999778e+02 4.911057999999999879e+02
8.772395599999999831e+02 4.944728599999999687e+02
8.764934799999999768e+02 4.974940999999999462e+02
8.751814899999999398e+02 5.001604099999999562e+02
8.733854599999999664e+02 5.024569599999999809e+02
8.711890999999999394e+02 5.043687999999999647e+02
8.686762399999998934e+02 5.058849599999999782e+02
8.659287499999999227e+02 5.069923999999999751e+02
8.630284599999998818e+02 5.076763399999999820e+02
8.600592199999998684e+02 5.079257900000000063e+02
8.571047299999999041e+02 5.077258499999999799e+02
8.542449099999998907e+02 5.070632999999999697e+02
8.515636399999998503e+02 5.059273599999999647e+02
8.491445899999998801e+02 5.043011099999999374e+02
8.470696999999998980e+02 5.021735799999999585e+02
8.454227399999998624e+02 4.995317999999999756e+02
8.442855499999998301e+02 4.963628499999999804e+02
8.434359499999998206e+02 4.932247499999999718e+02
8.432564199999998209e+02 4.902114799999999946e+02
8.436768999999998186e+02 4.873611500000000092e+02
8.446335299999998369e+02 4.847060000000000173e+02
8.460565299999998388e+02 4.822802200000000425e+02
8.478780299999998533e+02 4.801180700000000456e+02
8.500340599999998403e+02 4.782517400000000407e+02
8.524548499999998512e+02 4.767174700000000485e+02
8.578269199999998591e+02 4.747778200000000766e+02
8.606444799999998168e+02 4.744406900000000746e+02
8.634572399999998424e+02 4.745688100000000986e+02
8.662013299999998708e+02 4.751998400000001084e+02
8.688068599999999151e+02 4.763642800000001216e+02
8.712099199999998973e+02 4.780982100000001083e+02
8.733406299999999192e+02 4.804339200000001142e+02
8.750187399999998661e+02 4.828036900000001310e+02
8.762629999999999200e+02 4.854241100000001552e+02
8.770468799999998737e+02 4.882174400000001810e+02
8.773378999999998769e+02 4.911059900000001903e+02
8.773378599999999778e+02 4.911057999999999879e+02
