5.831446200000000317e+02 5.614284800000000359e+02
5.830463200000000370e+02 5.647955500000000484e+02
5.823002099999999928e+02 5.678167899999999690e+02
5.809882599999999684e+02 5.704830899999999474e+02
5.791921899999999823e+02 5.727796499999999469e+02
5.769957899999999427e+02 5.746914899999999307e+02
5.744829699999999093e+02 5.762076399999998557e+02
5.717354799999999386e+02 5.773150799999998526e+02
5.688352199999999357e+02 5.779990299999999479e+02
5.658659499999998843e+02 5.782484699999998838e+02
5.629114599999999200e+02 5.780485399999998890e+02
5.600516799999999193e+02 5.773859899999998788e+02
5.573703699999998662e+02 5.762500499999998738e+02
5.549513199999998960e+02 5.746237899999998717e+02
5.528764299999999139e+02 5.724962599999998929e+02
5.512294299999998657e+02 5.698545199999998658e+02
5.500922399999998333e+02 5.666855399999999463e+02
5.492426799999998366e+02 5.635474699999998620e+02
5.490631499999998368e+02 5.605341699999999037e+02
5.494835899999998219e+02 5.576838399999999183e+02
5.504402199999998402e+02 5.550286799999998948e+02
5.518632899999998926e+02 5.526029099999998380e+02
5.536847599999998693e+02 5.504407499999998663e+02
5.558407899999998563e+02 5.485744199999999182e+02
5.582615799999998671e+02 5.470401599999997870e+02
5.636336499999998750e+02 5.451005099999998720e+02
5.664512099999998327e+02 5.447633699999998953e+02
5.692639699999998584e+02 5.448914999999999509e+02
5.720080599999998867e+02 5.455225699999998596e+02
5.746135899999999310e+02 5.466869999999998981e+02
5.770166499999999132e+02 5.484208999999998468e+02
5.791473599999999351e+02 5.507566099999999096e+02
5.808254699999998820e+02 5.531264099999998507e+02
5.820697299999999359e+02 5.557468299999999317e+02
5.828536399999999276e+02 5.585401299999998628e+02
5.831446699999999055e+02 5.614287099999999100e+02
5.831446200000000317e+02 5.614284800000000359e+02
