6.286960299999999506e+02 2.810358999999999696e+02
6.285977299999999559e+02 2.844029699999999821e+02
6.278516099999999369e+02 2.874242100000000164e+02
6.265396599999999125e+02 2.900905199999999695e+02
6.247435899999999265e+02 2.923870699999999943e+02
6.225472299999998995e+02 2.942989099999999780e+02
6.200343799999999419e+02 2.958150600000000168e+02
6.172868899999999712e+02 2.969225000000000136e+02
6.143866299999999683e+02 2.976064499999999953e+02
6.114173599999999169e+02 2.978558900000000449e+02
6.084628599999998642e+02 2.976555800000001000e+02
6.056030799999998635e+02 2.969930300000000898e+02
6.029217699999998104e+02 2.958570900000000847e+02
6.005027599999998529e+02 2.942308400000000574e+02
5.984278399999998328e+02 2.921033000000001039e+02
5.967808699999998225e+02 2.894615300000001525e+02
5.956436899999998786e+02 2.862925800000001573e+02
5.947941199999999071e+02 2.831545100000001867e+02
5.946145999999998821e+02 2.801412100000002283e+02
5.950350699999999051e+02 2.772908800000002429e+02
5.959916699999998855e+02 2.746357300000001942e+02
5.974146599999999125e+02 2.722099500000001626e+02
5.992361999999999398e+02 2.700478000000001657e+02
6.013922299999999268e+02 2.681814700000002176e+02
6.038129799999999250e+02 2.666472000000002254e+02
6.091850499999999329e+02 2.647075500000001966e+02
6.120026199999999790e+02 2.643707900000001700e+02
6.148153800000000047e+02 2.644989200000002256e+02
6.175594700000000330e+02 2.651299500000002354e+02
6.201650000000000773e+02 2.662943800000002739e+02
6.225680600000000595e+02 2.680283200000002353e+02
6.246988000000000056e+02 2.703639900000002854e+02
6.263768800000000283e+02 2.727337900000003401e+02
6.276211400000000822e+02 2.753542100000003074e+02
6.284050500000000739e+02 2.781475500000002512e+02
6.286960700000000770e+02 2.810360900000002857e+02
6.286960299999999506e+02 2.810358999999999696e+02
