6.591743300000000545e+02 3.127273999999999887e+02
6.590760300000000598e+02 3.160944700000000012e+02
6.583299500000000535e+02 3.191157100000000355e+02
6.570179600000000164e+02 3.217820100000000139e+02
6.552218900000000303e+02 3.240785700000000134e+02
6.530255700000000161e+02 3.259904000000000224e+02
6.505126800000000458e+02 3.275065600000000359e+02
6.477652199999999993e+02 3.286140000000000327e+02
6.448649299999999585e+02 3.292979100000000017e+02
6.418956499999999323e+02 3.295473600000000260e+02
6.389411999999999807e+02 3.293470399999999927e+02
6.360813799999999674e+02 3.286844899999999825e+02
6.334001099999999269e+02 3.275485099999999647e+02
6.309810599999999567e+02 3.259222999999999502e+02
6.289061699999999746e+02 3.237947599999999966e+02
6.272592099999999391e+02 3.211529900000000453e+02
6.261220199999999068e+02 3.179840400000000500e+02
6.252724199999998973e+02 3.148459400000000414e+02
6.250928999999998723e+02 3.118326700000000073e+02
6.255133699999998953e+02 3.089823400000000220e+02
6.264699999999999136e+02 3.063271899999999732e+02
6.278929999999999154e+02 3.039014099999999416e+02
6.297144999999999300e+02 3.017392499999999700e+02
6.318705299999999170e+02 2.998729200000000219e+02
6.342913199999999279e+02 2.983386600000000044e+02
6.396633899999999358e+02 2.963990099999999757e+02
6.424809099999998807e+02 2.960622499999999491e+02
6.452937099999999191e+02 2.961903800000000047e+02
6.480377999999999474e+02 2.968214500000000271e+02
6.506433299999999917e+02 2.979858800000000656e+02
6.530463599999999360e+02 2.997197800000000143e+02
6.551770999999998821e+02 3.020554899999999634e+02
6.568552099999998291e+02 3.044252900000000182e+02
6.580994699999998829e+02 3.070457099999999855e+02
6.588833499999998367e+02 3.098390100000000302e+02
6.591743699999998398e+02 3.127275900000000775e+02
6.591743300000000545e+02 3.127273999999999887e+02
