8.491098399999999629e+02 4.591077700000000164e+02
8.490115399999999681e+02 4.624748400000000288e+02
8.482654599999999618e+02 4.654960400000000504e+02
8.469534800000000132e+02 4.681623900000000731e+02
8.451574100000000271e+02 4.704589400000000978e+02
8.429610500000000002e+02 4.723707800000000816e+02
8.404482100000000173e+02 4.738869000000000824e+02
8.377007399999999961e+02 4.749943700000000604e+02
8.348004499999999553e+02 4.756782800000000861e+02
8.318311799999999039e+02 4.759277300000001105e+02
8.288766799999998511e+02 4.757277900000000841e+02
8.260168999999998505e+02 4.750652400000000739e+02
8.233356299999998100e+02 4.739293000000000688e+02
8.209165799999998399e+02 4.723030500000000416e+02
8.188416999999998325e+02 4.701755100000000311e+02
8.171946899999998095e+02 4.675337700000000041e+02
8.160575099999998656e+02 4.643647900000000277e+02
8.152079399999998941e+02 4.612267300000000319e+02
8.150284199999998691e+02 4.582134600000000546e+02
8.154488899999998921e+02 4.553631300000000692e+02
8.164054899999998725e+02 4.527079400000000646e+02
8.178285199999999122e+02 4.502821600000000899e+02
8.196499799999999141e+02 4.481200000000001182e+02
8.218060199999998758e+02 4.462537100000001260e+02
8.242267999999999120e+02 4.447194100000001526e+02
8.295989099999999326e+02 4.427798000000001366e+02
8.324164399999999659e+02 4.424426600000001599e+02
8.352291999999999916e+02 4.425707900000001587e+02
8.379732900000000200e+02 4.432018600000001811e+02
8.405788300000000390e+02 4.443662900000001628e+02
8.429818700000000717e+02 4.461001900000001683e+02
8.451126200000001063e+02 4.484359000000001743e+02
8.467906900000001542e+02 4.508056600000001595e+02
8.480349500000002081e+02 4.534260800000001836e+02
8.488188600000001998e+02 4.562194200000001842e+02
8.491098900000001777e+02 4.591080000000001746e+02
8.491098399999999629e+02 4.591077700000000164e+02
