8.190455600000000231e+02 4.276344700000000216e+02
8.189472600000000284e+02 4.310015400000000341e+02
8.182011800000000221e+02 4.340227800000000116e+02
8.168891899999999850e+02 4.366890799999999899e+02
8.150931199999999990e+02 4.389856399999999894e+02
8.128967599999999720e+02 4.408974699999999984e+02
8.103839100000000144e+02 4.424135899999999992e+02
8.076364499999999680e+02 4.435210700000000088e+02
8.047361599999999271e+02 4.442050100000000157e+02
8.017668899999998757e+02 4.444544600000000401e+02
7.988123899999998230e+02 4.442541500000000383e+02
7.959526099999998223e+02 4.435916000000000281e+02
7.932713399999997819e+02 4.424556200000000104e+02
7.908522899999998117e+02 4.408294000000000210e+02
7.887773999999998296e+02 4.387018700000000422e+02
7.871304399999997941e+02 4.360600900000000593e+02
7.859932499999997617e+02 4.328911500000000387e+02
7.851436499999997523e+02 4.297530800000000113e+02
7.849641299999997273e+02 4.267397799999999961e+02
7.853845999999997503e+02 4.238894500000000107e+02
7.863412299999997686e+02 4.212342899999999872e+02
7.877642299999997704e+02 4.188085100000000125e+02
7.895857299999997849e+02 4.166463600000000156e+02
7.917417599999997719e+02 4.147800300000000107e+02
7.941625099999997701e+02 4.132457699999999932e+02
7.995345799999997780e+02 4.113061099999999897e+02
8.023521499999998241e+02 4.109693599999999947e+02
8.051649099999998498e+02 4.110974800000000187e+02
8.079089999999998781e+02 4.117285100000000284e+02
8.105145299999999224e+02 4.128929500000000417e+02
8.129175899999999046e+02 4.146268800000000283e+02
8.150483299999998508e+02 4.169625600000000532e+02
8.167264099999998734e+02 4.193323600000000511e+02
8.179706599999998389e+02 4.219527800000000752e+02
8.187545799999998053e+02 4.247461100000001011e+02
8.190455999999998085e+02 4.276346600000001104e+02
8.190455600000000231e+02 4.276344700000000216e+02
