9.371508700000000545e+02 5.543446599999999762e+02
9.370525700000000597e+02 5.577117200000000139e+02
9.363064900000000534e+02 5.607329599999999346e+02
9.349945000000000164e+02 5.633992699999998877e+02
9.331984300000000303e+02 5.656958199999999124e+02
9.310020799999999781e+02 5.676076599999998962e+02
9.284892199999999320e+02 5.691237799999998970e+02
9.257417699999999741e+02 5.702312600000000202e+02
9.228414699999999584e+02 5.709151999999999134e+02
9.198721999999999070e+02 5.711646499999999378e+02
9.169176999999998543e+02 5.709647099999999682e+02
9.140579199999998536e+02 5.703021599999999580e+02
9.113766499999998132e+02 5.691661899999999150e+02
9.089575999999998430e+02 5.675399700000000394e+02
9.068827199999998356e+02 5.654124400000000605e+02
9.052356999999998379e+02 5.627706600000000208e+02
9.040985599999997930e+02 5.596017100000000255e+02
9.032489799999998468e+02 5.564636500000000296e+02
9.030694499999998470e+02 5.534503400000000966e+02
9.034899199999998700e+02 5.506000100000001112e+02
9.044465399999999136e+02 5.479448600000000624e+02
9.058695399999999154e+02 5.455190800000000309e+02
9.076910499999999047e+02 5.433569300000001476e+02
9.098470799999998917e+02 5.414906000000000859e+02
9.122678299999998899e+02 5.399563300000000936e+02
9.176399299999999357e+02 5.380166800000001786e+02
9.204574599999999691e+02 5.376795500000000629e+02
9.232702600000000075e+02 5.378076700000001438e+02
9.260143500000000358e+02 5.384387400000001662e+02
9.286198800000000801e+02 5.396031700000000910e+02
9.310229000000000497e+02 5.413371100000001661e+02
9.331536500000000842e+02 5.436727800000001025e+02
9.348317200000001321e+02 5.460425800000001573e+02
9.360759800000001860e+02 5.486630000000002383e+02
9.368598900000001777e+02 5.514563400000001820e+02
9.371509100000001808e+02 5.543448800000001029e+02
9.371508700000000545e+02 5.543446599999999762e+02
