4.999661399999999958e+02 1.550066500000000360e+02
5.000791199999999890e+02 1.516400399999999991e+02
5.008383499999999913e+02 1.486220899999999574e+02
5.021619400000000155e+02 1.459615099999999757e+02
5.039679500000000303e+02 1.436727999999999383e+02
5.061726100000000201e+02 1.417705399999999827e+02
5.086920400000000200e+02 1.402653699999999617e+02
5.114443300000000363e+02 1.391698699999999462e+02
5.143475700000000188e+02 1.384985899999999219e+02
5.173178599999999960e+02 1.382620799999999690e+02
5.202714700000000221e+02 1.384748799999999846e+02
5.231283700000000181e+02 1.391498299999999517e+02
5.258046699999999873e+02 1.402974600000000009e+02
5.282166200000000345e+02 1.419342400000000453e+02
5.302822200000000521e+02 1.440707400000000007e+02
5.319176600000000690e+02 1.467196699999999510e+02
5.330410500000000411e+02 1.498935399999999163e+02
5.338769700000000284e+02 1.530352999999998929e+02
5.340433900000000449e+02 1.560493299999999408e+02
5.336105600000000777e+02 1.588978099999999358e+02
5.326423600000000533e+02 1.615487999999999147e+02
5.312088200000000597e+02 1.639683799999999110e+02
5.293779100000000426e+02 1.661225299999998697e+02
5.272137900000000172e+02 1.679794499999998152e+02
5.247863600000000588e+02 1.695031699999998409e+02
5.194058800000000247e+02 1.714194099999998571e+02
5.165868699999999762e+02 1.717442799999998897e+02
5.137746999999999389e+02 1.716039199999999028e+02
5.110333799999999655e+02 1.709609499999999116e+02
5.084329499999999484e+02 1.697851699999998800e+02
5.060374899999999343e+02 1.680408299999999144e+02
5.039169399999999541e+02 1.656958799999998746e+02
5.022491899999999418e+02 1.633187799999998333e+02
5.010163599999999633e+02 1.606929699999998320e+02
5.002446099999999660e+02 1.578962799999998197e+02
4.999661699999999769e+02 1.550064699999998084e+02
4.999661399999999958e+02 1.550066500000000360e+02
