4.742760000000000105e+02 2.392444600000000037e+02
4.743889800000000037e+02 2.358778600000000552e+02
4.751482000000000312e+02 2.328599300000000767e+02
4.764717600000000175e+02 2.301993200000000570e+02
4.782778200000000197e+02 2.279106100000000197e+02
4.804824900000000412e+02 2.260083500000000640e+02
4.830019300000000158e+02 2.245031800000000430e+02
4.857541699999999878e+02 2.234076700000000528e+02
4.886574099999999703e+02 2.227364100000000917e+02
4.916277499999999918e+02 2.224998900000000503e+02
4.945812999999999988e+02 2.227130600000000413e+02
4.974381999999999948e+02 2.233880200000000968e+02
5.001145099999999957e+02 2.245356600000001208e+02
5.025264599999999859e+02 2.261724200000001019e+02
5.045920499999999720e+02 2.283089800000001333e+02
5.062275399999999763e+02 2.309578600000000961e+02
5.073508799999999610e+02 2.341317600000000994e+02
5.081868099999999799e+02 2.372734900000001517e+02
5.083532299999999964e+02 2.402875300000001744e+02
5.079203999999999724e+02 2.431360000000001946e+02
5.069521999999999480e+02 2.457869900000001735e+02
5.055186699999999291e+02 2.482065600000001950e+02
5.036878099999999563e+02 2.503607200000002422e+02
5.015236799999999562e+02 2.522176500000002761e+02
4.990962299999999345e+02 2.537413900000002513e+02
4.937157699999999068e+02 2.556576000000002296e+02
4.908967599999999152e+02 2.559820900000001984e+02
4.880845899999999347e+02 2.558417200000002367e+02
4.853432799999999361e+02 2.551987500000002456e+02
4.827428399999999442e+02 2.540229900000002772e+02
4.803473599999999237e+02 2.522786000000003241e+02
4.782267899999999372e+02 2.499336900000002970e+02
4.765590499999999565e+02 2.475566000000003442e+02
4.753261999999999716e+02 2.449307800000003681e+02
4.745544599999999491e+02 2.421340600000003178e+02
4.742760199999999600e+02 2.392442800000003444e+02
4.742760000000000105e+02 2.392444600000000037e+02
