5.739791099999999915e+02 6.773180199999999331e+02
5.740920899999999847e+02 6.739513799999999719e+02
5.748513199999999870e+02 6.709334400000000187e+02
5.761748900000000049e+02 6.682728700000000117e+02
5.779809500000000071e+02 6.659841199999999617e+02
5.801856000000000222e+02 6.640818600000000060e+02
5.827050400000000536e+02 6.625767100000000482e+02
5.854572800000000825e+02 6.614812299999999823e+02
5.883605200000000650e+02 6.608099199999999200e+02
5.913308700000001181e+02 6.605734099999999671e+02
5.942844500000001062e+02 6.607861900000000333e+02
5.971413400000001275e+02 6.614611899999999878e+02
5.998176300000001220e+02 6.626087899999999991e+02
6.022295700000000807e+02 6.642455700000000434e+02
6.042952300000000605e+02 6.663821100000000115e+02
6.059306700000000774e+02 6.690310399999999618e+02
6.070540500000000748e+02 6.722048999999999523e+02
6.078899400000000242e+02 6.753466399999999794e+02
6.080563600000000406e+02 6.783606599999999389e+02
6.076234299999999848e+02 6.812091499999999087e+02
6.066552900000000363e+02 6.838601699999999255e+02
6.052217100000000300e+02 6.862796399999999721e+02
6.033908000000000129e+02 6.884338999999999942e+02
6.012266700000000128e+02 6.902907799999999270e+02
5.987992600000000039e+02 6.918145199999999022e+02
5.934187399999999570e+02 6.937307199999999057e+02
5.905997899999999845e+02 6.940552399999999125e+02
5.877876099999999724e+02 6.939149099999999635e+02
5.850462999999999738e+02 6.932718799999998964e+02
5.824458700000000135e+02 6.920961399999998775e+02
5.800503700000000435e+02 6.903517999999999120e+02
5.779298200000000634e+02 6.880068400000000111e+02
5.762620900000000574e+02 6.856297700000000077e+02
5.750292500000000473e+02 6.830039600000000064e+02
5.742575100000000248e+02 6.802072299999999814e+02
5.739790600000000040e+02 6.773174399999999196e+02
5.739791099999999915e+02 6.773180199999999331e+02
