4.301814100000000280e+02 1.352834599999999909e+02
4.302943900000000212e+02 1.319168600000000424e+02
4.310536200000000235e+02 1.288989300000000640e+02
4.323772100000000478e+02 1.262383200000000443e+02
4.341832500000000437e+02 1.239496100000000069e+02
4.363879100000000335e+02 1.220473600000000260e+02
4.389073100000000522e+02 1.205421800000000303e+02
4.416595900000000370e+02 1.194466899999999896e+02
4.445628400000000511e+02 1.187754099999999653e+02
4.475331700000000410e+02 1.185388799999999492e+02
4.504867300000000228e+02 1.187516799999999648e+02
4.533436300000000188e+02 1.194266499999999951e+02
4.560199300000000449e+02 1.205742699999999559e+02
4.584318900000000667e+02 1.222110199999999622e+02
4.604975000000000591e+02 1.243475499999999556e+02
4.621329400000000760e+02 1.269964899999999943e+02
4.632563200000000734e+02 1.301703499999999849e+02
4.640922600000000671e+02 1.333121199999999362e+02
4.642586500000000456e+02 1.363261399999998957e+02
4.638258300000000531e+02 1.391746199999998908e+02
4.628576500000000351e+02 1.418256199999998444e+02
4.614241100000000415e+02 1.442451399999998785e+02
4.595932100000000560e+02 1.463993399999998246e+02
4.574290800000000559e+02 1.482562699999998586e+02
4.550016600000000722e+02 1.497800099999998338e+02
4.496211600000000885e+02 1.516962299999997867e+02
4.468022100000001160e+02 1.520210899999997309e+02
4.439899800000001164e+02 1.518807199999997692e+02
4.412486600000001431e+02 1.512377199999997401e+02
4.386482300000001260e+02 1.500619899999996960e+02
4.362527600000001371e+02 1.483175999999997430e+02
4.341322200000001317e+02 1.459726299999997536e+02
4.324644700000001194e+02 1.435955799999996998e+02
4.312316400000001408e+02 1.409697899999996480e+02
4.304598900000001436e+02 1.381730699999995977e+02
4.301814500000001544e+02 1.352832799999996496e+02
4.301814100000000280e+02 1.352834599999999909e+02
