6.776298600000000079e+02 3.471391800000000103e+02
6.777428400000000011e+02 3.437725800000000618e+02
6.785021000000000413e+02 3.407546100000000706e+02
6.798256600000000844e+02 3.380940600000001268e+02
6.816317000000001372e+02 3.358053300000001400e+02
6.838364000000001397e+02 3.339030700000001843e+02
6.863557900000001837e+02 3.323978600000001506e+02
6.891080800000002000e+02 3.313024100000001226e+02
6.920112900000001446e+02 3.306311000000001741e+02
6.949816200000001345e+02 3.303945700000001580e+02
6.979352100000000974e+02 3.306073600000001989e+02
7.007920800000000554e+02 3.312823700000002418e+02
7.034684200000000374e+02 3.324299700000002531e+02
7.058803599999999960e+02 3.340667400000002090e+02
7.079459699999999884e+02 3.362032900000002655e+02
7.095814400000000433e+02 3.388521600000002536e+02
7.107048500000000786e+02 3.420260700000002316e+02
7.115407200000000785e+02 3.451678000000002839e+02
7.117071400000000949e+02 3.481818600000002562e+02
7.112743100000001277e+02 3.510303400000002512e+02
7.103061300000001665e+02 3.536813000000002489e+02
7.088725200000001223e+02 3.561008600000002389e+02
7.070416500000001179e+02 3.582550500000002103e+02
7.048775200000001178e+02 3.601120000000001937e+02
7.024500700000000961e+02 3.616356900000001815e+02
6.970696100000001252e+02 3.635519400000001724e+02
6.942506000000000768e+02 3.638768200000001798e+02
6.914384300000000394e+02 3.637364400000001865e+02
6.886971100000000661e+02 3.630934300000001826e+02
6.860966700000000174e+02 3.619176800000001890e+02
6.837011899999999969e+02 3.601733200000002171e+02
6.815806699999999410e+02 3.578283600000002025e+02
6.799128899999999476e+02 3.554512800000002244e+02
6.786800599999999122e+02 3.528254700000002231e+02
6.779083099999999149e+02 3.500287700000002360e+02
6.776298699999998689e+02 3.471389600000002247e+02
6.776298600000000079e+02 3.471391800000000103e+02
