5.449828499999999849e+02 2.613132900000000518e+02
5.450958299999999781e+02 2.579466900000001033e+02
5.458550599999999804e+02 2.549287600000001248e+02
5.471786299999999983e+02 2.522681600000000799e+02
5.489846499999999878e+02 2.499794500000000426e+02
5.511893400000000156e+02 2.480771900000000869e+02
5.537087400000000343e+02 2.465720200000000659e+02
5.564610300000000507e+02 2.454765200000000505e+02
5.593642900000000964e+02 2.448052400000000262e+02
5.623346100000001115e+02 2.445687199999999848e+02
5.652881600000000617e+02 2.447815299999999752e+02
5.681450700000000325e+02 2.454565299999999297e+02
5.708213799999999765e+02 2.466041099999998778e+02
5.732333199999999351e+02 2.482408899999999221e+02
5.752989199999999528e+02 2.503774199999999155e+02
5.769343799999999192e+02 2.530263199999999415e+02
5.780577499999999418e+02 2.562002099999999700e+02
5.788936799999999039e+02 2.593419499999999971e+02
5.790600899999999456e+02 2.623559699999999566e+02
5.786271699999999782e+02 2.652044399999999769e+02
5.776589799999999286e+02 2.678554399999999305e+02
5.762254399999999350e+02 2.702749999999999773e+02
5.743945299999999179e+02 2.724291999999999234e+02
5.722303999999999178e+02 2.742860899999999447e+02
5.698029499999998961e+02 2.758098299999999199e+02
5.644224899999999252e+02 2.777260499999998729e+02
5.616035199999998895e+02 2.780509099999998170e+02
5.587913099999998394e+02 2.779105499999998301e+02
5.560499999999998408e+02 2.772675799999998389e+02
5.534495599999997921e+02 2.760918099999998958e+02
5.510541099999998096e+02 2.743474299999999175e+02
5.489335499999998547e+02 2.720024699999999029e+02
5.472658099999998740e+02 2.696254099999998743e+02
5.460329599999998891e+02 2.669995999999998730e+02
5.452612199999998666e+02 2.642028899999999112e+02
5.449827699999998458e+02 2.613131099999999378e+02
5.449828499999999849e+02 2.613132900000000518e+02
