3.868268199999999979e+02 1.452587800000000016e+02
3.869397999999999911e+02 1.418921699999999646e+02
3.876990200000000186e+02 1.388741999999999734e+02
3.890225900000000365e+02 1.362136299999999665e+02
3.908286200000000576e+02 1.339249199999999291e+02
3.930333100000000854e+02 1.320226599999999735e+02
3.955527100000001042e+02 1.305174600000000282e+02
3.983049900000000889e+02 1.294220000000000255e+02
4.012082000000000903e+02 1.287506799999999885e+02
4.041785700000000929e+02 1.285141700000000355e+02
4.071321200000000999e+02 1.287269700000000512e+02
4.099890300000001275e+02 1.294019500000000562e+02
4.126653400000001284e+02 1.305495500000000675e+02
4.150772900000001187e+02 1.321863300000001118e+02
4.171428900000001363e+02 1.343228700000000799e+02
4.187783300000001532e+02 1.369718000000000302e+02
4.199017100000001506e+02 1.401456600000000208e+02
4.207376500000001442e+02 1.432873900000000731e+02
4.209040500000001543e+02 1.463014500000000453e+02
4.204712200000001303e+02 1.491499200000000656e+02
4.195030300000001375e+02 1.518009100000000444e+02
4.180694900000001439e+02 1.542204600000000028e+02
4.162385800000001268e+02 1.563746700000000374e+02
4.140744500000001267e+02 1.582315800000000081e+02
4.116470500000001493e+02 1.597553000000000338e+02
4.062665300000001594e+02 1.616715400000000500e+02
4.034475400000001741e+02 1.619963999999999942e+02
4.006353600000001620e+02 1.618560400000000072e+02
3.978940500000001634e+02 1.612130399999999781e+02
3.952936100000001716e+02 1.600372599999999466e+02
3.928981300000001511e+02 1.582929199999999810e+02
3.907776000000001773e+02 1.559479599999999664e+02
3.891098200000001839e+02 1.535708700000000135e+02
3.878769700000001990e+02 1.509450500000000375e+02
3.871052700000001892e+02 1.481483699999999999e+02
3.868268300000002000e+02 1.452585500000000138e+02
3.868268199999999979e+02 1.452587800000000016e+02
