4.565762599999999907e+02 5.509242199999999912e+02
4.566892399999999839e+02 5.475576100000000679e+02
4.574484600000000114e+02 5.445396399999999630e+02
4.587720600000000104e+02 5.418790500000000065e+02
4.605781000000000063e+02 5.395903700000000072e+02
4.627827599999999961e+02 5.376880699999999251e+02
4.653021899999999960e+02 5.361829199999999673e+02
4.680544899999999870e+02 5.350873999999998887e+02
4.709576999999999884e+02 5.344161199999998644e+02
4.739280200000000036e+02 5.341796099999999115e+02
4.768815999999999917e+02 5.343924099999999271e+02
4.797384799999999814e+02 5.350673899999999321e+02
4.824148099999999886e+02 5.362149999999999181e+02
4.848267299999999977e+02 5.378517599999998993e+02
4.868923699999999712e+02 5.399883099999999558e+02
4.885278199999999629e+02 5.426371999999998934e+02
4.896511899999999855e+02 5.458110999999998967e+02
4.904870899999999665e+02 5.489528399999999237e+02
4.906534899999999766e+02 5.519668599999999969e+02
4.902206699999999842e+02 5.548152999999999793e+02
4.892524500000000103e+02 5.574662999999999329e+02
4.878189199999999914e+02 5.598858599999998660e+02
4.859880200000000059e+02 5.620400699999999006e+02
4.838238800000000310e+02 5.638969899999999598e+02
4.813964700000000221e+02 5.654207099999998718e+02
4.760160200000000259e+02 5.673369499999998880e+02
4.731970100000000343e+02 5.676617999999999711e+02
4.703848300000000222e+02 5.675214499999999589e+02
4.676435200000000236e+02 5.668784299999999803e+02
4.650430800000000318e+02 5.657027000000000498e+02
4.626475900000000365e+02 5.639583299999999326e+02
4.605270300000000248e+02 5.616133600000000570e+02
4.588593000000000188e+02 5.592363199999999779e+02
4.576264600000000087e+02 5.566105000000000018e+02
4.568547199999999862e+02 5.538138200000000779e+02
4.565762699999999654e+02 5.509240400000001046e+02
4.565762599999999907e+02 5.509242199999999912e+02
