2.121681499999999971e+02 3.363300500000000284e+02
2.122890199999999936e+02 3.329637200000000803e+02
2.130553500000000042e+02 3.299475500000000920e+02
2.143851500000000101e+02 3.272901100000001406e+02
2.161965500000000020e+02 3.250056000000001859e+02
2.184056899999999928e+02 3.231085500000001502e+02
2.209286599999999794e+02 3.216093100000001641e+02
2.236834699999999714e+02 3.205202700000002096e+02
2.265882799999999690e+02 3.198557600000002594e+02
2.295591499999999598e+02 3.196264400000002297e+02
2.325122199999999566e+02 3.198464100000002190e+02
2.353675099999999532e+02 3.205281200000001718e+02
2.380411399999999560e+02 3.216820200000001932e+02
2.404491999999999621e+02 3.233244500000001835e+02
2.425097999999999558e+02 3.254658200000002353e+02
2.441390399999999659e+02 3.281185500000002548e+02
2.452549599999999543e+02 3.312950700000002371e+02
2.460835099999999613e+02 3.344387800000002926e+02
2.462431099999999731e+02 3.374531900000002906e+02
2.458035599999999761e+02 3.403006400000002714e+02
2.448291399999999669e+02 3.429493200000002844e+02
2.433899099999999578e+02 3.453655300000002626e+02
2.415539599999999609e+02 3.475154000000002270e+02
2.393854999999999507e+02 3.493672400000002654e+02
2.369544999999999391e+02 3.508852600000002440e+02
2.315695499999999356e+02 3.527888700000002586e+02
2.287497799999999302e+02 3.531069300000002613e+02
2.259379299999999375e+02 3.529601300000002766e+02
2.231981199999999319e+02 3.523107200000002877e+02
2.206004699999999445e+02 3.511288300000003346e+02
2.182090799999999433e+02 3.493788300000003346e+02
2.160940699999999310e+02 3.470289400000003752e+02
2.144318999999999278e+02 3.446479400000004034e+02
2.132051899999999307e+02 3.420192600000003722e+02
2.124400399999999252e+02 3.392207400000003190e+02
2.121683999999999344e+02 3.363302800000003572e+02
2.121681499999999971e+02 3.363300500000000284e+02
