2.670472899999999754e+02 4.004010400000000232e+02
2.671681699999999751e+02 3.970346900000000119e+02
2.679344899999999825e+02 3.940185700000000111e+02
2.692643400000000042e+02 3.913610400000000027e+02
2.710757199999999898e+02 3.890765900000000101e+02
2.732848599999999806e+02 3.871795400000000313e+02
2.758077899999999545e+02 3.856802800000000389e+02
2.785626099999999497e+02 3.845912600000000339e+02
2.814674199999999473e+02 3.839267600000000584e+02
2.844383199999999192e+02 3.836974100000000476e+02
2.873913999999999191e+02 3.839173900000000685e+02
2.902466899999999441e+02 3.845991000000000781e+02
2.929202799999999343e+02 3.857530000000000996e+02
2.953283799999999246e+02 3.873953900000000772e+02
2.973889799999999468e+02 3.895367900000000532e+02
2.990182099999999537e+02 3.921895400000000791e+02
3.001341399999999453e+02 3.953660600000000613e+02
3.009626899999999523e+02 3.985097600000000853e+02
3.011222999999999388e+02 4.015241400000001022e+02
3.006827399999999670e+02 4.043715900000000829e+02
2.997083299999999895e+02 4.070203100000001086e+02
2.982690999999999804e+02 4.094365100000001121e+02
2.964331499999999551e+02 4.115863800000001334e+02
2.942646999999999480e+02 4.134382200000001149e+02
2.918336799999999585e+02 4.149562500000001251e+02
2.864487399999999298e+02 4.168598500000001081e+02
2.836289699999999243e+02 4.171779100000001108e+02
2.808171099999999001e+02 4.170311200000001008e+02
2.780773399999998787e+02 4.163816600000001245e+02
2.754796599999998534e+02 4.151998100000001273e+02
2.730882699999998522e+02 4.134498200000001020e+02
2.709732599999998683e+02 4.110998900000001299e+02
2.693110899999998651e+02 4.087189400000001456e+02
2.680843899999998712e+02 4.060902000000001522e+02
2.673192199999998593e+02 4.032916900000001306e+02
2.670475799999998685e+02 4.004012600000001498e+02
2.670472899999999754e+02 4.004010400000000232e+02
