7.486670400000000427e+02 4.817934200000000260e+02
7.487800200000000359e+02 4.784268100000000459e+02
7.495392300000000887e+02 4.754088900000000422e+02
7.508628300000001445e+02 4.727482900000000541e+02
7.526688700000001973e+02 4.704595700000000420e+02
7.548735100000002376e+02 4.685573100000000295e+02
7.573928800000002184e+02 4.670521500000000401e+02
7.601451700000002347e+02 4.659566400000000499e+02
7.630484200000001920e+02 4.652853600000000256e+02
7.660187900000001946e+02 4.650488500000000158e+02
7.689722900000001573e+02 4.652620300000000384e+02
7.718291700000002038e+02 4.659370300000000498e+02
7.745055100000001858e+02 4.670846200000000294e+02
7.769175100000002203e+02 4.687213900000000422e+02
7.789831200000002127e+02 4.708579400000000419e+02
7.806185100000002421e+02 4.735068200000000616e+02
7.817418900000002395e+02 4.766807300000000396e+02
7.825778300000002901e+02 4.798224700000000666e+02
7.827442000000003191e+02 4.828364800000000514e+02
7.823113700000003519e+02 4.856849500000000717e+02
7.813431300000003148e+02 4.883359500000000821e+02
7.799095700000002580e+02 4.907555100000000721e+02
7.780786700000002156e+02 4.929096800000000940e+02
7.759145700000002535e+02 4.947666100000000711e+02
7.734871100000002571e+02 4.962903500000000463e+02
7.681066200000002482e+02 4.982065500000000497e+02
7.652876800000002504e+02 4.985314300000000571e+02
7.624754700000002003e+02 4.983910500000000638e+02
7.597341400000002523e+02 4.977480500000000916e+02
7.571337400000002162e+02 4.965722800000000916e+02
7.547382100000002083e+02 4.948279400000000692e+02
7.526177600000002030e+02 4.924829700000000798e+02
7.509499700000002349e+02 4.901058800000000701e+02
7.497171300000002248e+02 4.874801100000000815e+02
7.489454300000002149e+02 4.846833900000000881e+02
7.486669800000001942e+02 4.817935700000001020e+02
7.486670400000000427e+02 4.817934200000000260e+02
