5.134576799999999821e+02 6.136336999999999762e+02
5.135706599999999753e+02 6.102670799999999645e+02
5.143298800000000028e+02 6.072491199999999480e+02
5.156534699999999702e+02 6.045885600000000295e+02
5.174595100000000230e+02 6.022998400000000174e+02
5.196641799999999876e+02 6.003975800000000618e+02
5.221835999999999558e+02 5.988923700000000281e+02
5.249358899999999721e+02 5.977969000000000506e+02
5.278390899999999419e+02 5.971256000000000768e+02
5.308094299999999066e+02 5.968890800000001491e+02
5.337630299999999579e+02 5.971018900000001395e+02
5.366198999999999160e+02 5.977768700000001445e+02
5.392961999999998852e+02 5.989245000000000800e+02
5.417081399999998439e+02 6.005612500000000864e+02
5.437737799999998742e+02 6.026977900000001682e+02
5.454092299999998659e+02 6.053467100000000300e+02
5.465326099999998632e+02 6.085205900000000838e+02
5.473684999999998126e+02 6.116623100000000477e+02
5.475349099999998543e+02 6.146763700000001336e+02
5.471020799999998871e+02 6.175248400000000402e+02
5.461338999999999260e+02 6.201758200000000443e+02
5.447003999999999451e+02 6.225953800000000911e+02
5.428694499999999152e+02 6.247495700000000625e+02
5.407053199999999151e+02 6.266065000000000964e+02
5.382779199999998809e+02 6.281302200000000084e+02
5.328974499999999352e+02 6.300464600000000246e+02
5.300784499999999753e+02 6.303713200000000825e+02
5.272662799999999379e+02 6.302309600000000955e+02
5.245249599999999646e+02 6.295879200000000537e+02
5.219245199999999159e+02 6.284121700000000601e+02
5.195290299999999206e+02 6.266678000000000566e+02
5.174084799999999404e+02 6.243228700000000799e+02
5.157407299999999850e+02 6.219457899999999881e+02
5.145078999999999496e+02 6.193199700000000121e+02
5.137361499999999523e+02 6.165232600000000502e+02
5.134577099999999064e+02 6.136334699999999884e+02
5.134576799999999821e+02 6.136336999999999762e+02
