5.908988399999999501e+02 2.504723000000000184e+02
5.910118199999999433e+02 2.471057000000000698e+02
5.917710499999999456e+02 2.440877600000001166e+02
5.930946500000000015e+02 2.414271600000000717e+02
5.949006900000000542e+02 2.391384600000001228e+02
5.971053500000000440e+02 2.372362000000001672e+02
5.996247800000001007e+02 2.357310400000001209e+02
6.023770300000001043e+02 2.346355200000001560e+02
6.052802800000000616e+02 2.339642500000001064e+02
6.082506000000000768e+02 2.337277400000001535e+02
6.112042000000001281e+02 2.339409100000001445e+02
6.140610800000001746e+02 2.346158900000001495e+02
6.167373700000001691e+02 2.357635000000001355e+02
6.191493200000002162e+02 2.374002700000000914e+02
6.212149200000002338e+02 2.395368200000001480e+02
6.228504100000002381e+02 2.421857000000001108e+02
6.239737800000002608e+02 2.453596000000001141e+02
6.248096900000002734e+02 2.485013400000001411e+02
6.249760700000002771e+02 2.515153500000001259e+02
6.245432500000002847e+02 2.543638300000001209e+02
6.235750600000002350e+02 2.570148500000001377e+02
6.221415200000002415e+02 2.594343900000001213e+02
6.203106300000002875e+02 2.615885800000000927e+02
6.181464900000003126e+02 2.634454900000000634e+02
6.157190900000002785e+02 2.649692500000001019e+02
6.103386200000003328e+02 2.668854600000000801e+02
6.075196100000002843e+02 2.672103100000000495e+02
6.047074300000002722e+02 2.670699400000000878e+02
6.019661200000002736e+02 2.664269600000001219e+02
5.993656800000002249e+02 2.652512100000001283e+02
5.969702000000002045e+02 2.635068300000001500e+02
5.948496400000002495e+02 2.611618700000001354e+02
5.931818900000002941e+02 2.587848200000000816e+02
5.919490500000002839e+02 2.561590100000000803e+02
5.911773100000002614e+02 2.533622800000000552e+02
5.908988700000002154e+02 2.504725100000000566e+02
5.908988399999999501e+02 2.504723000000000184e+02
