6.356824599999999919e+02 3.578569200000000023e+02
6.357954399999999850e+02 3.544903100000000222e+02
6.365546799999999621e+02 3.514723500000000058e+02
6.378782499999999800e+02 3.488117799999999988e+02
6.396843099999999822e+02 3.465230599999999868e+02
6.418889699999999721e+02 3.446208000000000311e+02
6.444083600000000160e+02 3.431155899999999974e+02
6.471606400000000576e+02 3.420201200000000199e+02
6.500639000000001033e+02 3.413488200000000461e+02
6.530342200000001185e+02 3.411123000000000047e+02
6.559877700000000686e+02 3.413254799999999705e+02
6.588446900000000142e+02 3.420004699999999502e+02
6.615209800000000087e+02 3.431480999999999995e+02
6.639329400000000305e+02 3.447848300000000563e+02
6.659985199999999850e+02 3.469213800000001129e+02
6.676339900000000398e+02 3.495703100000000632e+02
6.687573600000000624e+02 3.527441800000000853e+02
6.695933100000000877e+02 3.558859000000001060e+02
6.697597100000000410e+02 3.588999700000001098e+02
6.693267799999999852e+02 3.617484400000001301e+02
6.683586000000000240e+02 3.643994000000001279e+02
6.669250500000000557e+02 3.668189500000001431e+02
6.650941700000000765e+02 3.689731600000001208e+02
6.629300200000001269e+02 3.708300800000001232e+02
6.605026200000000927e+02 3.723538300000001300e+02
6.551221300000000838e+02 3.742700400000001082e+02
6.523031400000000986e+02 3.745949100000000840e+02
6.494909300000000485e+02 3.744545400000000654e+02
6.467496300000000247e+02 3.738115400000000932e+02
6.441491700000000264e+02 3.726357600000001185e+02
6.417537300000000187e+02 3.708914300000001276e+02
6.396331700000000637e+02 3.685464700000001130e+02
6.379654300000000831e+02 3.661693800000001033e+02
6.367325900000000729e+02 3.635435500000000957e+02
6.359608400000000756e+02 3.607468400000000770e+02
6.356824000000000296e+02 3.578570600000001036e+02
6.356824599999999919e+02 3.578569200000000023e+02
