4.161084900000000175e+02 1.750975899999999683e+02
4.162214700000000107e+02 1.717309799999999314e+02
4.169807000000000130e+02 1.687130499999999529e+02
4.183042900000000373e+02 1.660524599999999964e+02
4.201103400000000647e+02 1.637637300000000096e+02
4.223149900000000798e+02 1.618614700000000539e+02
4.248343900000000986e+02 1.603563200000000961e+02
4.275866500000000769e+02 1.592608100000001059e+02
4.304898900000000594e+02 1.585895300000000816e+02
4.334602200000000494e+02 1.583530100000000402e+02
4.364138200000000438e+02 1.585661900000000060e+02
4.392706900000000587e+02 1.592411399999999730e+02
4.419469900000000848e+02 1.603887899999999718e+02
4.443589300000001003e+02 1.620255499999999529e+02
4.464245300000001180e+02 1.641620599999999968e+02
4.480600300000000971e+02 1.668109699999999975e+02
4.491834000000001197e+02 1.699848600000000260e+02
4.500192900000001259e+02 1.731266200000000026e+02
4.501857000000001108e+02 1.761406399999999621e+02
4.497528700000000867e+02 1.789891099999999824e+02
4.487846800000000940e+02 1.816401200000000244e+02
4.473511400000001004e+02 1.840596699999999828e+02
4.455202400000001148e+02 1.862138499999999794e+02
4.433561000000001400e+02 1.880707800000000134e+02
4.409286900000001310e+02 1.895945199999999886e+02
4.355482200000001285e+02 1.915107199999999921e+02
4.327292300000001433e+02 1.918352199999999357e+02
4.299170600000001627e+02 1.916948499999999740e+02
4.271757400000001894e+02 1.910518700000000081e+02
4.245753100000001723e+02 1.898761100000000397e+02
4.221798400000001834e+02 1.881317300000000614e+02
4.200592900000002032e+02 1.857868000000000848e+02
4.183915500000002226e+02 1.834097200000001067e+02
4.171587000000002377e+02 1.807839100000001054e+02
4.163869600000002151e+02 1.779871900000000551e+02
4.161085200000002260e+02 1.750974100000000817e+02
4.161084900000000175e+02 1.750975899999999683e+02
