6.635791299999999637e+02 3.905129499999999894e+02
6.636921099999999569e+02 3.871463299999999776e+02
6.644513399999999592e+02 3.841283799999999928e+02
6.657749299999999266e+02 3.814678099999999858e+02
6.675809399999999414e+02 3.791790899999999738e+02
6.697856399999999439e+02 3.772768299999999613e+02
6.723050399999999627e+02 3.757716299999999592e+02
6.750573200000000043e+02 3.746761799999999312e+02
6.779605299999999488e+02 3.740048599999999510e+02
6.809308999999999514e+02 3.737683299999999349e+02
6.838844499999999016e+02 3.739811299999999505e+02
6.867413599999998723e+02 3.746561199999999303e+02
6.894176599999998416e+02 3.758037299999999163e+02
6.918296099999998887e+02 3.774404999999999291e+02
6.938952199999998811e+02 3.795770399999999540e+02
6.955306499999999232e+02 3.822259699999999611e+02
6.966540399999998954e+02 3.853998299999999517e+02
6.974899699999998575e+02 3.885415999999999599e+02
6.976563799999998992e+02 3.915556299999999510e+02
6.972235499999999320e+02 3.944040999999999713e+02
6.962553699999999708e+02 3.970550999999999817e+02
6.948218200000000024e+02 3.994746199999999590e+02
6.929909199999999601e+02 4.016288299999999367e+02
6.908267899999999599e+02 4.034857499999999391e+02
6.883994000000000142e+02 4.050094599999999332e+02
6.830188799999999674e+02 4.069256999999999493e+02
6.801999200000000201e+02 4.072505799999999567e+02
6.773877099999999700e+02 4.071101999999999634e+02
6.746463800000000219e+02 4.064671999999999912e+02
6.720459600000000364e+02 4.052914299999999912e+02
6.696504899999999907e+02 4.035470500000000129e+02
6.675299499999999853e+02 4.012021200000000363e+02
6.658622000000000298e+02 3.988250300000000266e+02
6.646293699999999944e+02 3.961992400000000316e+02
6.638576100000000224e+02 3.934025400000000445e+02
6.635791699999999764e+02 3.905127300000000332e+02
6.635791299999999637e+02 3.905129499999999894e+02
