6.062857999999999947e+02 3.274013099999999667e+02
6.063987899999999627e+02 3.240346999999999298e+02
6.071580000000000155e+02 3.210167399999999134e+02
6.084815899999999829e+02 3.183561699999999064e+02
6.102876300000000356e+02 3.160674599999998691e+02
6.124922900000000254e+02 3.141652199999998629e+02
6.150117199999999684e+02 3.126600299999998924e+02
6.177639799999999468e+02 3.115645299999998770e+02
6.206672199999999293e+02 3.108932299999999032e+02
6.236375499999999192e+02 3.106566899999999123e+02
6.265911499999999705e+02 3.108694899999999279e+02
6.294480199999999286e+02 3.115444999999999709e+02
6.321243199999998978e+02 3.126921399999999949e+02
6.345362799999999197e+02 3.143288700000000517e+02
6.366018699999999626e+02 3.164654000000000451e+02
6.382373199999999542e+02 3.191143400000000838e+02
6.393606999999999516e+02 3.222881900000000996e+02
6.401966299999999137e+02 3.254299700000001394e+02
6.403630399999999554e+02 3.284439800000001242e+02
6.399302099999999882e+02 3.312924600000001192e+02
6.389620099999999638e+02 3.339434600000000728e+02
6.375284799999999450e+02 3.363629900000000816e+02
6.356975699999999279e+02 3.385171900000000278e+02
6.335334499999999025e+02 3.403741200000000617e+02
6.311060299999999188e+02 3.418978300000001127e+02
6.257255699999999479e+02 3.438140800000001036e+02
6.229065699999999879e+02 3.441389400000000478e+02
6.200943999999999505e+02 3.439985599999999977e+02
6.173530799999999772e+02 3.433555699999999433e+02
6.147526399999999285e+02 3.421798399999998992e+02
6.123571399999999585e+02 3.404354499999999462e+02
6.102365899999999783e+02 3.380904699999999821e+02
6.085688499999999976e+02 3.357134399999999914e+02
6.073360099999999875e+02 3.330876399999999649e+02
6.065642699999999650e+02 3.302909099999999398e+02
6.062858299999999190e+02 3.274011299999999665e+02
6.062857999999999947e+02 3.274013099999999667e+02
