5.040874900000000025e+02 2.728595100000000002e+02
5.042004699999999957e+02 2.694929100000000517e+02
5.049596900000000232e+02 2.664749300000000858e+02
5.062832800000000475e+02 2.638143700000000536e+02
5.080893400000000497e+02 2.615256500000000415e+02
5.102939900000000648e+02 2.596233900000000858e+02
5.128134300000000394e+02 2.581182300000000396e+02
5.155656700000000683e+02 2.570227200000000494e+02
5.184689200000000255e+02 2.563514499999999998e+02
5.214392500000000155e+02 2.561149400000000469e+02
5.243928100000000541e+02 2.563277300000000878e+02
5.272497200000000248e+02 2.570026800000000549e+02
5.299260199999999941e+02 2.581503100000001041e+02
5.323379599999999527e+02 2.597870900000001484e+02
5.344035599999999704e+02 2.619236000000001923e+02
5.360390599999999495e+02 2.645725300000001425e+02
5.371623899999999594e+02 2.677463800000001584e+02
5.379983199999999215e+02 2.708881600000001981e+02
5.381647299999999632e+02 2.739021900000002461e+02
5.377318999999999960e+02 2.767506600000002663e+02
5.367637099999999464e+02 2.794016700000003084e+02
5.353301699999999528e+02 2.818212300000003552e+02
5.334992699999999104e+02 2.839753900000004023e+02
5.313351399999999103e+02 2.858323100000003478e+02
5.289077199999999266e+02 2.873560600000002978e+02
5.235272199999999430e+02 2.892722800000002508e+02
5.207082599999999957e+02 2.895971300000002202e+02
5.178960799999999836e+02 2.894567700000002333e+02
5.151547600000000102e+02 2.888137600000002294e+02
5.125543199999999615e+02 2.876379900000001726e+02
5.101588399999999410e+02 2.858936100000001943e+02
5.080382799999999293e+02 2.835486900000001924e+02
5.063705399999999486e+02 2.811716100000002143e+02
5.051376999999999384e+02 2.785457800000002635e+02
5.043659599999999159e+02 2.757490700000003017e+02
5.040875199999999268e+02 2.728592900000003283e+02
5.040874900000000025e+02 2.728595100000000002e+02
