3.992565500000000043e+02 1.028414800000000469e+02
3.993695299999999975e+02 9.947482999999999720e+01
4.001287899999999809e+02 9.645690000000001874e+01
4.014523499999999672e+02 9.379632000000003700e+01
4.032583899999999630e+02 9.150758000000007542e+01
4.054630399999999781e+02 8.960532000000011976e+01
4.079824799999999527e+02 8.810016000000007352e+01
4.107347699999999691e+02 8.700468000000012125e+01
4.136379799999999705e+02 8.633337000000017269e+01
4.166083099999999604e+02 8.609686000000021977e+01
4.195618999999999801e+02 8.631004000000018550e+01
4.224188100000000077e+02 8.698503000000016527e+01
4.250951200000000085e+02 8.813263000000017655e+01
4.275070400000000177e+02 8.976940000000013242e+01
4.295726500000000101e+02 9.190595000000018899e+01
4.312081000000000017e+02 9.455487000000016451e+01
4.323314700000000244e+02 9.772874000000012984e+01
4.331673600000000306e+02 1.008704600000000937e+02
4.333337700000000154e+02 1.038844900000001417e+02
4.329009399999999914e+02 1.067329600000001619e+02
4.319327599999999734e+02 1.093839700000002040e+02
4.304991899999999987e+02 1.118035300000002508e+02
4.286683100000000195e+02 1.139577300000001969e+02
4.265041800000000194e+02 1.158146300000001929e+02
4.240767500000000041e+02 1.173383600000001934e+02
4.186962800000000016e+02 1.192546100000001843e+02
4.158772900000000163e+02 1.195791000000001532e+02
4.130651100000000042e+02 1.194387300000001915e+02
4.103238000000000056e+02 1.187957200000001876e+02
4.077233600000000138e+02 1.176199500000002445e+02
4.053278700000000185e+02 1.158756100000002789e+02
4.032073100000000068e+02 1.135306500000002643e+02
4.015395700000000261e+02 1.111535700000002862e+02
4.003067400000000475e+02 1.085277500000003101e+02
3.995350000000000250e+02 1.057310600000002978e+02
3.992565400000000295e+02 1.028412400000003117e+02
3.992565500000000043e+02 1.028414800000000469e+02
