4.851443899999999871e+02 5.822063499999999294e+02
4.852573699999999803e+02 5.788397400000000061e+02
4.860165900000000079e+02 5.758218100000000277e+02
4.873401800000000321e+02 5.731612099999999828e+02
4.891462400000000343e+02 5.708725000000000591e+02
4.913508900000000494e+02 5.689702400000001035e+02
4.938703400000000556e+02 5.674650699999999688e+02
4.966225800000000277e+02 5.663695700000000670e+02
4.995258300000000418e+02 5.656982900000000427e+02
5.024961500000000569e+02 5.654617700000000013e+02
5.054497500000000514e+02 5.656749600000000555e+02
5.083066100000000347e+02 5.663498999999999342e+02
5.109829200000000355e+02 5.674975400000000718e+02
5.133948599999999942e+02 5.691343100000000277e+02
5.154604699999999866e+02 5.712708700000000590e+02
5.170959599999999909e+02 5.739197300000000723e+02
5.182193099999999504e+02 5.770936599999999999e+02
5.190552299999999377e+02 5.802353800000000774e+02
5.192216499999999542e+02 5.832494000000000369e+02
5.187887199999998984e+02 5.860978700000000572e+02
5.178205399999999372e+02 5.887488800000000992e+02
5.163870099999999184e+02 5.911684400000000323e+02
5.145561299999999392e+02 5.933225999999999658e+02
5.123920099999999138e+02 5.951795299999999997e+02
5.099645599999998922e+02 5.967032799999999497e+02
5.045840899999998896e+02 5.986194900000000416e+02
5.017650999999999044e+02 5.989439800000000105e+02
4.989529199999998923e+02 5.988035999999999603e+02
4.962115999999999190e+02 5.981606000000000449e+02
4.936111699999999018e+02 5.969848200000001270e+02
4.912156699999998750e+02 5.952404800000000478e+02
4.890951099999998632e+02 5.928955100000000584e+02
4.874273899999998889e+02 5.905184400000000551e+02
4.861945399999999040e+02 5.878926200000000790e+02
4.854227999999998815e+02 5.850959400000001551e+02
4.851443499999998608e+02 5.822061100000000806e+02
4.851443899999999871e+02 5.822063499999999294e+02
