6.201997499999999945e+02 2.838673400000000129e+02
6.203127299999999877e+02 2.805007400000000644e+02
6.210719900000000280e+02 2.774828100000000859e+02
6.223955399999999827e+02 2.748221900000000915e+02
6.242015999999999849e+02 2.725334900000001426e+02
6.264062500000000000e+02 2.706312300000001869e+02
6.289256699999999682e+02 2.691260500000001912e+02
6.316779599999999846e+02 2.680305600000001505e+02
6.345811800000000176e+02 2.673592800000001262e+02
6.375515000000000327e+02 2.671227600000000848e+02
6.405051000000000840e+02 2.673359400000000505e+02
6.433619700000000421e+02 2.680109000000001060e+02
6.460383100000000240e+02 2.691585500000001048e+02
6.484502200000000585e+02 2.707953100000000859e+02
6.505158600000000888e+02 2.729318200000001298e+02
6.521513000000001057e+02 2.755807300000001305e+02
6.532746900000000778e+02 2.787546000000000959e+02
6.541105700000000525e+02 2.818963700000000472e+02
6.542769800000000942e+02 2.849104000000000951e+02
6.538441600000001017e+02 2.877588700000001154e+02
6.528759500000001026e+02 2.904098600000000943e+02
6.514423800000000710e+02 2.928294300000001158e+02
6.496115100000000666e+02 2.949835900000001629e+02
6.474473900000000413e+02 2.968405400000001464e+02
6.450199400000000196e+02 2.983642200000001594e+02
6.396394700000000739e+02 3.002804700000001503e+02
6.368204700000001139e+02 3.006049600000001192e+02
6.340082900000001018e+02 3.004645900000001575e+02
6.312669800000001032e+02 2.998215800000001536e+02
6.286665500000001430e+02 2.986458100000002105e+02
6.262710600000001477e+02 2.969014700000002449e+02
6.241504900000001044e+02 2.945565100000002303e+02
6.224827500000001237e+02 2.921794600000001765e+02
6.212499100000001135e+02 2.895536600000001499e+02
6.204781700000000910e+02 2.867569300000001249e+02
6.201997300000000450e+02 2.838671100000001388e+02
6.201997499999999945e+02 2.838673400000000129e+02
