5.313016599999999698e+02 1.888293400000000020e+02
5.314146399999999630e+02 1.854627199999999903e+02
5.321739099999999780e+02 1.824447999999999865e+02
5.334974499999999580e+02 1.797841899999999669e+02
5.353035099999999602e+02 1.774954900000000180e+02
5.375081599999999753e+02 1.755932300000000623e+02
5.400275799999999435e+02 1.740880600000000413e+02
5.427798799999999346e+02 1.729925500000000511e+02
5.456830799999999044e+02 1.723212400000001026e+02
5.486534199999998691e+02 1.720847200000000612e+02
5.516070199999999204e+02 1.722979000000000269e+02
5.544638799999999037e+02 1.729728999999999814e+02
5.571402199999998857e+02 1.741205300000000307e+02
5.595521199999998316e+02 1.757572499999999991e+02
5.616177599999998620e+02 1.778938100000000304e+02
5.632532199999998284e+02 1.805427200000000312e+02
5.643765899999998510e+02 1.837165899999999965e+02
5.652124799999998004e+02 1.868583700000000363e+02
5.653788899999998421e+02 1.898723800000000210e+02
5.649460599999998749e+02 1.927208600000000160e+02
5.639778699999998253e+02 1.953718599999999697e+02
5.625442899999998190e+02 1.977913800000000037e+02
5.607134299999997893e+02 1.999455900000000383e+02
5.585492899999998144e+02 2.018025200000000723e+02
5.561218399999997928e+02 2.033262300000001233e+02
5.507413899999997966e+02 2.052424700000001394e+02
5.479223899999998366e+02 2.055669600000001083e+02
5.451102099999998245e+02 2.054265800000000581e+02
5.423688899999998512e+02 2.047835900000000038e+02
5.397684499999998025e+02 2.036078599999999597e+02
5.373729599999998072e+02 2.018634799999999814e+02
5.352523999999998523e+02 1.995185000000000173e+02
5.335846699999998464e+02 1.971414600000000519e+02
5.323518199999998615e+02 1.945156500000000506e+02
5.315800799999998389e+02 1.917189300000000003e+02
5.313016399999997930e+02 1.888291500000000269e+02
5.313016599999999698e+02 1.888293400000000020e+02
