6.937458500000000186e+02 4.202467500000000200e+02
6.938588300000000118e+02 4.168801400000000399e+02
6.946180600000000140e+02 4.138622100000000614e+02
6.959416300000000319e+02 4.112016000000000417e+02
6.977476900000000342e+02 4.089128900000000613e+02
6.999523599999999988e+02 4.070106300000000488e+02
7.024717900000000554e+02 4.055054500000000530e+02
7.052240900000000465e+02 4.044100000000000250e+02
7.081272800000000416e+02 4.037386900000000196e+02
7.110976400000000694e+02 4.035021700000000351e+02
7.140512000000001080e+02 4.037153400000000261e+02
7.169081100000000788e+02 4.043903500000000122e+02
7.195844000000000733e+02 4.055379300000000171e+02
7.219963600000000952e+02 4.071747100000000046e+02
7.240619500000001381e+02 4.093112500000000296e+02
7.256974400000001424e+02 4.119601800000000367e+02
7.268208000000001903e+02 4.151340400000000272e+02
7.276567300000001524e+02 4.182757800000000543e+02
7.278231300000001056e+02 4.212898000000000707e+02
7.273902100000001383e+02 4.241382700000000909e+02
7.264220200000000887e+02 4.267892600000000698e+02
7.249884800000000951e+02 4.292088300000000913e+02
7.231575900000001411e+02 4.313629800000001069e+02
7.209934600000001410e+02 4.332199100000000840e+02
7.185660500000001321e+02 4.347436600000000908e+02
7.131855400000001737e+02 4.366599100000000817e+02
7.103665800000002264e+02 4.369844000000001074e+02
7.075543600000002016e+02 4.368440300000000889e+02
7.048130600000001778e+02 4.362010300000001166e+02
7.022126200000001290e+02 4.350252900000000977e+02
6.998171100000001843e+02 4.332809100000001195e+02
6.976965600000002041e+02 4.309359500000001049e+02
6.960288200000002234e+02 4.285588600000000952e+02
6.947959900000001880e+02 4.259330800000000750e+02
6.940242300000002160e+02 4.231363800000000879e+02
6.937457900000001700e+02 4.202465500000000702e+02
6.937458500000000186e+02 4.202467500000000200e+02
