7.364106299999999692e+02 4.116513499999999794e+02
7.365236099999999624e+02 4.082847399999999993e+02
7.372828399999999647e+02 4.052668100000000209e+02
7.386064400000000205e+02 4.026062000000000012e+02
7.404124800000000732e+02 4.003174900000000207e+02
7.426171400000000631e+02 3.984152300000000082e+02
7.451365800000000945e+02 3.969100500000000125e+02
7.478888500000000477e+02 3.958145700000000033e+02
7.507920700000000807e+02 3.951432800000000043e+02
7.537623900000000958e+02 3.949067600000000198e+02
7.567159900000001471e+02 3.951199500000000171e+02
7.595728100000001177e+02 3.957949000000000410e+02
7.622491400000001249e+02 3.969425400000000650e+02
7.646610300000000962e+02 3.985793100000000777e+02
7.667267500000001519e+02 4.007158700000000522e+02
7.683621300000002066e+02 4.033647400000000403e+02
7.694855300000001534e+02 4.065386100000000624e+02
7.703214600000001155e+02 4.096803800000000706e+02
7.704878400000001193e+02 4.126944000000000869e+02
7.700549100000000635e+02 4.155428700000001072e+02
7.690867600000000266e+02 4.181938600000000861e+02
7.676533200000000079e+02 4.206134300000001076e+02
7.658223100000000159e+02 4.227676000000001295e+02
7.636582100000000537e+02 4.246245300000001066e+02
7.612307500000000573e+02 4.261482700000000818e+02
7.558503400000000738e+02 4.280644700000000853e+02
7.530313400000001138e+02 4.283889700000000857e+02
7.502191600000001017e+02 4.282485800000000609e+02
7.474778400000001284e+02 4.276055800000000886e+02
7.448774100000001681e+02 4.264298300000000950e+02
7.424819100000001981e+02 4.246854700000001230e+02
7.403613600000002180e+02 4.223405100000001084e+02
7.386936200000002373e+02 4.199634300000001303e+02
7.374607800000002271e+02 4.173376300000001038e+02
7.366890400000002046e+02 4.145409300000001167e+02
7.364106000000001586e+02 4.116511100000001306e+02
7.364106299999999692e+02 4.116513499999999794e+02
