7.936013799999999492e+02 4.750171399999999835e+02
7.937140599999999040e+02 4.716505199999999718e+02
7.944732099999998809e+02 4.686325999999999681e+02
7.957967999999998483e+02 4.659719999999999800e+02
7.976028799999998000e+02 4.636832799999999679e+02
7.998075799999998026e+02 4.617810299999999870e+02
8.023269599999997581e+02 4.602758599999999660e+02
8.050792499999997744e+02 4.591803499999999758e+02
8.079824999999997317e+02 4.585090799999999831e+02
8.109527699999997594e+02 4.582725699999999733e+02
8.139063599999997223e+02 4.584857299999999896e+02
8.167632599999997183e+02 4.591606899999999882e+02
8.194395799999997507e+02 4.603083300000000122e+02
8.218514799999996967e+02 4.619451099999999997e+02
8.239171899999996640e+02 4.640816199999999867e+02
8.255525799999996934e+02 4.667305399999999622e+02
8.266759699999996656e+02 4.699043999999999528e+02
8.275118999999996277e+02 4.730461699999999610e+02
8.276782699999996566e+02 4.760601899999999773e+02
8.272453399999996009e+02 4.789086499999999660e+02
8.262771999999996524e+02 4.815596699999999828e+02
8.248436599999996588e+02 4.839792299999999727e+02
8.230127599999996164e+02 4.861333899999999630e+02
8.208486499999995658e+02 4.879903199999999401e+02
8.184211999999995442e+02 4.895140199999999595e+02
8.130407099999995353e+02 4.914302799999999820e+02
8.102217599999995628e+02 4.917551399999999830e+02
8.074095499999995127e+02 4.916147599999999898e+02
8.046682299999995394e+02 4.909717600000000175e+02
8.020678099999995538e+02 4.897959800000000428e+02
7.996722799999995459e+02 4.880516400000000203e+02
7.975517799999995532e+02 4.857066800000000057e+02
7.958839999999995598e+02 4.833295899999999961e+02
7.946512299999996003e+02 4.807037899999999695e+02
7.938793999999995776e+02 4.779070899999999824e+02
7.936009699999996201e+02 4.750172799999999711e+02
7.936013799999999492e+02 4.750171399999999835e+02
