4.276166000000000054e+02 5.188817999999999984e+02
4.277295799999999986e+02 5.155151900000000751e+02
4.284888100000000009e+02 5.124972299999999450e+02
4.298123600000000124e+02 5.098366199999999822e+02
4.316184100000000399e+02 5.075479399999999828e+02
4.338230700000000297e+02 5.056456399999999576e+02
4.363425000000000296e+02 5.041404799999999682e+02
4.390947900000000459e+02 5.030449799999999527e+02
4.419979900000000725e+02 5.023736999999999284e+02
4.449683300000000941e+02 5.021371799999999439e+02
4.479219200000001138e+02 5.023499799999999595e+02
4.507787900000001287e+02 5.030249799999999709e+02
4.534550800000001232e+02 5.041725699999999506e+02
4.558670400000001450e+02 5.058093399999999633e+02
4.579326800000001185e+02 5.079458899999999630e+02
4.595681300000001102e+02 5.105947999999999638e+02
4.606915200000000823e+02 5.137686799999999039e+02
4.615274100000000885e+02 5.169103999999999814e+02
4.616938200000000734e+02 5.199244200000000546e+02
4.612608900000000745e+02 5.227728999999999360e+02
4.602927000000000817e+02 5.254239000000000033e+02
4.588591700000000628e+02 5.278434600000000501e+02
4.570282500000000709e+02 5.299976599999999962e+02
4.548641300000000456e+02 5.318546000000000049e+02
4.524367300000000682e+02 5.333783000000000811e+02
4.470562700000000405e+02 5.352945400000000973e+02
4.442372500000000173e+02 5.356194100000000162e+02
4.414250900000000115e+02 5.354790399999999408e+02
4.386837700000000382e+02 5.348360299999999370e+02
4.360833300000000463e+02 5.336602900000000318e+02
4.336878400000000511e+02 5.319159300000000030e+02
4.315672800000000393e+02 5.295709699999999884e+02
4.298995400000000586e+02 5.271939199999999346e+02
4.286667000000000485e+02 5.245680899999999838e+02
4.278949900000000639e+02 5.217713799999999083e+02
4.276165500000000748e+02 5.188816099999999096e+02
4.276166000000000054e+02 5.188817999999999984e+02
