2.391976799999999912e+02 3.689116999999999962e+02
2.393185599999999909e+02 3.655453600000000165e+02
2.400848699999999951e+02 3.625291900000000282e+02
2.414147099999999853e+02 3.598717100000000073e+02
2.432261099999999772e+02 3.575872600000000148e+02
2.454352499999999679e+02 3.556901599999999917e+02
2.479581699999999671e+02 3.541909099999999739e+02
2.507129999999999654e+02 3.531018699999999626e+02
2.536177999999999599e+02 3.524373999999999683e+02
2.565886999999999603e+02 3.522080599999999890e+02
2.595417699999999854e+02 3.524280400000000100e+02
2.623970699999999852e+02 3.531097199999999816e+02
2.650706599999999753e+02 3.542636200000000031e+02
2.674787599999999657e+02 3.559060400000000186e+02
2.695393499999999563e+02 3.580474100000000135e+02
2.711685999999999694e+02 3.607001700000000142e+02
2.722844999999999800e+02 3.638766699999999901e+02
2.731130299999999806e+02 3.670203799999999887e+02
2.732726299999999924e+02 3.700347899999999868e+02
2.728330700000000206e+02 3.728822499999999991e+02
2.718586600000000431e+02 3.755309500000000185e+02
2.704194400000000655e+02 3.779471300000000156e+02
2.685834900000000403e+02 3.800970399999999927e+02
2.664149900000000457e+02 3.819488799999999742e+02
2.639840100000000689e+02 3.834669099999999844e+02
2.585990600000000654e+02 3.853704700000000116e+02
2.557793100000000663e+02 3.856885300000000143e+02
2.529674600000000737e+02 3.855417300000000296e+02
2.502276400000000649e+02 3.848923100000000090e+02
2.476299900000000775e+02 3.837104600000000119e+02
2.452386100000000795e+02 3.819604699999999866e+02
2.431235500000000798e+02 3.796105400000000145e+02
2.414614200000000892e+02 3.772295500000000175e+02
2.402347100000000921e+02 3.746008500000000367e+02
2.394695600000000866e+02 3.718023500000000467e+02
2.391979300000000990e+02 3.689119100000000344e+02
2.391976799999999912e+02 3.689116999999999962e+02
