5.169596199999999726e+02 2.305113199999999551e+02
5.170725999999999658e+02 2.271447099999999182e+02
5.178318299999999681e+02 2.241267499999999018e+02
5.191553999999999860e+02 2.214661799999998948e+02
5.209614500000000135e+02 2.191774699999998575e+02
5.231661199999999781e+02 2.172751899999998386e+02
5.256855499999999211e+02 2.157700099999998429e+02
5.284377999999999247e+02 2.146745299999998906e+02
5.313410399999999072e+02 2.140032099999998536e+02
5.343113799999998719e+02 2.137667099999998754e+02
5.372649299999998220e+02 2.139798699999998917e+02
5.401218299999998180e+02 2.146548699999998462e+02
5.427981399999997620e+02 2.158025099999998702e+02
5.452100899999998092e+02 2.174392299999998386e+02
5.472756899999998268e+02 2.195757899999998699e+02
5.489111399999998184e+02 2.222247099999998454e+02
5.500345099999998411e+02 2.253985799999998108e+02
5.508704399999998031e+02 2.285403499999997621e+02
5.510368599999998196e+02 2.315543699999997216e+02
5.506039299999997638e+02 2.344028299999997671e+02
5.496357499999998026e+02 2.370538299999997207e+02
5.482022099999998090e+02 2.394733499999997548e+02
5.463713099999997667e+02 2.416275599999997894e+02
5.442071799999997666e+02 2.434844999999997981e+02
5.417797599999997828e+02 2.450082399999997733e+02
5.363992599999997992e+02 2.469244499999997515e+02
5.335802999999998519e+02 2.472489399999997204e+02
5.307680999999998903e+02 2.471085699999997587e+02
5.280267699999999422e+02 2.464655599999997548e+02
5.254263399999999820e+02 2.452897899999998117e+02
5.230308899999999994e+02 2.435454399999997577e+02
5.209103300000000445e+02 2.412005199999997558e+02
5.192425800000000891e+02 2.388234299999998029e+02
5.180097500000000537e+02 2.361976299999997764e+02
5.172380000000000564e+02 2.334008999999997513e+02
5.169595400000000609e+02 2.305111299999997527e+02
5.169596199999999726e+02 2.305113199999999551e+02
