5.320316500000000133e+02 6.871857800000000225e+02
5.321525300000000698e+02 6.838194700000000239e+02
5.329188300000000709e+02 6.808033500000000231e+02
5.342486700000000610e+02 6.781458700000000590e+02
5.360600600000000213e+02 6.758614099999999780e+02
5.382691899999999805e+02 6.739642999999999802e+02
5.407921400000000176e+02 6.724650500000000193e+02
5.435469900000000507e+02 6.713760300000000143e+02
5.464517400000000862e+02 6.707115499999999884e+02
5.494226400000001149e+02 6.704822199999999839e+02
5.523757300000000896e+02 6.707021999999999480e+02
5.552310000000001082e+02 6.713838799999999765e+02
5.579046300000001111e+02 6.725377700000000232e+02
5.603127100000001519e+02 6.741802000000000135e+02
5.623732900000001109e+02 6.763215599999999768e+02
5.640025300000000925e+02 6.789743200000000343e+02
5.651184500000000526e+02 6.821508300000000418e+02
5.659470100000000912e+02 6.852945199999999204e+02
5.661066100000000461e+02 6.883089400000000069e+02
5.656670700000000807e+02 6.911563499999999749e+02
5.646926500000000715e+02 6.938050299999999879e+02
5.632534300000000940e+02 6.962212999999999283e+02
5.614174700000000939e+02 6.983711299999999937e+02
5.592490300000000616e+02 7.002230099999999311e+02
5.568180000000000973e+02 7.017410300000000234e+02
5.514330200000000559e+02 7.036446100000000570e+02
5.486132900000000063e+02 7.039626299999999901e+02
5.458014600000000200e+02 7.038159000000000560e+02
5.430616400000000112e+02 7.031664600000000291e+02
5.404640000000000555e+02 7.019845400000000382e+02
5.380726100000000542e+02 7.002346099999999751e+02
5.359575400000001082e+02 6.978846800000000030e+02
5.342954200000001492e+02 6.955037200000000439e+02
5.330687200000000985e+02 6.928750600000000759e+02
5.323035600000000613e+02 6.900765000000000100e+02
5.320319200000000137e+02 6.871860000000000355e+02
5.320316500000000133e+02 6.871857800000000225e+02
