5.437851399999999558e+02 6.439206599999999980e+02
5.438981299999999237e+02 6.405540499999999611e+02
5.446573499999999513e+02 6.375360799999999699e+02
5.459808999999999060e+02 6.348755099999999629e+02
5.477869399999999587e+02 6.325868100000000140e+02
5.499915999999999485e+02 6.306845499999999447e+02
5.525110399999999800e+02 6.291793499999999995e+02
5.552633299999999963e+02 6.280838699999999335e+02
5.581665399999999408e+02 6.274125599999999849e+02
5.611368999999999687e+02 6.271760399999999436e+02
5.640904699999999821e+02 6.273892199999999093e+02
5.669473399999999401e+02 6.280642100000000028e+02
5.696236799999999221e+02 6.292118100000000140e+02
5.720355799999998681e+02 6.308485699999999952e+02
5.741012099999999236e+02 6.329851199999999380e+02
5.757366699999998900e+02 6.356340599999999768e+02
5.768600399999999127e+02 6.388079099999999926e+02
5.776959699999998747e+02 6.419496500000000196e+02
5.778623799999999164e+02 6.449637099999999919e+02
5.774294599999999491e+02 6.478121699999999237e+02
5.764612699999998995e+02 6.504631399999999530e+02
5.750277399999998806e+02 6.528826999999998861e+02
5.731968399999998383e+02 6.550368999999999460e+02
5.710326799999998002e+02 6.568938200000000052e+02
5.686052399999997533e+02 6.584175399999999172e+02
5.632247899999997571e+02 6.603337999999998829e+02
5.604057799999997087e+02 6.606582599999999275e+02
5.575936099999996713e+02 6.605179099999999153e+02
5.548522799999997233e+02 6.598749299999999494e+02
5.522518599999997377e+02 6.586991599999998925e+02
5.498563999999997804e+02 6.569547799999999143e+02
5.477358099999997876e+02 6.546098599999999124e+02
5.460680699999998069e+02 6.522327799999999343e+02
5.448352299999997967e+02 6.496069499999998698e+02
5.440635299999997869e+02 6.468102399999999079e+02
5.437850799999997662e+02 6.439204599999999346e+02
5.437851399999999558e+02 6.439206599999999980e+02
