4.716252700000000004e+02 1.227922600000000557e+02
4.717382600000000252e+02 1.194256600000001072e+02
4.724974700000000212e+02 1.164077000000000908e+02
4.738210300000000075e+02 1.137471200000001090e+02
4.756270700000000033e+02 1.114584200000001601e+02
4.778317299999999932e+02 1.095561600000002045e+02
4.803511599999999930e+02 1.080510000000001583e+02
4.831034500000000094e+02 1.069554800000001933e+02
4.860066699999999855e+02 1.062841700000002447e+02
4.889769900000000007e+02 1.060476500000002034e+02
4.919306000000000267e+02 1.062608200000001943e+02
4.947874700000000416e+02 1.069358200000001489e+02
4.974638000000000488e+02 1.080834600000001728e+02
4.998757100000000264e+02 1.097201900000002297e+02
5.019413499999999999e+02 1.118567300000001978e+02
5.035767999999999915e+02 1.145056700000002365e+02
5.047001799999999889e+02 1.176795100000002776e+02
5.055360599999999636e+02 1.208212600000002794e+02
5.057028499999999553e+02 1.238353200000002516e+02
5.052700199999999313e+02 1.266838000000002467e+02
5.043018299999999385e+02 1.293347600000003013e+02
5.028682999999999197e+02 1.317543200000003480e+02
5.010373799999999278e+02 1.339085200000002942e+02
4.988732499999999277e+02 1.357654500000003281e+02
4.964458099999999376e+02 1.372891600000003791e+02
4.910653299999999604e+02 1.392054100000003700e+02
4.882463499999999499e+02 1.395299000000003389e+02
4.854341599999999630e+02 1.393895200000002887e+02
4.826928499999999644e+02 1.387465200000002596e+02
4.800924099999999726e+02 1.375707900000002155e+02
4.776969599999999900e+02 1.358264200000002120e+02
4.755763999999999783e+02 1.334814500000002226e+02
4.739086299999999596e+02 1.311043900000001940e+02
4.726757799999999747e+02 1.284785800000001927e+02
4.719040899999999965e+02 1.256818700000002309e+02
4.716256399999999758e+02 1.227920800000002828e+02
4.716252700000000004e+02 1.227922600000000557e+02
