7.214860099999999647e+02 4.506076400000000035e+02
7.215989899999999579e+02 4.472410699999999792e+02
7.223582199999999602e+02 4.442230999999999881e+02
7.236818200000000161e+02 4.415625000000000000e+02
7.254878600000000688e+02 4.392737799999999879e+02
7.276925200000000586e+02 4.373715300000000070e+02
7.302119600000000901e+02 4.358663700000000176e+02
7.329642400000001317e+02 4.347708600000000274e+02
7.358674500000000762e+02 4.340995800000000031e+02
7.388377700000000914e+02 4.338630699999999933e+02
7.417913300000001300e+02 4.340762300000000096e+02
7.446482400000001007e+02 4.347512300000000209e+02
7.473245400000000700e+02 4.358988300000000322e+02
7.497365000000000919e+02 4.375355900000000133e+02
7.518020900000001348e+02 4.396721499999999878e+02
7.534375900000001138e+02 4.423210300000000075e+02
7.545609600000001365e+02 4.454949300000000108e+02
7.553968500000000859e+02 4.486366600000000062e+02
7.555632600000001275e+02 4.516506800000000226e+02
7.551303300000000718e+02 4.544991500000000428e+02
7.541621500000001106e+02 4.571501700000000596e+02
7.527286100000001170e+02 4.595697100000000432e+02
7.508977000000000999e+02 4.617239200000000210e+02
7.487335600000001250e+02 4.635808200000000170e+02
7.463061700000001792e+02 4.651045500000000175e+02
7.409256700000001956e+02 4.670207500000000209e+02
7.381066900000001851e+02 4.673456300000000283e+02
7.352945200000001478e+02 4.672052600000000098e+02
7.325532000000001744e+02 4.665622500000000059e+02
7.299527600000001257e+02 4.653864899999999807e+02
7.275572800000001052e+02 4.636421499999999583e+02
7.254367100000000619e+02 4.612971799999999689e+02
7.237689800000000560e+02 4.589201399999999467e+02
7.225361300000000710e+02 4.562943199999999706e+02
7.217643900000000485e+02 4.534975899999999456e+02
7.214859500000000025e+02 4.506077799999999343e+02
7.214860099999999647e+02 4.506076400000000035e+02
