4.879441800000000171e+02 2.002914799999999786e+02
4.880571600000000103e+02 1.969248699999999417e+02
4.888163800000000379e+02 1.939069599999999127e+02
4.901399800000000369e+02 1.912463599999998678e+02
4.919459800000000200e+02 1.889576399999998557e+02
4.941506700000000478e+02 1.870553699999998116e+02
4.966700800000000413e+02 1.855501999999997906e+02
4.994223400000000197e+02 1.844546999999997752e+02
5.023256100000000401e+02 1.837834299999997256e+02
5.052959000000000174e+02 1.835469099999996843e+02
5.082494900000000371e+02 1.837597099999996999e+02
5.111063900000000331e+02 1.844346599999996670e+02
5.137826999999999771e+02 1.855822999999996910e+02
5.161946500000000242e+02 1.872190699999996468e+02
5.182602500000000418e+02 1.893555799999996907e+02
5.198957100000000082e+02 1.920045099999996410e+02
5.210190800000000309e+02 1.951783699999996315e+02
5.218550099999999929e+02 1.983201399999995829e+02
5.220214099999999462e+02 2.013341599999995424e+02
5.215885899999999538e+02 2.041826399999995374e+02
5.206203999999999041e+02 2.068336499999995794e+02
5.191868599999999105e+02 2.092531899999995630e+02
5.173559599999998682e+02 2.114073599999995849e+02
5.151918299999998681e+02 2.132642999999995936e+02
5.127644199999998591e+02 2.147880399999995689e+02
5.073839199999998755e+02 2.167042499999995471e+02
5.045649499999998966e+02 2.170291199999995797e+02
5.017527299999998718e+02 2.168887399999995296e+02
4.990114099999998984e+02 2.162457699999995384e+02
4.964109799999998813e+02 2.150700099999995700e+02
4.940155399999998735e+02 2.133256699999996044e+02
4.918949699999998870e+02 2.109807099999995899e+02
4.902272299999999063e+02 2.086036199999996370e+02
4.889943899999998962e+02 2.059777999999996609e+02
4.882226499999998737e+02 2.031811199999996234e+02
4.879442199999998593e+02 2.002912999999996373e+02
4.879441800000000171e+02 2.002914799999999786e+02
