5.565415799999999535e+02 6.057269699999999375e+02
5.566545599999999467e+02 6.023604000000000269e+02
5.574137899999999490e+02 5.993424399999998968e+02
5.587373699999999417e+02 5.966818299999999908e+02
5.605434199999999691e+02 5.943931199999999535e+02
5.627480899999999338e+02 5.924908499999999094e+02
5.652675199999998767e+02 5.909856899999999769e+02
5.680197999999999183e+02 5.898901899999999614e+02
5.709230099999998629e+02 5.892188999999999623e+02
5.738933499999998276e+02 5.889823999999999842e+02
5.768468999999997777e+02 5.891955600000000004e+02
5.797037999999997737e+02 5.898705700000000434e+02
5.823801099999997177e+02 5.910181599999999662e+02
5.847920499999996764e+02 5.926549399999998968e+02
5.868576499999996940e+02 5.947914799999999786e+02
5.884931499999996731e+02 5.974403700000000299e+02
5.896165199999996958e+02 6.006142700000000332e+02
5.904523999999996704e+02 6.037560100000000602e+02
5.906188199999996868e+02 6.067700199999999313e+02
5.901859899999997197e+02 6.096185399999999390e+02
5.892178099999997585e+02 6.122695099999999684e+02
5.877842699999997649e+02 6.146890599999999267e+02
5.859533699999997225e+02 6.168432599999999866e+02
5.837892299999997476e+02 6.187001599999999826e+02
5.813618199999997387e+02 6.202238999999999578e+02
5.759813199999997551e+02 6.221401200000000244e+02
5.731623599999998078e+02 6.224649799999999686e+02
5.703501699999998209e+02 6.223246100000000069e+02
5.676088599999998223e+02 6.216816800000000285e+02
5.650084199999997736e+02 6.205058699999999590e+02
5.626129299999997784e+02 6.187615299999999934e+02
5.604923699999998234e+02 6.164165600000000040e+02
5.588246399999998175e+02 6.140395200000000386e+02
5.575918099999997821e+02 6.114137000000000626e+02
5.568200599999997848e+02 6.086169800000000123e+02
5.565416099999997641e+02 6.057271600000000262e+02
5.565415799999999535e+02 6.057269699999999375e+02
