2.790100699999999847e+02 3.604127700000000232e+02
2.791230499999999779e+02 3.570461900000000242e+02
2.798822799999999802e+02 3.540282400000000393e+02
2.812058199999999601e+02 3.513676600000000008e+02
2.830118599999999560e+02 3.490789099999999507e+02
2.852165299999999775e+02 3.471766599999999698e+02
2.877359699999999521e+02 3.456714999999999236e+02
2.904882499999999368e+02 3.445759799999999586e+02
2.933914699999999129e+02 3.439046999999999343e+02
2.963617899999999281e+02 3.436681899999999814e+02
2.993153999999999542e+02 3.438809899999999971e+02
3.021722399999999311e+02 3.445559799999999768e+02
3.048485799999999131e+02 3.457035799999999881e+02
3.072605399999999349e+02 3.473403600000000324e+02
3.093261399999999526e+02 3.494769000000000005e+02
3.109616099999999506e+02 3.521258000000000266e+02
3.120849799999999732e+02 3.552997000000000298e+02
3.129208999999999605e+02 3.584414400000000569e+02
3.130873099999999454e+02 3.614554400000000669e+02
3.126544799999999213e+02 3.643039600000000746e+02
3.116862799999998970e+02 3.669549300000000471e+02
3.102527399999999034e+02 3.693744900000000371e+02
3.084218399999999178e+02 3.715286900000000401e+02
3.062577199999998925e+02 3.733856200000000172e+02
3.038302699999998708e+02 3.749093300000000113e+02
2.984497999999998683e+02 3.768255800000000022e+02
2.956307999999998515e+02 3.771504400000000032e+02
2.928186299999998710e+02 3.770100600000000099e+02
2.900772999999998660e+02 3.763670600000000377e+02
2.874768699999998489e+02 3.751912800000000630e+02
2.850813799999998537e+02 3.734469200000000910e+02
2.829608199999998419e+02 3.711019900000001144e+02
2.812930899999998360e+02 3.687249100000001363e+02
2.800602499999998258e+02 3.660990900000001602e+02
2.792885499999998160e+02 3.633023700000001668e+02
2.790100899999998205e+02 3.604125400000001491e+02
2.790100699999999847e+02 3.604127700000000232e+02
