3.396079399999999850e+02 4.226794899999999870e+02
3.397209199999999782e+02 4.193129000000000133e+02
3.404801899999999932e+02 4.162949700000000348e+02
3.418037400000000048e+02 4.136343600000000151e+02
3.436097900000000323e+02 4.113456400000000031e+02
3.458144600000000537e+02 4.094433999999999969e+02
3.483338900000000535e+02 4.079382200000000012e+02
3.510861700000000383e+02 4.068427599999999984e+02
3.539893800000000397e+02 4.061714499999999930e+02
3.569597100000000296e+02 4.059349300000000085e+02
3.599133000000000493e+02 4.061480900000000247e+02
3.627701700000000642e+02 4.068230900000000361e+02
3.654465100000000461e+02 4.079707000000000221e+02
3.678584600000000364e+02 4.096074700000000348e+02
3.699240600000000541e+02 4.117440100000000598e+02
3.715595100000000457e+02 4.143929000000000542e+02
3.726829000000000178e+02 4.175667900000000827e+02
3.735187900000000241e+02 4.207085300000001098e+02
3.736852000000000089e+02 4.237225600000001009e+02
3.732523699999999849e+02 4.265710300000001212e+02
3.722841899999999669e+02 4.292220300000001316e+02
3.708506099999999606e+02 4.316415800000001468e+02
3.690197499999999877e+02 4.337957600000001435e+02
3.668556199999999876e+02 4.356526900000001206e+02
3.644281599999999912e+02 4.371764200000001210e+02
3.590477099999999950e+02 4.390926700000001119e+02
3.562287000000000035e+02 4.394171600000001376e+02
3.534165100000000166e+02 4.392767900000001191e+02
3.506752000000000180e+02 4.386337900000001468e+02
3.480747700000000009e+02 4.374580600000001596e+02
3.456792699999999741e+02 4.357136800000001813e+02
3.435587199999999939e+02 4.333687200000001667e+02
3.418909800000000132e+02 4.309916300000001570e+02
3.406581300000000283e+02 4.283658600000001684e+02
3.398864000000000374e+02 4.255691300000001434e+02
3.396079500000000166e+02 4.226793100000001573e+02
3.396079399999999850e+02 4.226794899999999870e+02
