2.507796400000000006e+02 3.287797399999999470e+02
2.508926199999999938e+02 3.254131199999999353e+02
2.516518499999999960e+02 3.223952099999999064e+02
2.529754399999999919e+02 3.197345899999999119e+02
2.547814899999999909e+02 3.174458899999999630e+02
2.569861399999999776e+02 3.155436199999999189e+02
2.595055799999999522e+02 3.140384499999998980e+02
2.622578599999999369e+02 3.129429599999998572e+02
2.651610799999999131e+02 3.122716699999998582e+02
2.681314099999999030e+02 3.120351499999998168e+02
2.710849899999998911e+02 3.122479599999998072e+02
2.739418699999998807e+02 3.129229499999997870e+02
2.766181699999999068e+02 3.140705499999997983e+02
2.790301099999999224e+02 3.157073199999997541e+02
2.810957499999998959e+02 3.178438699999998107e+02
2.827312099999999191e+02 3.204927499999997735e+02
2.838545799999999417e+02 3.236666599999997516e+02
2.846904799999999227e+02 3.268083799999997154e+02
2.848568799999999328e+02 3.298224099999997634e+02
2.844239599999999086e+02 3.326708799999997836e+02
2.834558099999999286e+02 3.353218699999997625e+02
2.820222399999999539e+02 3.377414499999997588e+02
2.801913499999999431e+02 3.398956099999998060e+02
2.780272499999999241e+02 3.417525299999997515e+02
2.755997999999999024e+02 3.432762799999997014e+02
2.702193299999998999e+02 3.451925299999996923e+02
2.674003399999999147e+02 3.455173899999996365e+02
2.645881499999999278e+02 3.453770099999995864e+02
2.618468299999999545e+02 3.447340199999995320e+02
2.592463999999999373e+02 3.435582599999995637e+02
2.568509099999999421e+02 3.418138699999996106e+02
2.547303499999999303e+02 3.394689399999996340e+02
2.530626099999999212e+02 3.370918599999996559e+02
2.518297699999999111e+02 3.344660499999996546e+02
2.510580199999999138e+02 3.316693599999996422e+02
2.507795899999999278e+02 3.287795399999996562e+02
2.507796400000000006e+02 3.287797399999999470e+02
