5.024028000000000134e+02 6.567624799999999823e+02
5.025236700000000383e+02 6.533961799999999585e+02
5.032900000000000205e+02 6.503800200000000586e+02
5.046198100000000295e+02 6.477225300000000061e+02
5.064312300000000278e+02 6.454380800000000136e+02
5.086403500000000122e+02 6.435409799999999905e+02
5.111632799999999861e+02 6.420417400000000043e+02
5.139181199999999308e+02 6.409527000000000498e+02
5.168229199999999537e+02 6.402881999999999607e+02
5.197937899999999445e+02 6.400588700000000699e+02
5.227468599999999697e+02 6.402788399999999456e+02
5.256021999999999252e+02 6.409605500000000120e+02
5.282757899999999154e+02 6.421144400000000587e+02
5.306838899999999057e+02 6.437568400000000111e+02
5.327444899999999279e+02 6.458982499999999618e+02
5.343737099999999600e+02 6.485509799999999814e+02
5.354896400000000085e+02 6.517274999999999636e+02
5.363181600000000344e+02 6.548711700000000064e+02
5.364777599999999893e+02 6.578856200000000172e+02
5.360382200000000239e+02 6.607330299999999852e+02
5.350638099999999895e+02 6.633817500000000109e+02
5.336245699999999488e+02 6.657979500000000144e+02
5.317886199999999235e+02 6.679478199999999788e+02
5.296201599999999416e+02 6.697996699999999919e+02
5.271891499999999269e+02 6.713176900000000842e+02
5.218041699999998855e+02 6.732212900000000673e+02
5.189844399999998359e+02 6.735393500000000131e+02
5.161725999999998749e+02 6.733925600000000031e+02
5.134327799999998660e+02 6.727431400000000394e+02
5.108351199999998471e+02 6.715612600000000612e+02
5.084437399999998206e+02 6.698112700000000359e+02
5.063286899999998241e+02 6.674613300000000891e+02
5.046665599999998335e+02 6.650803900000000795e+02
5.034398499999998080e+02 6.624516800000000103e+02
5.026746999999998025e+02 6.596531300000000329e+02
5.024030599999998117e+02 6.567627099999999700e+02
5.024028000000000134e+02 6.567624799999999823e+02
