2.190948699999999860e+02 2.958864899999999807e+02
2.192078499999999792e+02 2.925198900000000322e+02
2.199670699999999783e+02 2.895019200000000410e+02
2.212906499999999710e+02 2.868413500000000340e+02
2.230966499999999826e+02 2.845526300000000219e+02
2.253013599999999883e+02 2.826503800000000410e+02
2.278208099999999945e+02 2.811451600000000326e+02
2.305730399999999918e+02 2.800497100000000046e+02
2.334762900000000059e+02 2.793784500000000435e+02
2.364466199999999958e+02 2.791419100000000526e+02
2.394001700000000028e+02 2.793547100000000682e+02
2.422570900000000051e+02 2.800296700000001238e+02
2.449333799999999997e+02 2.811773100000001477e+02
2.473453399999999931e+02 2.828140800000001036e+02
2.494109399999999823e+02 2.849505900000001475e+02
2.510463999999999771e+02 2.875995000000001482e+02
2.521697599999999682e+02 2.907733700000001136e+02
2.530056899999999587e+02 2.939151400000000649e+02
2.531721099999999467e+02 2.969291700000001129e+02
2.527391799999999478e+02 2.997776400000001331e+02
2.517710099999999613e+02 3.024285900000000993e+02
2.503374699999999677e+02 3.048482000000001335e+02
2.485065699999999538e+02 3.070023500000000922e+02
2.463424199999999473e+02 3.088592800000001262e+02
2.439150199999999415e+02 3.103829900000001771e+02
2.385345199999999295e+02 3.122992400000001680e+02
2.357155599999999254e+02 3.126241100000002007e+02
2.329033399999999290e+02 3.124837300000001505e+02
2.301620199999999272e+02 3.118407400000000962e+02
2.275615799999999354e+02 3.106649600000000646e+02
2.251661299999999244e+02 3.089206200000000990e+02
2.230455799999999158e+02 3.065756500000001097e+02
2.213778399999999067e+02 3.041986100000001443e+02
2.201449999999998965e+02 3.015727600000001303e+02
2.193732599999999024e+02 2.987760800000000927e+02
2.190947999999999070e+02 2.958862700000000814e+02
2.190948699999999860e+02 2.958864899999999807e+02
