3.687941200000000208e+02 4.556164800000000241e+02
3.689071000000000140e+02 4.522498600000000124e+02
3.696663200000000415e+02 4.492318999999999960e+02
3.709899000000000342e+02 4.465713400000000206e+02
3.727959700000000112e+02 4.442826200000000085e+02
3.750006200000000263e+02 4.423803599999999960e+02
3.775200400000000514e+02 4.408751899999999750e+02
3.802723000000000297e+02 4.397796899999999596e+02
3.831755400000000122e+02 4.391084099999999353e+02
3.861458700000000022e+02 4.388718999999999255e+02
3.890994800000000282e+02 4.390850699999999165e+02
3.919563300000000368e+02 4.397600299999999152e+02
3.946326400000000376e+02 4.409076699999999391e+02
3.970445700000000215e+02 4.425444199999999455e+02
3.991101800000000139e+02 4.446809399999999641e+02
4.007456700000000183e+02 4.473298599999999396e+02
4.018690400000000409e+02 4.505037299999999618e+02
4.027049400000000219e+02 4.536454999999999700e+02
4.028713600000000383e+02 4.566595199999999863e+02
4.024384200000000646e+02 4.595079900000000066e+02
4.014702400000000466e+02 4.621589599999999791e+02
4.000367100000000278e+02 4.645785500000000070e+02
3.982058100000000422e+02 4.667327200000000289e+02
3.960416700000000674e+02 4.685896600000000376e+02
3.936142700000000900e+02 4.701133600000000570e+02
3.882338100000000622e+02 4.720296000000000731e+02
3.854148000000000707e+02 4.723544700000000489e+02
3.826026200000000586e+02 4.722141000000000304e+02
3.798613000000000852e+02 4.715710900000000265e+02
3.772608700000000681e+02 4.703953300000000013e+02
3.748653800000000729e+02 4.686509500000000230e+02
3.727448200000000611e+02 4.663060200000000464e+02
3.710770800000000804e+02 4.639289300000000367e+02
3.698442400000000703e+02 4.613031200000000354e+02
3.690725000000000477e+02 4.585063900000000103e+02
3.687940700000000334e+02 4.556166200000000117e+02
3.687941200000000208e+02 4.556164800000000241e+02
