3.981308599999999842e+02 4.873042199999999866e+02
3.982438399999999774e+02 4.839376100000000065e+02
3.990030899999999860e+02 4.809196400000000153e+02
4.003266299999999660e+02 4.782590600000000336e+02
4.021326899999999682e+02 4.759703700000000595e+02
4.043373399999999833e+02 4.740681100000000470e+02
4.068567899999999895e+02 4.725629000000000701e+02
4.096090399999999931e+02 4.714674300000000926e+02
4.125122700000000009e+02 4.707961700000000747e+02
4.154825999999999908e+02 4.705596400000000585e+02
4.184361999999999853e+02 4.707728100000000495e+02
4.212930499999999938e+02 4.714477800000000229e+02
4.239694000000000074e+02 4.725954100000000153e+02
4.263813200000000165e+02 4.742321400000000153e+02
4.284469000000000278e+02 4.763686800000000403e+02
4.300823900000000322e+02 4.790176000000000158e+02
4.312057800000000043e+02 4.821914800000000128e+02
4.320416700000000105e+02 4.853332500000000209e+02
4.322080900000000270e+02 4.883472700000000373e+02
4.317751600000000280e+02 4.911957300000000259e+02
4.308070100000000480e+02 4.938467400000000112e+02
4.293734300000000417e+02 4.962662500000000136e+02
4.275425700000000688e+02 4.984204599999999914e+02
4.253784400000000687e+02 5.002773899999999685e+02
4.229510000000000787e+02 5.018010899999999879e+02
4.175705000000000950e+02 5.037173399999999788e+02
4.147515400000000909e+02 5.040418300000000045e+02
4.119393600000000788e+02 5.039014700000000175e+02
4.091980500000000802e+02 5.032584500000000389e+02
4.065976200000000631e+02 5.020826900000000137e+02
4.042021100000000615e+02 5.003383499999999913e+02
4.020815600000000813e+02 4.979933899999999767e+02
4.004138200000001007e+02 4.956162999999999670e+02
3.991809700000001158e+02 4.929904899999999657e+02
3.984092300000000932e+02 4.901938099999999849e+02
3.981307900000001041e+02 4.873039899999999989e+02
3.981308599999999842e+02 4.873042199999999866e+02
