5.861642799999999625e+02 6.364149099999999635e+02
5.862772599999999557e+02 6.330482999999999265e+02
5.870364799999999832e+02 6.300303599999999733e+02
5.883600699999999506e+02 6.273697899999999663e+02
5.901660799999999654e+02 6.250810400000000300e+02
5.923707399999999552e+02 6.231788299999999481e+02
5.948901699999998982e+02 6.216736599999999271e+02
5.976424599999999145e+02 6.205781600000000253e+02
6.005456899999999223e+02 6.199068899999999758e+02
6.035160199999999122e+02 6.196703700000000481e+02
6.064695799999999508e+02 6.198835299999999506e+02
6.093264999999998963e+02 6.205584999999999809e+02
6.120027899999998908e+02 6.217061400000000049e+02
6.144147399999999379e+02 6.233428699999999480e+02
6.164803399999999556e+02 6.254793700000000172e+02
6.181157999999999220e+02 6.281283300000000054e+02
6.192391699999999446e+02 6.313022300000000087e+02
6.200751099999999951e+02 6.344438999999999851e+02
6.202415099999999484e+02 6.374579599999999573e+02
6.198086899999999559e+02 6.403063899999999649e+02
6.188404899999999316e+02 6.429573900000000322e+02
6.174069599999999127e+02 6.453769899999999780e+02
6.155760599999998703e+02 6.475311599999999999e+02
6.134119299999998702e+02 6.493881300000000465e+02
6.109844699999998738e+02 6.509117800000000216e+02
6.056040199999998777e+02 6.528280799999999999e+02
6.027850099999998292e+02 6.531525599999999940e+02
5.999728299999998171e+02 6.530122099999999818e+02
5.972315199999998185e+02 6.523691499999999905e+02
5.946310799999997698e+02 6.511934200000000601e+02
5.922355899999997746e+02 6.494490900000000693e+02
5.901150399999997944e+02 6.471041300000000547e+02
5.884472899999998390e+02 6.447270700000000261e+02
5.872144599999998036e+02 6.421012600000000248e+02
5.864427399999998443e+02 6.393045600000000377e+02
5.861642999999997983e+02 6.364147199999999884e+02
5.861642799999999625e+02 6.364149099999999635e+02
