5.292465300000000070e+02 5.737318299999999454e+02
5.293595100000000002e+02 5.703651899999999841e+02
5.301187400000000025e+02 5.673472699999999804e+02
5.314423400000000584e+02 5.646866499999999860e+02
5.332483800000001111e+02 5.623979500000000371e+02
5.354530400000001009e+02 5.604956999999999425e+02
5.379724700000001576e+02 5.589905300000000352e+02
5.407247500000001992e+02 5.578950600000000577e+02
5.436279700000002322e+02 5.572237499999999955e+02
5.465982900000002473e+02 5.569872199999999793e+02
5.495518500000002859e+02 5.572003899999999703e+02
5.524087700000002314e+02 5.578753999999998996e+02
5.550850700000002007e+02 5.590229899999999361e+02
5.574970100000001594e+02 5.606597600000000057e+02
5.595626100000001770e+02 5.627963199999999233e+02
5.611981000000001814e+02 5.654452399999998988e+02
5.623214800000001787e+02 5.686190899999999147e+02
5.631573800000002166e+02 5.717608399999999165e+02
5.633237800000001698e+02 5.747748499999999012e+02
5.628909500000002026e+02 5.776233399999998710e+02
5.619227700000002415e+02 5.802743399999999383e+02
5.604892200000002731e+02 5.826938999999999851e+02
5.586583200000002307e+02 5.848480599999999185e+02
5.564941900000002306e+02 5.867049799999999777e+02
5.540667800000002217e+02 5.882287199999998393e+02
5.486862800000002380e+02 5.901449799999999186e+02
5.458673100000002023e+02 5.904694599999999127e+02
5.430551400000001649e+02 5.903290999999999258e+02
5.403138200000001916e+02 5.896860899999999219e+02
5.377133800000001429e+02 5.885103599999999915e+02
5.353179000000001224e+02 5.867659899999998743e+02
5.331973400000001675e+02 5.844210099999999102e+02
5.315296000000001868e+02 5.820439699999999448e+02
5.302967600000001767e+02 5.794181599999999435e+02
5.295250200000001541e+02 5.766214399999998932e+02
5.292465700000001334e+02 5.737316499999999451e+02
5.292465300000000070e+02 5.737318299999999454e+02
