3.106042400000000043e+02 3.920489600000000223e+02
3.107172199999999975e+02 3.886823700000000485e+02
3.114764599999999746e+02 3.856643900000000258e+02
3.128000299999999925e+02 3.830038200000000188e+02
3.146060800000000199e+02 3.807151000000000067e+02
3.168107400000000098e+02 3.788128500000000258e+02
3.193301799999999844e+02 3.773076500000000237e+02
3.220824199999999564e+02 3.762121900000000210e+02
3.249856799999999453e+02 3.755408700000000408e+02
3.279559899999999288e+02 3.753043500000000563e+02
3.309095999999999549e+02 3.755175300000000789e+02
3.337664699999999698e+02 3.761925300000000902e+02
3.364427999999999770e+02 3.773401600000000826e+02
3.388547199999999862e+02 3.789768900000000826e+02
3.409203499999999849e+02 3.811134300000001076e+02
3.425558100000000081e+02 3.837623700000000895e+02
3.436791900000000055e+02 3.869362200000001053e+02
3.445150699999999802e+02 3.900779600000001324e+02
3.446814799999999650e+02 3.930920200000001046e+02
3.442486599999999726e+02 3.959404800000000932e+02
3.432804299999999671e+02 3.985914600000000974e+02
3.418468899999999735e+02 4.010110300000001189e+02
3.400160199999999691e+02 4.031652200000000903e+02
3.378518899999999689e+02 4.050221500000000674e+02
3.354244399999999473e+02 4.065458500000000868e+02
3.300439799999999195e+02 4.084621100000001093e+02
3.272249799999999027e+02 4.087865800000001286e+02
3.244127999999998906e+02 4.086462200000001417e+02
3.216714799999999173e+02 4.080032500000001505e+02
3.190710599999999317e+02 4.068274700000001758e+02
3.166755599999999049e+02 4.050831000000001723e+02
3.145549899999999184e+02 4.027381700000001956e+02
3.128872699999999440e+02 4.003610900000002175e+02
3.116544199999999591e+02 3.977352800000002162e+02
3.108826899999999682e+02 3.949385600000002228e+02
3.106042399999999475e+02 3.920487700000002178e+02
3.106042400000000043e+02 3.920489600000000223e+02
