2.916275600000000168e+02 3.187674600000000282e+02
2.917405400000000100e+02 3.154008800000000292e+02
2.924997600000000375e+02 3.123829299999999876e+02
2.938233500000000618e+02 3.097223299999999426e+02
2.956293900000000576e+02 3.074335999999999558e+02
2.978340600000000791e+02 3.055313499999999749e+02
3.003534500000000662e+02 3.040261799999999539e+02
3.031057300000000509e+02 3.029306699999999637e+02
3.060089900000000398e+02 3.022594100000000026e+02
3.089793100000000550e+02 3.020228899999999612e+02
3.119328700000000367e+02 3.022360599999999522e+02
3.147897800000000643e+02 3.029110599999999067e+02
3.174660800000000904e+02 3.040586499999999432e+02
3.198780200000001059e+02 3.056954299999999876e+02
3.219436300000000983e+02 3.078319699999999557e+02
3.235790800000000900e+02 3.104808600000000069e+02
3.247024600000000873e+02 3.136547600000000102e+02
3.255383800000000747e+02 3.167964900000000625e+02
3.257047900000000595e+02 3.198105100000000220e+02
3.252718600000000606e+02 3.226589800000000423e+02
3.243036900000000742e+02 3.253099900000000844e+02
3.228701500000000806e+02 3.277295400000000427e+02
3.210392400000000634e+02 3.298837399999999889e+02
3.188751000000000886e+02 3.317406300000000101e+02
3.164477000000001112e+02 3.332643799999999601e+02
3.110672000000001276e+02 3.351805899999999383e+02
3.082482300000001487e+02 3.355054599999999709e+02
3.054360200000001555e+02 3.353650799999999208e+02
3.026947100000001569e+02 3.347221099999999296e+02
3.000942700000001651e+02 3.335463499999999613e+02
2.976988100000001509e+02 3.318019799999999577e+02
2.955782600000001707e+02 3.294570400000000063e+02
2.939105200000001901e+02 3.270799600000000282e+02
2.926776800000001799e+02 3.244541400000000522e+02
2.919059400000001574e+02 3.216574200000000019e+02
2.916274800000001619e+02 3.187676400000000285e+02
2.916275600000000168e+02 3.187674600000000282e+02
