4.402608399999999733e+02 4.786167699999999741e+02
4.403738199999999665e+02 4.752501599999999939e+02
4.411330499999999688e+02 4.722321900000000028e+02
4.424566299999999615e+02 4.695716300000000274e+02
4.442626999999999384e+02 4.672829100000000153e+02
4.464673399999999219e+02 4.653806600000000344e+02
4.489867699999999218e+02 4.638754900000000134e+02
4.517390399999999318e+02 4.627799800000000232e+02
4.546422599999999079e+02 4.621086800000000494e+02
4.576126099999999042e+02 4.618721600000000649e+02
4.605661999999999239e+02 4.620853300000000559e+02
4.634230599999999072e+02 4.627603200000000356e+02
4.660993599999999333e+02 4.639079600000000596e+02
4.685113199999999551e+02 4.655446900000000596e+02
4.705769199999999728e+02 4.676812400000000594e+02
4.722123599999999897e+02 4.703301600000000349e+02
4.733357399999999870e+02 4.735040200000000254e+02
4.741716799999999807e+02 4.766457600000000525e+02
4.743380899999999656e+02 4.796598200000000247e+02
4.739052499999999668e+02 4.825083000000000197e+02
4.729370799999999804e+02 4.851592699999999923e+02
4.715035199999999804e+02 4.875788200000000074e+02
4.696726299999999696e+02 4.897330400000000168e+02
4.675084999999999695e+02 4.915899600000000191e+02
4.650810899999999606e+02 4.931136700000000133e+02
4.597006299999999328e+02 4.950299300000000358e+02
4.568816299999999160e+02 4.953543900000000235e+02
4.540694299999998975e+02 4.952140400000000113e+02
4.513281399999999053e+02 4.945710599999999886e+02
4.487276799999999071e+02 4.933952899999999886e+02
4.463321999999998866e+02 4.916509199999999851e+02
4.442116399999998748e+02 4.893059799999999768e+02
4.425438999999998941e+02 4.869288999999999987e+02
4.413110699999999156e+02 4.843030800000000227e+02
4.405393099999999436e+02 4.815063800000000356e+02
4.402608699999999544e+02 4.786165900000000306e+02
4.402608399999999733e+02 4.786167699999999741e+02
