4.108433699999999931e+02 4.454843399999999747e+02
4.109563499999999863e+02 4.421177299999999946e+02
4.117155700000000138e+02 4.390998000000000161e+02
4.130391500000000065e+02 4.364391800000000217e+02
4.148451900000000023e+02 4.341504800000000159e+02
4.170498699999999985e+02 4.322482200000000034e+02
4.195692799999999920e+02 4.307430600000000140e+02
4.223215500000000020e+02 4.296475599999999986e+02
4.252247800000000097e+02 4.289762799999999743e+02
4.281951099999999997e+02 4.287397599999999898e+02
4.311487099999999941e+02 4.289525499999999738e+02
4.340055800000000090e+02 4.296275499999999852e+02
4.366818800000000351e+02 4.307751499999999965e+02
4.390938300000000254e+02 4.324119200000000092e+02
4.411594300000000430e+02 4.345484799999999836e+02
4.427949200000000474e+02 4.371973600000000033e+02
4.439182900000000700e+02 4.403712600000000066e+02
4.447541900000000510e+02 4.435129900000000021e+02
4.449205900000000611e+02 4.465270100000000184e+02
4.444877600000000371e+02 4.493754900000000134e+02
4.435196200000000317e+02 4.520264999999999986e+02
4.420860400000000254e+02 4.544460599999999886e+02
4.402551800000000526e+02 4.566002599999999916e+02
4.380910300000000461e+02 4.584571500000000128e+02
4.356636000000000308e+02 4.599809000000000196e+02
4.302831000000000472e+02 4.618971000000000231e+02
4.274641200000000367e+02 4.622219800000000305e+02
4.246519500000000562e+02 4.620816000000000372e+02
4.219106400000000576e+02 4.614385800000000586e+02
4.193101900000000342e+02 4.602628400000000397e+02
4.169147300000000200e+02 4.585184800000000678e+02
4.147941600000000335e+02 4.561735200000000532e+02
4.131264300000000276e+02 4.537964800000000309e+02
4.118935900000000174e+02 4.511706700000000296e+02
4.111218499999999949e+02 4.483739500000000362e+02
4.108433799999999678e+02 4.454841200000000185e+02
4.108433699999999931e+02 4.454843399999999747e+02
