3.515363100000000145e+02 3.804457899999999881e+02
3.516493000000000393e+02 3.770792000000000144e+02
3.524085200000000668e+02 3.740612199999999916e+02
3.537321200000000658e+02 3.714006600000000162e+02
3.555381600000000617e+02 3.691119500000000357e+02
3.577428400000000579e+02 3.672096900000000232e+02
3.602622700000000577e+02 3.657045300000000339e+02
3.630145100000000298e+02 3.646090100000000120e+02
3.659177700000000186e+02 3.639377100000000382e+02
3.688880800000000022e+02 3.637012000000000285e+02
3.718416599999999903e+02 3.639140000000000441e+02
3.746985599999999863e+02 3.645889800000000491e+02
3.773748499999999808e+02 3.657366100000000415e+02
3.797868100000000027e+02 3.673733600000000479e+02
3.818523999999999887e+02 3.695099000000000729e+02
3.834878699999999867e+02 3.721588200000000484e+02
3.846112299999999777e+02 3.753326900000000705e+02
3.854471599999999967e+02 3.784744200000000660e+02
3.856135800000000131e+02 3.814884900000000698e+02
3.851806599999999889e+02 3.843369500000000585e+02
3.842124799999999709e+02 3.869879200000000310e+02
3.827789399999999773e+02 3.894074700000000462e+02
3.809480399999999918e+02 3.915616800000000239e+02
3.787838899999999853e+02 3.934186000000000263e+02
3.763564799999999764e+02 3.949423100000000204e+02
3.709759999999999991e+02 3.968585600000000113e+02
3.681570199999999886e+02 3.971834200000000124e+02
3.653447999999999638e+02 3.970430700000000002e+02
3.626034999999999400e+02 3.964000500000000216e+02
3.600030399999999418e+02 3.952242800000000216e+02
3.576076099999999656e+02 3.934799000000000433e+02
3.554870399999999790e+02 3.911349800000000414e+02
3.538192799999999920e+02 3.887579100000000381e+02
3.525864500000000135e+02 3.861320700000000556e+02
3.518147000000000162e+02 3.833353500000000622e+02
3.515362600000000270e+02 3.804455700000000888e+02
3.515363100000000145e+02 3.804457899999999881e+02
