3.230721500000000219e+02 3.497122000000000526e+02
3.231851300000000151e+02 3.463456100000000788e+02
3.239443600000000174e+02 3.433276400000000876e+02
3.252679400000000101e+02 3.406670600000001059e+02
3.270740000000000123e+02 3.383783500000000686e+02
3.292786500000000274e+02 3.364760900000001129e+02
3.317980800000000272e+02 3.349709200000000919e+02
3.345503199999999993e+02 3.338754100000001017e+02
3.374535700000000134e+02 3.332041100000001279e+02
3.404239100000000349e+02 3.329675900000000865e+02
3.433775100000000293e+02 3.331803800000001274e+02
3.462343800000000442e+02 3.338553800000000820e+02
3.489106700000000387e+02 3.350030100000001312e+02
3.513226100000000542e+02 3.366397500000001628e+02
3.533882200000000466e+02 3.387763000000002194e+02
3.550237200000000257e+02 3.414252200000001949e+02
3.561470500000000357e+02 3.445990900000001602e+02
3.569829600000000482e+02 3.477408200000002125e+02
3.571493700000000331e+02 3.507548800000001847e+02
3.567165500000000407e+02 3.536033600000001798e+02
3.557483800000000542e+02 3.562543100000002028e+02
3.543148400000000606e+02 3.586738800000002243e+02
3.524839300000000435e+02 3.608280800000002273e+02
3.503197800000000370e+02 3.626850000000002296e+02
3.478923800000000597e+02 3.642087100000002238e+02
3.425118900000000508e+02 3.661249600000002147e+02
3.396929200000000719e+02 3.664498300000001905e+02
3.368807000000000471e+02 3.663094700000002035e+02
3.341393900000000485e+02 3.656664600000001997e+02
3.315389500000000567e+02 3.644907000000001744e+02
3.291435100000000489e+02 3.627463100000001646e+02
3.270229500000000371e+02 3.604013900000001627e+02
3.253552100000000564e+02 3.580243000000001530e+02
3.241223700000000463e+02 3.553984900000001517e+02
3.233506300000000238e+02 3.526017600000001266e+02
3.230721700000000283e+02 3.497119800000001533e+02
3.230721500000000219e+02 3.497122000000000526e+02
