2.638283900000000131e+02 2.854507800000000088e+02
2.639413700000000063e+02 2.820841699999999719e+02
2.647005900000000338e+02 2.790662099999999555e+02
2.660241800000000580e+02 2.764056499999999232e+02
2.678302200000000539e+02 2.741169299999999112e+02
2.700348700000000690e+02 2.722146799999999303e+02
2.725543100000000436e+02 2.707095199999998840e+02
2.753065500000000156e+02 2.696140099999998938e+02
2.782098000000000297e+02 2.689426999999999452e+02
2.811801400000000513e+02 2.687061699999999291e+02
2.841336900000000583e+02 2.689189799999999195e+02
2.869906100000000606e+02 2.695939799999998741e+02
2.896669100000000867e+02 2.707415999999998348e+02
2.920788500000001022e+02 2.723783499999998412e+02
2.941444500000001199e+02 2.745148899999998093e+02
2.957799100000001431e+02 2.771638199999997596e+02
2.969033200000001216e+02 2.803376799999997502e+02
2.977392000000000962e+02 2.834794199999997772e+02
2.979056100000000811e+02 2.864934599999997999e+02
2.974726900000000569e+02 2.893419299999998202e+02
2.965045000000000641e+02 2.919928999999998496e+02
2.950709700000000453e+02 2.944124699999998711e+02
2.932400700000000597e+02 2.965666599999998425e+02
2.910759300000000849e+02 2.984235899999998765e+02
2.886485100000001012e+02 2.999472999999999274e+02
2.832680300000001239e+02 3.018635499999999183e+02
2.804490700000001198e+02 3.021884199999999510e+02
2.776368800000001329e+02 3.020480399999999008e+02
2.748955700000001343e+02 3.014050499999998465e+02
2.722951200000001108e+02 3.002292599999998401e+02
2.698996400000000904e+02 2.984849299999998493e+02
2.677790700000001038e+02 2.961399599999998600e+02
2.661113400000000979e+02 2.937628699999999071e+02
2.648785000000000878e+02 2.911370499999999311e+02
2.641067600000000652e+02 2.883403799999999819e+02
2.638283200000000761e+02 2.854505599999999959e+02
2.638283900000000131e+02 2.854507800000000088e+02
