4.738085800000000063e+02 6.219460199999999759e+02
4.739294600000000059e+02 6.185796800000000530e+02
4.746957899999999881e+02 6.155635199999999259e+02
4.760255999999999972e+02 6.129060399999999618e+02
4.778369900000000143e+02 6.106215799999999945e+02
4.800461300000000051e+02 6.087245199999999841e+02
4.825690900000000170e+02 6.072252300000000105e+02
4.853239200000000437e+02 6.061362400000000434e+02
4.882287200000000666e+02 6.054717399999999543e+02
4.911995900000000574e+02 6.052424000000000888e+02
4.941526700000000574e+02 6.054623800000000529e+02
4.970079600000000823e+02 6.061440999999999804e+02
4.996815400000000977e+02 6.072979600000001028e+02
5.020896500000001197e+02 6.089404100000000426e+02
5.041502300000001355e+02 6.110817900000000691e+02
5.057794800000001487e+02 6.137345199999999750e+02
5.068953900000001340e+02 6.169110200000000077e+02
5.077239400000001410e+02 6.200547000000000253e+02
5.078835500000001275e+02 6.230691600000000108e+02
5.074440000000001305e+02 6.259165800000000672e+02
5.064695800000001213e+02 6.285652999999999793e+02
5.050303600000001438e+02 6.309815000000000964e+02
5.031944500000001312e+02 6.331313700000000608e+02
5.010259400000001051e+02 6.349832200000000739e+02
4.985949400000001219e+02 6.365012400000000525e+02
4.932099900000001185e+02 6.384048400000000356e+02
4.903902200000001130e+02 6.387228900000000067e+02
4.875783700000001204e+02 6.385761100000000852e+02
4.848386100000001306e+02 6.379266400000000203e+02
4.822409200000001306e+02 6.367448000000000548e+02
4.798495800000001168e+02 6.349948000000000548e+02
4.777345200000000887e+02 6.326448800000000574e+02
4.760723400000001106e+02 6.302639300000000731e+02
4.748456800000001294e+02 6.276351900000000796e+02
4.740805200000001491e+02 6.248367000000000644e+02
4.738088800000001584e+02 6.219462500000000773e+02
4.738085800000000063e+02 6.219460199999999759e+02
