4.672383699999999749e+02 5.087037700000000200e+02
4.673513499999999681e+02 5.053371600000000399e+02
4.681105899999999451e+02 5.023192400000000362e+02
4.694341599999999630e+02 4.996586300000000165e+02
4.712401799999999525e+02 4.973699200000000360e+02
4.734448699999999803e+02 4.954676500000000487e+02
4.759642799999999738e+02 4.939625000000000341e+02
4.787165699999999902e+02 4.928669900000000439e+02
4.816197999999999979e+02 4.921957200000000512e+02
4.845901400000000194e+02 4.919591900000000351e+02
4.875436900000000264e+02 4.921723800000000324e+02
4.904006000000000540e+02 4.928473300000000563e+02
4.930768900000000485e+02 4.939949600000000487e+02
4.954888500000000704e+02 4.956317400000000362e+02
4.975544600000000628e+02 4.977682300000000168e+02
4.991898900000000481e+02 5.004171800000000303e+02
5.003132900000000518e+02 5.035910300000000461e+02
5.011492100000000391e+02 5.067328000000000543e+02
5.013156200000000240e+02 5.097468200000000706e+02
5.008828000000000316e+02 5.125953000000000657e+02
4.999146000000000072e+02 5.152463099999999940e+02
4.984810600000000136e+02 5.176658700000000408e+02
4.966501700000000028e+02 5.198200300000000880e+02
4.944860400000000027e+02 5.216769500000000335e+02
4.920586299999999937e+02 5.232007000000000971e+02
4.866781300000000101e+02 5.251169200000000501e+02
4.838591600000000312e+02 5.254417700000001332e+02
4.810469700000000444e+02 5.253014100000000326e+02
4.783056700000000205e+02 5.246584100000001172e+02
4.757052300000000287e+02 5.234826300000001993e+02
4.733097300000000018e+02 5.217382900000001200e+02
4.711891899999999964e+02 5.193933300000001054e+02
4.695214399999999841e+02 5.170162500000001273e+02
4.682886100000000056e+02 5.143904300000001513e+02
4.675168500000000336e+02 5.115937500000001705e+02
4.672384100000000444e+02 5.087039300000001845e+02
4.672383699999999749e+02 5.087037700000000200e+02
