2.346970799999999997e+02 2.538325800000000072e+02
2.348100599999999929e+02 2.504659599999999955e+02
2.355693299999999795e+02 2.474480099999999538e+02
2.368928799999999910e+02 2.447874399999999468e+02
2.386989199999999869e+02 2.424987199999999348e+02
2.409035899999999799e+02 2.405964299999999412e+02
2.434230199999999797e+02 2.390912599999999202e+02
2.461753099999999677e+02 2.379957899999999427e+02
2.490785099999999659e+02 2.373244799999999941e+02
2.520488399999999558e+02 2.370879599999999527e+02
2.550024399999999503e+02 2.373011399999999185e+02
2.578593399999999747e+02 2.379761299999998982e+02
2.605356400000000008e+02 2.391237199999999348e+02
2.629475499999999784e+02 2.407605099999999538e+02
2.650131999999999834e+02 2.428970399999999472e+02
2.666486499999999751e+02 2.455459799999999859e+02
2.677720199999999977e+02 2.487198399999999765e+02
2.686079100000000039e+02 2.518615700000000288e+02
2.687743199999999888e+02 2.548755800000000136e+02
2.683414899999999648e+02 2.577240699999999833e+02
2.673733099999999467e+02 2.603750699999999370e+02
2.659397299999999404e+02 2.627946199999998953e+02
2.641088699999999676e+02 2.649488299999999299e+02
2.619447299999999927e+02 2.668057599999999638e+02
2.595172900000000027e+02 2.683294599999999264e+02
2.541368200000000002e+02 2.702457199999998920e+02
2.513178299999999865e+02 2.705705899999999247e+02
2.485056499999999744e+02 2.704301999999998998e+02
2.457643299999999726e+02 2.697871999999998707e+02
2.431638899999999808e+02 2.686114299999999275e+02
2.407684099999999887e+02 2.668670899999999619e+02
2.386478400000000022e+02 2.645221199999999726e+02
2.369800999999999931e+02 2.621450399999999945e+02
2.357472599999999829e+02 2.595192299999999932e+02
2.349755199999999888e+02 2.567225499999999556e+02
2.346970799999999997e+02 2.538327299999999696e+02
2.346970799999999997e+02 2.538325800000000072e+02
