4.976577800000000025e+02 5.416283100000000559e+02
4.977707599999999957e+02 5.382617099999999937e+02
4.985299899999999980e+02 5.352437400000000025e+02
4.998535400000000095e+02 5.325831699999999955e+02
5.016595800000000054e+02 5.302944499999999834e+02
5.038642399999999952e+02 5.283921900000000278e+02
5.063836900000000014e+02 5.268869799999999941e+02
5.091359699999999862e+02 5.257915299999999661e+02
5.120391799999999876e+02 5.251202200000000175e+02
5.150095499999999902e+02 5.248836899999998877e+02
5.179630999999999403e+02 5.250968699999999671e+02
5.208199699999998984e+02 5.257718700000000354e+02
5.234963099999998803e+02 5.269194899999999961e+02
5.259082499999998390e+02 5.285562400000000025e+02
5.279738599999998314e+02 5.306927699999999959e+02
5.296092999999998483e+02 5.333416999999999462e+02
5.307326899999998204e+02 5.365155700000000252e+02
5.315685799999997698e+02 5.396573300000000017e+02
5.317349799999997231e+02 5.426713600000000497e+02
5.313021499999997559e+02 5.455198399999999310e+02
5.303339799999997695e+02 5.481708300000000236e+02
5.289004299999998011e+02 5.505903599999999187e+02
5.270695299999997587e+02 5.527445199999999659e+02
5.249053899999997839e+02 5.546014900000000125e+02
5.224779599999998254e+02 5.561251999999999498e+02
5.170974799999997913e+02 5.580414399999999659e+02
5.142784999999997808e+02 5.583659399999999096e+02
5.114663099999997939e+02 5.582255699999999479e+02
5.087249899999998206e+02 5.575825499999999693e+02
5.061245499999998287e+02 5.564067900000000009e+02
5.037290899999998146e+02 5.546624499999999216e+02
5.016085399999998344e+02 5.523174799999999323e+02
4.999407699999998158e+02 5.499403899999999794e+02
4.987079299999998057e+02 5.473145799999999781e+02
4.979362199999998211e+02 5.445178999999999405e+02
4.976577799999998319e+02 5.416280799999999545e+02
4.976577800000000025e+02 5.416283100000000559e+02
