4.244061699999999746e+02 4.030351800000000253e+02
4.245191599999999994e+02 3.996685700000000452e+02
4.252783699999999953e+02 3.966506600000000731e+02
4.266019699999999943e+02 3.939900600000000850e+02
4.284080099999999902e+02 3.917013300000000982e+02
4.306126699999999801e+02 3.897990800000001173e+02
4.331320999999999799e+02 3.882939100000000963e+02
4.358843799999999646e+02 3.871984000000001060e+02
4.387875899999999660e+02 3.865271300000001133e+02
4.417579299999999876e+02 3.862906100000001288e+02
4.447115200000000073e+02 3.865037900000001514e+02
4.475683900000000222e+02 3.871787800000001312e+02
4.502447000000000230e+02 3.883263900000001172e+02
4.526566800000000512e+02 3.899631600000001299e+02
4.547222800000000689e+02 3.920997000000001549e+02
4.563577300000000605e+02 3.947485900000001493e+02
4.574811000000000831e+02 3.979224900000001526e+02
4.583170000000000641e+02 4.010642100000001733e+02
4.584834000000000742e+02 4.040782300000001896e+02
4.580505800000000818e+02 4.069267200000002163e+02
4.570824200000000701e+02 4.095777300000002015e+02
4.556488500000000954e+02 4.119972900000001914e+02
4.538179800000000910e+02 4.141514400000002070e+02
4.516538500000000909e+02 4.160083700000001841e+02
4.492263900000000945e+02 4.175321200000001909e+02
4.438459300000000667e+02 4.194483300000001691e+02
4.410269300000000499e+02 4.197732000000001449e+02
4.382147600000000693e+02 4.196328200000001516e+02
4.354734400000000960e+02 4.189898100000001477e+02
4.328730200000001105e+02 4.178140500000001225e+02
4.304775100000001089e+02 4.160697100000001001e+02
4.283569600000001287e+02 4.137247400000001107e+02
4.266892200000001480e+02 4.113476600000001326e+02
4.254563700000001631e+02 4.087218500000001313e+02
4.246846300000001406e+02 4.059251600000001190e+02
4.244062000000001262e+02 4.030353500000001077e+02
4.244061699999999746e+02 4.030351800000000253e+02
