4.537442399999999907e+02 4.352844799999999736e+02
4.538572199999999839e+02 4.319178799999999683e+02
4.546164799999999673e+02 4.288999499999999898e+02
4.559400099999999725e+02 4.262393399999999701e+02
4.577460699999999747e+02 4.239506399999999644e+02
4.599507299999999645e+02 4.220483799999999519e+02
4.624701699999999391e+02 4.205431999999999562e+02
4.652224599999999555e+02 4.194476999999999407e+02
4.681256599999999821e+02 4.187764399999999227e+02
4.710960000000000036e+02 4.185398999999999319e+02
4.740495799999999917e+02 4.187530799999999545e+02
4.769064799999999877e+02 4.194280499999999279e+02
4.795827800000000138e+02 4.205756799999999203e+02
4.819947300000000041e+02 4.222124499999999330e+02
4.840603500000000281e+02 4.243489999999999327e+02
4.856958000000000197e+02 4.269978799999999524e+02
4.868191700000000424e+02 4.301717499999999745e+02
4.876550600000000486e+02 4.333135199999999827e+02
4.878214700000000335e+02 4.363275299999999675e+02
4.873886400000000094e+02 4.391760199999999941e+02
4.864204599999999914e+02 4.418270200000000045e+02
4.849868799999999851e+02 4.442465900000000261e+02
4.831560099999999807e+02 4.464007300000000100e+02
4.809918799999999806e+02 4.482576700000000187e+02
4.785644299999999589e+02 4.497813800000000128e+02
4.731839599999999564e+02 4.516976300000000037e+02
4.703649799999999459e+02 4.520221200000000294e+02
4.675527999999999338e+02 4.518817300000000046e+02
4.648114799999999605e+02 4.512387400000000071e+02
4.622110499999999433e+02 4.500629799999999818e+02
4.598155599999999481e+02 4.483186299999999846e+02
4.576949899999999616e+02 4.459736599999999953e+02
4.560272599999999557e+02 4.435965899999999920e+02
4.547944199999999455e+02 4.409707700000000159e+02
4.540226699999999482e+02 4.381740800000000036e+02
4.537442099999999527e+02 4.352842600000000175e+02
4.537442399999999907e+02 4.352844799999999736e+02
