3.952549300000000017e+02 3.720463700000000244e+02
3.953679099999999949e+02 3.686797600000000443e+02
3.961271399999999971e+02 3.656618000000000279e+02
3.974507199999999898e+02 3.630011800000000335e+02
3.992567300000000046e+02 3.607124700000000530e+02
4.014614300000000071e+02 3.588102100000000405e+02
4.039808100000000195e+02 3.573050300000000448e+02
4.067331000000000358e+02 3.562095400000000609e+02
4.096363100000000372e+02 3.555382800000000429e+02
4.126066300000000524e+02 3.553017400000000521e+02
4.155602400000000785e+02 3.555145500000000425e+02
4.184171400000000745e+02 3.561895400000000222e+02
4.210934500000000753e+02 3.573371400000000335e+02
4.235054000000000656e+02 3.589739100000000462e+02
4.255710000000000832e+02 3.611104700000000207e+02
4.272064600000001064e+02 3.637593700000000467e+02
4.283298300000001291e+02 3.669332500000000437e+02
4.291657600000001480e+02 3.700749700000000644e+02
4.293321700000001329e+02 3.730890400000000682e+02
4.288993400000001088e+02 3.759375200000000632e+02
4.279311600000000908e+02 3.785884800000000610e+02
4.264976200000000972e+02 3.810080400000000509e+02
4.246667100000000801e+02 3.831622500000000286e+02
4.225025800000000800e+02 3.850191800000000057e+02
4.200751700000000710e+02 3.865428699999999935e+02
4.146946700000000874e+02 3.884591199999999844e+02
4.118756700000000706e+02 3.887836199999999849e+02
4.090634900000000584e+02 3.886432399999999916e+02
4.063221700000000851e+02 3.880002299999999877e+02
4.037217400000000680e+02 3.868245200000000068e+02
4.013262500000000728e+02 3.850801200000000222e+02
3.992057300000000737e+02 3.827351700000000392e+02
3.975379500000000803e+02 3.803581200000000422e+02
3.963051200000001018e+02 3.777323100000000409e+02
3.955334100000001172e+02 3.749355800000000158e+02
3.952549500000001217e+02 3.720458000000000425e+02
3.952549300000000017e+02 3.720463700000000244e+02
