5.986257399999999507e+02 5.931122199999999793e+02
5.987387199999999439e+02 5.897456199999999171e+02
5.994979399999999714e+02 5.867276500000000397e+02
6.008215299999999388e+02 5.840670900000000074e+02
6.026275799999999663e+02 5.817783600000000206e+02
6.048322099999999182e+02 5.798761200000000144e+02
6.073516699999998991e+02 5.783709100000000944e+02
6.101039199999999028e+02 5.772754400000001169e+02
6.130071699999998600e+02 5.766041700000000674e+02
6.159774999999998499e+02 5.763676500000001397e+02
6.189310499999998001e+02 5.765808200000001307e+02
6.217879599999997708e+02 5.772558200000000852e+02
6.244642599999997401e+02 5.784034700000000839e+02
6.268762199999997620e+02 5.800401800000000776e+02
6.289418199999997796e+02 5.821767400000001089e+02
6.305772599999997965e+02 5.848256499999999960e+02
6.317006499999997686e+02 5.879995300000000498e+02
6.325365799999997307e+02 5.911412900000000263e+02
6.327029799999996840e+02 5.941553300000000490e+02
6.322700499999996282e+02 5.970037899999999809e+02
6.313018699999996670e+02 5.996547400000000607e+02
6.298683199999996987e+02 6.020743100000000823e+02
6.280374199999996563e+02 6.042285200000001169e+02
6.258732999999996309e+02 6.060854400000000624e+02
6.234458499999996093e+02 6.076091400000000249e+02
6.180653799999996636e+02 6.095253900000000158e+02
6.152464299999996911e+02 6.098498800000000983e+02
6.124341999999996915e+02 6.097094900000000735e+02
6.096928899999996929e+02 6.090665000000001328e+02
6.070924599999997326e+02 6.078907500000000255e+02
6.046969999999997754e+02 6.061463900000001104e+02
6.025764499999997952e+02 6.038014200000001210e+02
6.009086799999997766e+02 6.014243500000001177e+02
5.996758199999998169e+02 5.987985400000001164e+02
5.989041199999998071e+02 5.960018500000001040e+02
5.986256699999997863e+02 5.931120300000001180e+02
5.986257399999999507e+02 5.931122199999999793e+02
