5.697941299999999956e+02 5.633848699999999781e+02
5.699071099999999888e+02 5.600182700000000295e+02
5.706663499999999658e+02 5.570002999999999247e+02
5.719898699999999963e+02 5.543397199999999430e+02
5.737959200000000237e+02 5.520509999999999309e+02
5.760005800000000136e+02 5.501487600000000384e+02
5.785200200000000450e+02 5.486435999999999922e+02
5.812723000000000866e+02 5.475480800000000272e+02
5.841755100000000311e+02 5.468767800000000534e+02
5.871458800000000338e+02 5.466402600000000120e+02
5.900994299999999839e+02 5.468534300000000030e+02
5.929562999999999420e+02 5.475284300000000712e+02
5.956326399999999239e+02 5.486760600000000068e+02
5.980445499999999583e+02 5.503127899999999499e+02
6.001101999999999634e+02 5.524493400000000065e+02
6.017456399999999803e+02 5.550982599999999820e+02
6.028690199999999777e+02 5.582721300000000610e+02
6.037049499999999398e+02 5.614139000000000124e+02
6.038713599999999815e+02 5.644279300000000603e+02
6.034384400000000142e+02 5.672763899999999921e+02
6.024702499999999645e+02 5.699273900000000594e+02
6.010367199999999457e+02 5.723469199999999546e+02
5.992058199999999033e+02 5.745011200000000144e+02
5.970416799999999284e+02 5.763580400000000736e+02
5.946142399999998815e+02 5.778817599999999857e+02
5.892337799999999106e+02 5.797980000000000018e+02
5.864148099999998749e+02 5.801224900000000844e+02
5.836025999999998248e+02 5.799821300000000974e+02
5.808612699999998767e+02 5.793391000000001441e+02
5.782608399999999165e+02 5.781633500000000367e+02
5.758653899999999339e+02 5.764189600000000837e+02
5.737447999999999411e+02 5.740740400000000818e+02
5.720770499999999856e+02 5.716969600000001037e+02
5.708442199999999502e+02 5.690711400000001277e+02
5.700725099999999657e+02 5.662744100000001026e+02
5.697940599999999449e+02 5.633846300000001293e+02
5.697941299999999956e+02 5.633848699999999781e+02
