4.439216400000000249e+02 5.902047700000000532e+02
4.440425100000000498e+02 5.868384100000000672e+02
4.448088400000000320e+02 5.838222600000000284e+02
4.461386400000000094e+02 5.811647900000000391e+02
4.479500300000000266e+02 5.788803199999999833e+02
4.501591900000000237e+02 5.769832300000000487e+02
4.526821400000000040e+02 5.754839799999999741e+02
4.554369599999999991e+02 5.743949800000000323e+02
4.583417600000000220e+02 5.737304800000000569e+02
4.613126200000000381e+02 5.735011300000001029e+02
4.642657100000000128e+02 5.737211100000000670e+02
4.671209900000000061e+02 5.744028000000000702e+02
4.697946299999999837e+02 5.755567000000000917e+02
4.722026899999999614e+02 5.771991100000000188e+02
4.742632799999999520e+02 5.793405099999999948e+02
4.758925099999999588e+02 5.819932300000000396e+02
4.770084399999999505e+02 5.851697400000000471e+02
4.778369899999999575e+02 5.883134400000001278e+02
4.779965899999999692e+02 5.913278700000000754e+02
4.775570499999999470e+02 5.941753200000000561e+02
4.765826299999999378e+02 5.968240200000000186e+02
4.751434199999999350e+02 5.992402300000001105e+02
4.733074699999999098e+02 6.013901200000000244e+02
4.711389899999999216e+02 6.032419100000000753e+02
4.687079699999999320e+02 6.047599500000001171e+02
4.633230399999999349e+02 6.066635499999999865e+02
4.605033099999999422e+02 6.069816100000000461e+02
4.576914699999999243e+02 6.068348100000000613e+02
4.549516399999999408e+02 6.061853800000001229e+02
4.523539599999999155e+02 6.050035400000000436e+02
4.499625699999999142e+02 6.032535500000000184e+02
4.478475599999999304e+02 6.009036200000000463e+02
4.461853899999999271e+02 5.985226300000000492e+02
4.449587199999999143e+02 5.958939199999999801e+02
4.441935699999999088e+02 5.930954100000000153e+02
4.439219299999999180e+02 5.902049899999999525e+02
4.439216400000000249e+02 5.902047700000000532e+02
