5.422350199999999631e+02 5.317745199999999386e+02
5.423479999999999563e+02 5.284079100000000153e+02
5.431072699999999713e+02 5.253899900000000116e+02
5.444308099999999513e+02 5.227293899999999667e+02
5.462368599999999788e+02 5.204406699999999546e+02
5.484415099999999939e+02 5.185384099999999989e+02
5.509609399999999368e+02 5.170332499999999527e+02
5.537131999999999152e+02 5.159377299999999877e+02
5.566164299999999230e+02 5.152664600000000519e+02
5.595867799999999761e+02 5.150299400000000105e+02
5.625403800000000274e+02 5.152431300000000647e+02
5.653972300000000359e+02 5.159181100000000697e+02
5.680735799999999927e+02 5.170657200000000557e+02
5.704854799999999386e+02 5.187024799999999232e+02
5.725510999999999058e+02 5.208390500000000429e+02
5.741865699999999606e+02 5.234879300000000057e+02
5.753099499999999580e+02 5.266618300000000090e+02
5.761458499999999958e+02 5.298035600000000613e+02
5.763122399999999743e+02 5.328175699999999324e+02
5.758794100000000071e+02 5.356660500000000411e+02
5.749112400000000207e+02 5.383170599999999695e+02
5.734776900000000524e+02 5.407366099999999278e+02
5.716468300000000227e+02 5.428907899999999245e+02
5.694826800000000731e+02 5.447477000000000089e+02
5.670552500000001146e+02 5.462714599999999336e+02
5.616747800000001689e+02 5.481876600000000508e+02
5.588558000000001584e+02 5.485121599999999944e+02
5.560436000000001968e+02 5.483717799999999443e+02
5.533022800000002235e+02 5.477287800000000288e+02
5.507018500000002632e+02 5.465530100000000857e+02
5.483063600000002680e+02 5.448086700000000064e+02
5.461858000000003130e+02 5.424636900000000423e+02
5.445180600000003324e+02 5.400866499999999633e+02
5.432852400000003854e+02 5.374608399999999619e+02
5.425134800000004134e+02 5.346641299999998864e+02
5.422350400000003674e+02 5.317742999999999256e+02
5.422350199999999631e+02 5.317745199999999386e+02
