4.817396800000000212e+02 4.684398699999999849e+02
4.818526600000000144e+02 4.650732600000000048e+02
4.826118700000000104e+02 4.620552999999999884e+02
4.839354600000000346e+02 4.593947200000000066e+02
4.857414500000000430e+02 4.571060100000000261e+02
4.879461300000000392e+02 4.552037500000000136e+02
4.904655600000000391e+02 4.536985599999999863e+02
4.932178500000000554e+02 4.526030900000000088e+02
4.961210900000000379e+02 4.519317700000000286e+02
4.990914200000000278e+02 4.516952500000000441e+02
5.020449800000000096e+02 4.519080600000000345e+02
5.049018900000000372e+02 4.525830500000000143e+02
5.075781900000000633e+02 4.537306500000000256e+02
5.099901100000000724e+02 4.553674100000000067e+02
5.120557400000001280e+02 4.575039600000000064e+02
5.136912000000000944e+02 4.601528900000000135e+02
5.148145700000001170e+02 4.633267500000000041e+02
5.156505000000000791e+02 4.664684900000000312e+02
5.158169000000000324e+02 4.694825400000000286e+02
5.153840800000000399e+02 4.723310200000000236e+02
5.144159000000000788e+02 4.749819899999999961e+02
5.129823700000000599e+02 4.774015499999999861e+02
5.111514600000000428e+02 4.795557599999999638e+02
5.089873100000000363e+02 4.814126799999999662e+02
5.065598700000000463e+02 4.829363899999999603e+02
5.011794100000000185e+02 4.848526399999999512e+02
4.983604400000000396e+02 4.851774999999999523e+02
4.955482700000000591e+02 4.850371299999999337e+02
4.928069600000000605e+02 4.843941199999999299e+02
4.902064800000000560e+02 4.832183999999999173e+02
4.878110300000000734e+02 4.814740099999999074e+02
4.856904700000000616e+02 4.791290399999999181e+02
4.840227300000000810e+02 4.767519999999998959e+02
4.827898900000000708e+02 4.741261899999998946e+02
4.820181500000000483e+02 4.713294699999999011e+02
4.817397000000000276e+02 4.684396899999999277e+02
4.817396800000000212e+02 4.684398699999999849e+02
