3.662457699999999932e+02 3.417141699999999673e+02
3.663587499999999864e+02 3.383475599999999304e+02
3.671179999999999950e+02 3.353295899999999392e+02
3.684415599999999813e+02 3.326690299999999070e+02
3.702475999999999772e+02 3.303803199999998697e+02
3.724522699999999986e+02 3.284780499999998256e+02
3.749716900000000237e+02 3.269728499999998803e+02
3.777239900000000148e+02 3.258773799999999028e+02
3.806272099999999909e+02 3.252060699999999542e+02
3.835975199999999745e+02 3.249695600000000013e+02
3.865511199999999690e+02 3.251827299999999923e+02
3.894079999999999586e+02 3.258577199999999721e+02
3.920843399999999406e+02 3.270053199999999833e+02
3.944962299999999686e+02 3.286420899999999392e+02
3.965618899999999485e+02 3.307786399999999958e+02
3.981973199999999338e+02 3.334275199999999586e+02
3.993207199999999375e+02 3.366014299999999366e+02
4.001565999999999121e+02 3.397431699999999637e+02
4.003229999999999222e+02 3.427572199999999611e+02
3.998901799999999298e+02 3.456056800000000067e+02
3.989219999999999118e+02 3.482566600000000108e+02
3.974884299999999371e+02 3.506762099999999691e+02
3.956575499999999579e+02 3.528304199999999469e+02
3.934934199999999578e+02 3.546873399999999492e+02
3.910659699999999361e+02 3.562110499999999433e+02
3.856854999999999336e+02 3.581272999999999342e+02
3.828665099999999484e+02 3.584517899999999599e+02
3.800543299999999363e+02 3.583114099999999667e+02
3.773130199999999377e+02 3.576684099999999944e+02
3.747125699999999142e+02 3.564926399999999944e+02
3.723170899999998937e+02 3.547482999999999720e+02
3.701965299999998820e+02 3.524033299999999826e+02
3.685287899999999013e+02 3.500262500000000045e+02
3.672959599999999227e+02 3.474004400000000032e+02
3.665242199999999002e+02 3.446037599999999657e+02
3.662457499999998731e+02 3.417139399999999796e+02
3.662457699999999932e+02 3.417141699999999673e+02
