3.348665399999999863e+02 3.095138399999999592e+02
3.349795199999999795e+02 3.061472499999999854e+02
3.357387299999999755e+02 3.031292799999999943e+02
3.370623199999999997e+02 3.004687000000000126e+02
3.388683700000000272e+02 2.981800000000000637e+02
3.410730300000000170e+02 2.962777000000000953e+02
3.435924300000000358e+02 2.947725200000000996e+02
3.463447100000000205e+02 2.936770700000000716e+02
3.492479600000000346e+02 2.930057600000001230e+02
3.522182900000000245e+02 2.927692300000001069e+02
3.551718600000000379e+02 2.929820300000001225e+02
3.580287400000000275e+02 2.936570300000000771e+02
3.607050500000000284e+02 2.948046400000000631e+02
3.631170100000000502e+02 2.964413900000000694e+02
3.651826000000000363e+02 2.985779400000001260e+02
3.668180600000000595e+02 3.012268700000000763e+02
3.679414300000000821e+02 3.044007300000000669e+02
3.687773700000000758e+02 3.075424600000001192e+02
3.689437800000000607e+02 3.105565300000000661e+02
3.685109500000000367e+02 3.134050000000000864e+02
3.675427500000000123e+02 3.160559500000000526e+02
3.661092100000000187e+02 3.184755300000000489e+02
3.642783100000000331e+02 3.206297200000000203e+02
3.621141800000000330e+02 3.224866500000000542e+02
3.596867300000000114e+02 3.240103600000001052e+02
3.543062699999999836e+02 3.259266100000000961e+02
3.514873000000000047e+02 3.262514700000000403e+02
3.486750900000000115e+02 3.261111000000000786e+02
3.459337600000000066e+02 3.254681000000000495e+02
3.433333299999999895e+02 3.242923400000000811e+02
3.409378699999999753e+02 3.225479900000000271e+02
3.388173199999999952e+02 3.202030399999999872e+02
3.371495800000000145e+02 3.178259500000000344e+02
3.359167500000000359e+02 3.152001400000000331e+02
3.351449900000000639e+02 3.124034400000000460e+02
3.348665600000000495e+02 3.095136300000000347e+02
3.348665399999999863e+02 3.095138399999999592e+02
