5.822827399999999898e+02 5.236616400000000340e+02
5.823957199999999830e+02 5.202950299999999970e+02
5.831549499999999853e+02 5.172770699999999806e+02
5.844785299999999779e+02 5.146165100000000621e+02
5.862845899999999801e+02 5.123277900000000500e+02
5.884891999999999825e+02 5.104255400000000122e+02
5.910086499999999887e+02 5.089203400000000101e+02
5.937609300000000303e+02 5.078248600000000010e+02
5.966641700000000128e+02 5.071535600000000272e+02
5.996345099999999775e+02 5.069170400000000427e+02
6.025880499999999529e+02 5.071302100000000337e+02
6.054449699999998984e+02 5.078052000000000135e+02
6.081212599999998929e+02 5.089528400000000374e+02
6.105332199999999148e+02 5.105895800000000122e+02
6.125988099999999577e+02 5.127261200000000372e+02
6.142342699999999240e+02 5.153750500000001011e+02
6.153576499999999214e+02 5.185489099999999780e+02
6.161935799999998835e+02 5.216906500000000051e+02
6.163599899999999252e+02 5.247046900000000278e+02
6.159270599999998694e+02 5.275531600000001617e+02
6.149588899999998830e+02 5.302041500000000269e+02
6.135253299999999399e+02 5.326236900000001242e+02
6.116944399999999860e+02 5.347779000000000451e+02
6.095303000000000111e+02 5.366348199999999906e+02
6.071028599999999642e+02 5.381585400000001300e+02
6.017224099999999680e+02 5.400747800000001462e+02
5.989034399999999323e+02 5.403992700000001150e+02
5.960912199999999075e+02 5.402588900000000649e+02
5.933498999999999342e+02 5.396159000000001242e+02
5.907494799999999486e+02 5.384401200000002063e+02
5.883540099999999029e+02 5.366957400000001144e+02
5.862334599999999227e+02 5.343508200000001125e+02
5.845656899999999041e+02 5.319737300000001596e+02
5.833328299999999444e+02 5.293479100000001836e+02
5.825611399999999094e+02 5.265512100000001965e+02
5.822826899999998886e+02 5.236614200000001347e+02
5.822827399999999898e+02 5.236616400000000340e+02
