6.137436199999999644e+02 5.546158399999999347e+02
6.138565999999999576e+02 5.512492199999999229e+02
6.146158299999999599e+02 5.482312600000000202e+02
6.159394099999999526e+02 5.455706999999999880e+02
6.177454599999999800e+02 5.432819799999999759e+02
6.199501400000000331e+02 5.413797199999999066e+02
6.224695600000000013e+02 5.398745299999999361e+02
6.252218199999999797e+02 5.387790599999999586e+02
6.281250599999999622e+02 5.381077399999999216e+02
6.310953799999999774e+02 5.378712199999999939e+02
6.340489400000000160e+02 5.380840100000000348e+02
6.369058599999999615e+02 5.387590099999999893e+02
6.395821599999999307e+02 5.399066100000000006e+02
6.419940899999999147e+02 5.415433699999999817e+02
6.440596999999999070e+02 5.436799300000000130e+02
6.456951899999999114e+02 5.463288399999999001e+02
6.468185299999998961e+02 5.495027299999999286e+02
6.476544599999998582e+02 5.526444500000000062e+02
6.478208599999998114e+02 5.556585099999999784e+02
6.473879399999998441e+02 5.585069299999998975e+02
6.464197599999998829e+02 5.611579099999999016e+02
6.449862199999998893e+02 5.635774599999999737e+02
6.431553099999998722e+02 5.657316599999999198e+02
6.409911799999998721e+02 5.675885999999999285e+02
6.385637799999998379e+02 5.691123000000000047e+02
6.331832699999998795e+02 5.710285599999999704e+02
6.303643099999999322e+02 5.713534199999999146e+02
6.275521199999999453e+02 5.712130499999999529e+02
6.248108299999998962e+02 5.705700799999999617e+02
6.222103799999998728e+02 5.693943099999999049e+02
6.198148799999999028e+02 5.676499300000000403e+02
6.176943399999998974e+02 5.653050000000000637e+02
6.160265899999999419e+02 5.629279200000000856e+02
6.147937599999999065e+02 5.603021000000001095e+02
6.140220099999999093e+02 5.575053800000000592e+02
6.137435599999998885e+02 5.546156399999999849e+02
6.137436199999999644e+02 5.546158399999999347e+02
