5.225727200000000039e+02 4.579315000000000282e+02
5.226856999999999971e+02 4.545649000000000228e+02
5.234449200000000246e+02 4.515469300000000317e+02
5.247684699999999793e+02 4.488863300000000436e+02
5.265745200000000068e+02 4.465976400000000694e+02
5.287792200000000093e+02 4.446953600000000506e+02
5.312986100000000533e+02 4.431901800000000549e+02
5.340509000000000697e+02 4.420946900000000710e+02
5.369541100000000142e+02 4.414234100000000467e+02
5.399244400000000041e+02 4.411869000000000369e+02
5.428780299999999670e+02 4.413996800000000462e+02
5.457348999999999251e+02 4.420746800000000576e+02
5.484112399999999070e+02 4.432222900000000436e+02
5.508231899999999541e+02 4.448590600000000563e+02
5.528887899999999718e+02 4.469955900000000497e+02
5.545242299999999886e+02 4.496444800000000441e+02
5.556476199999999608e+02 4.528183800000000474e+02
5.564835499999999229e+02 4.559601200000000745e+02
5.566499599999999646e+02 4.589741800000000467e+02
5.562170399999999972e+02 4.618226100000000542e+02
5.552488499999999476e+02 4.644736000000000331e+02
5.538153099999999540e+02 4.668931700000000546e+02
5.519844099999999116e+02 4.690473700000000576e+02
5.498202699999999368e+02 4.709042900000000600e+02
5.473928299999998899e+02 4.724280000000000541e+02
5.420123699999999189e+02 4.743442400000000703e+02
5.391933799999999337e+02 4.746687400000000707e+02
5.363811999999999216e+02 4.745283600000000774e+02
5.336398799999999483e+02 4.738853700000000799e+02
5.310394499999999880e+02 4.727096300000000610e+02
5.286439500000000180e+02 4.709652500000000828e+02
5.265234299999999621e+02 4.686203000000000998e+02
5.248556499999999687e+02 4.662432300000000964e+02
5.236228199999999333e+02 4.636174400000001015e+02
5.228510999999999740e+02 4.608207000000001017e+02
5.225726599999999280e+02 4.579309200000001283e+02
5.225727200000000039e+02 4.579315000000000282e+02
