4.938659000000000106e+02 4.270782699999999750e+02
4.939788800000000037e+02 4.237116699999999696e+02
4.947381000000000313e+02 4.206936899999999468e+02
4.960616800000000239e+02 4.180330899999999588e+02
4.978677400000000262e+02 4.157444099999999594e+02
5.000723900000000413e+02 4.138421599999999785e+02
5.025918100000000663e+02 4.123369599999999764e+02
5.053440800000000763e+02 4.112414399999999546e+02
5.082473400000000652e+02 4.105701799999999366e+02
5.112176600000000803e+02 4.103336699999999269e+02
5.141712100000000873e+02 4.105468299999999431e+02
5.170281200000000581e+02 4.112218299999999545e+02
5.197044200000000274e+02 4.123694299999999657e+02
5.221163400000000365e+02 4.140062099999999532e+02
5.241819700000000921e+02 4.161427499999999782e+02
5.258174200000000837e+02 4.187916699999999537e+02
5.269408100000000559e+02 4.219655299999999443e+02
5.277767300000000432e+02 4.251072699999999713e+02
5.279431500000000597e+02 4.281213199999999688e+02
5.275102200000000039e+02 4.309697899999999890e+02
5.265420400000000427e+02 4.336207699999999932e+02
5.251085000000000491e+02 4.360403299999999831e+02
5.232775900000000320e+02 4.381945299999999861e+02
5.211134600000000319e+02 4.400514499999999884e+02
5.186860100000000102e+02 4.415751500000000078e+02
5.133055500000000393e+02 4.434914100000000303e+02
5.104865900000000352e+02 4.438159000000000560e+02
5.076743700000000104e+02 4.436755300000000375e+02
5.049330600000000118e+02 4.430325200000000336e+02
5.023326200000000199e+02 4.418567800000000148e+02
4.999371700000000374e+02 4.401124100000000112e+02
4.978166100000000256e+02 4.377674499999999966e+02
4.961488700000000449e+02 4.353903999999999996e+02
4.949160300000000348e+02 4.327645800000000236e+02
4.941442900000000122e+02 4.299678600000000301e+02
4.938658399999999915e+02 4.270780700000000252e+02
4.938659000000000106e+02 4.270782699999999750e+02
