2.773256499999999960e+02 2.460157500000000255e+02
2.774386299999999892e+02 2.426491399999999885e+02
2.781978500000000167e+02 2.396312100000000100e+02
2.795214300000000094e+02 2.369706200000000536e+02
2.813274800000000369e+02 2.346819000000000415e+02
2.835321500000000583e+02 2.327796500000000606e+02
2.860515800000000581e+02 2.312744900000000143e+02
2.888038300000000618e+02 2.301789599999999609e+02
2.917070800000000759e+02 2.295076899999999114e+02
2.946774100000000658e+02 2.292711799999999585e+02
2.976310000000000855e+02 2.294839799999999741e+02
3.004878800000000751e+02 2.301589199999999664e+02
3.031641800000001012e+02 2.313065599999999904e+02
3.055761200000001168e+02 2.329433400000000347e+02
3.076417300000001092e+02 2.350798399999999901e+02
3.092772100000000819e+02 2.377287699999999404e+02
3.104006000000000540e+02 2.409026299999999310e+02
3.112364900000000603e+02 2.440444199999999455e+02
3.114028800000000388e+02 2.470584199999999555e+02
3.109700600000000463e+02 2.499068999999999505e+02
3.100018700000000536e+02 2.525579199999999673e+02
3.085683300000000600e+02 2.549774599999999509e+02
3.067374300000000744e+02 2.571316399999999476e+02
3.045732900000000996e+02 2.589885599999998931e+02
3.021458800000000906e+02 2.605122699999999440e+02
2.967653700000000754e+02 2.624285199999999350e+02
2.939464100000000712e+02 2.627533799999998791e+02
2.911342300000000591e+02 2.626130099999999175e+02
2.883928900000000795e+02 2.619700099999998884e+02
2.857924400000000560e+02 2.607942399999999452e+02
2.833970000000000482e+02 2.590498999999999796e+02
2.812764400000000364e+02 2.567049200000000155e+02
2.796087100000000305e+02 2.543278900000000249e+02
2.783758600000000456e+02 2.517020400000000109e+02
2.776041200000000231e+02 2.489053499999999985e+02
2.773256499999999960e+02 2.460155300000000125e+02
2.773256499999999960e+02 2.460157500000000255e+02
