6.429821299999999837e+02 5.885279199999999946e+02
6.430951099999999769e+02 5.851612900000000081e+02
6.438543700000000172e+02 5.821433700000000044e+02
6.451779099999999971e+02 5.794827900000000227e+02
6.469839699999999993e+02 5.771940799999999854e+02
6.491886299999999892e+02 5.752917899999999918e+02
6.517080700000000206e+02 5.737866200000000845e+02
6.544603000000000748e+02 5.726911500000001070e+02
6.573635600000001205e+02 5.720198400000000447e+02
6.603338900000001104e+02 5.717833100000000286e+02
6.632874700000000985e+02 5.719964899999999943e+02
6.661443400000000565e+02 5.726714900000000625e+02
6.688206800000000385e+02 5.738190900000000738e+02
6.712325900000000729e+02 5.754558600000000297e+02
6.732982400000000780e+02 5.775924000000001115e+02
6.749336700000001201e+02 5.802413300000000618e+02
6.760570700000000670e+02 5.834151800000001913e+02
6.768929600000000164e+02 5.865569200000002184e+02
6.770593700000000581e+02 5.895709600000002411e+02
6.766265400000000909e+02 5.924194700000001603e+02
6.756583800000000792e+02 5.950704200000002402e+02
6.742248400000000856e+02 5.974899800000001733e+02
6.723938900000000558e+02 5.996441800000002331e+02
6.702297600000000557e+02 6.015010800000002291e+02
6.678023700000001099e+02 6.030248100000001159e+02
6.624218900000000758e+02 6.049410800000001700e+02
6.596029000000000906e+02 6.052655500000001894e+02
6.567907100000001037e+02 6.051251900000002024e+02
6.540494000000001051e+02 6.044822200000002113e+02
6.514489700000001449e+02 6.033064500000002681e+02
6.490534800000001496e+02 6.015620700000001762e+02
6.469329100000001063e+02 5.992171500000001743e+02
6.452651700000001256e+02 5.968400600000002214e+02
6.440323300000001154e+02 5.942142500000002201e+02
6.432605900000000929e+02 5.914175300000001698e+02
6.429821500000000469e+02 5.885277500000001965e+02
6.429821299999999837e+02 5.885279199999999946e+02
