5.529587000000000216e+02 4.889217800000000125e+02
5.530716800000000148e+02 4.855551700000000324e+02
5.538309500000000298e+02 4.825372400000000539e+02
5.551544800000000350e+02 4.798766300000000342e+02
5.569605300000000625e+02 4.775879100000000221e+02
5.591651900000000524e+02 4.756856700000000160e+02
5.616846400000000585e+02 4.741805100000000266e+02
5.644369300000000749e+02 4.730850000000000364e+02
5.673401100000000952e+02 4.724137100000000373e+02
5.703104600000001483e+02 4.721772100000000592e+02
5.732640400000001364e+02 4.723903700000000754e+02
5.761209200000001829e+02 4.730653300000000741e+02
5.787972500000001901e+02 4.742129700000000980e+02
5.812091600000002245e+02 4.758497400000001107e+02
5.832748100000002296e+02 4.779863000000000852e+02
5.849102500000002465e+02 4.806351800000001049e+02
5.860336300000002439e+02 4.838090800000001082e+02
5.868695300000002817e+02 4.869508200000001352e+02
5.870359400000003234e+02 4.899648300000001200e+02
5.866031100000003562e+02 4.928133000000001402e+02
5.856349300000003950e+02 4.954643200000001571e+02
5.842013800000004267e+02 4.978838700000001722e+02
5.823704900000004727e+02 5.000380400000001941e+02
5.802063500000004979e+02 5.018949600000001965e+02
5.777789100000004510e+02 5.034187000000001717e+02
5.723984500000004800e+02 5.053349200000001815e+02
5.695794400000004316e+02 5.056597900000001573e+02
5.667672700000003942e+02 5.055194100000001640e+02
5.640259500000004209e+02 5.048764000000001602e+02
5.614255100000003722e+02 5.037006400000001349e+02
5.590300200000003770e+02 5.019563000000001125e+02
5.569095100000004095e+02 4.996113300000001232e+02
5.552417300000004161e+02 4.972342500000001451e+02
5.540089000000003807e+02 4.946084400000001438e+02
5.532371700000003329e+02 4.918117600000001630e+02
5.529587300000002870e+02 4.889219300000001454e+02
5.529587000000000216e+02 4.889217800000000125e+02
