4.658286699999999882e+02 3.943712300000000255e+02
4.659416499999999814e+02 3.910046200000000454e+02
4.667009199999999964e+02 3.879866500000000542e+02
4.680244700000000080e+02 3.853260900000000788e+02
4.698305200000000355e+02 3.830373800000000983e+02
4.720351800000000253e+02 3.811351200000000858e+02
4.745546000000000504e+02 3.796299600000000964e+02
4.773068900000000667e+02 3.785344400000000746e+02
4.802101100000000429e+02 3.778631800000000567e+02
4.831804200000000264e+02 3.776266500000000406e+02
4.861340200000000209e+02 3.778398400000000379e+02
4.889909300000000485e+02 3.785147800000000302e+02
4.916672500000000241e+02 3.796624300000000289e+02
4.940791900000000396e+02 3.812991500000000542e+02
4.961447900000000573e+02 3.834357000000000539e+02
4.977802300000000741e+02 3.860846200000000294e+02
4.989036100000000715e+02 3.892585100000000011e+02
4.997395000000000778e+02 3.924002600000000029e+02
4.999062900000000695e+02 3.954142899999999941e+02
4.994733600000000706e+02 3.982627600000000143e+02
4.985051800000000526e+02 4.009137499999999932e+02
4.970716400000000590e+02 4.033333200000000147e+02
4.952407400000000735e+02 4.054874900000000366e+02
4.930766000000000986e+02 4.073444000000000642e+02
4.906491900000000896e+02 4.088681100000000583e+02
4.852686900000001060e+02 4.107843500000000745e+02
4.824497000000001208e+02 4.111092300000000819e+02
4.796375100000001339e+02 4.109688500000000886e+02
4.768962000000001353e+02 4.103258500000001163e+02
4.742957600000001435e+02 4.091500900000000911e+02
4.719002800000001230e+02 4.074057400000000939e+02
4.697797400000001176e+02 4.050607900000001109e+02
4.681120100000001116e+02 4.026837000000001012e+02
4.668791300000000888e+02 4.000578800000001252e+02
4.661074400000001106e+02 3.972612000000001444e+02
4.658289800000001151e+02 3.943713800000001584e+02
4.658286699999999882e+02 3.943712300000000255e+02
