4.149141000000000190e+02 5.604572399999999561e+02
4.150349800000000187e+02 5.570909100000000080e+02
4.158013000000000261e+02 5.540747599999999693e+02
4.171311100000000351e+02 5.514172900000000936e+02
4.189425100000000270e+02 5.491328399999999874e+02
4.211516000000000304e+02 5.472357500000000528e+02
4.236745700000000170e+02 5.457364900000000034e+02
4.264294000000000437e+02 5.446474700000001121e+02
4.293342100000000414e+02 5.439830000000000609e+02
4.323050800000000322e+02 5.437536600000000817e+02
4.352581500000000574e+02 5.439736300000000710e+02
4.381134300000000508e+02 5.446553200000000743e+02
4.407870700000000284e+02 5.458092100000001210e+02
4.431951200000000313e+02 5.474516500000000860e+02
4.452557200000000535e+02 5.495930400000000873e+02
4.468849500000000603e+02 5.522457500000000437e+02
4.480009100000000331e+02 5.554222300000001269e+02
4.488294300000000590e+02 5.585659400000001824e+02
4.489890500000000770e+02 5.615803400000002057e+02
4.485494900000001053e+02 5.644278000000001612e+02
4.475751200000000836e+02 5.670765200000001869e+02
4.461358900000000745e+02 5.694926900000002661e+02
4.442999400000000492e+02 5.716425600000002305e+02
4.421314400000000546e+02 5.734943900000002941e+02
4.397004600000000778e+02 5.750124300000002222e+02
4.343154900000000680e+02 5.769160400000002937e+02
4.314957600000000753e+02 5.772340900000002648e+02
4.286839100000000826e+02 5.770872900000002801e+02
4.259441000000001054e+02 5.764378700000002027e+02
4.233464500000001181e+02 5.752559800000002497e+02
4.209550700000000916e+02 5.735060400000002119e+02
4.188400300000000698e+02 5.711561100000003535e+02
4.171778500000000918e+02 5.687751100000002680e+02
4.159511900000001106e+02 5.661464200000002620e+02
4.151860400000001050e+02 5.633479000000003225e+02
4.149143900000000826e+02 5.604574800000002597e+02
4.149141000000000190e+02 5.604572399999999561e+02
