3.186539300000000026e+02 2.375613499999999476e+02
3.187669099999999958e+02 2.341946999999998980e+02
3.195261499999999728e+02 2.311767799999998942e+02
3.208497199999999907e+02 2.285161699999998746e+02
3.226557300000000055e+02 2.262274699999999257e+02
3.248603899999999953e+02 2.243252199999999448e+02
3.273798199999999952e+02 2.228200299999999743e+02
3.301321100000000115e+02 2.217245399999999336e+02
3.330353499999999940e+02 2.210532699999998840e+02
3.360056799999999839e+02 2.208167299999998932e+02
3.389592399999999657e+02 2.210299099999998589e+02
3.418161599999999680e+02 2.217049099999998134e+02
3.444924499999999625e+02 2.228525199999997994e+02
3.469043999999999528e+02 2.244892899999997553e+02
3.489699999999999704e+02 2.266258299999997234e+02
3.506054499999999621e+02 2.292747099999996863e+02
3.517288199999999847e+02 2.324486099999996895e+02
3.525647599999999784e+02 2.355903499999997166e+02
3.527311599999999885e+02 2.386043599999997014e+02
3.522982399999999643e+02 2.414528299999997216e+02
3.513300499999999715e+02 2.441038299999996752e+02
3.498965099999999779e+02 2.465233899999997220e+02
3.480656299999999987e+02 2.486775899999996682e+02
3.459014700000000175e+02 2.505345199999997021e+02
3.434740500000000338e+02 2.520582299999997531e+02
3.380935800000000313e+02 2.539744799999997440e+02
3.352745800000000145e+02 2.542989699999997129e+02
3.324624000000000024e+02 2.541585899999996627e+02
3.297210699999999974e+02 2.535155899999996336e+02
3.271206399999999803e+02 2.523398299999996652e+02
3.247251899999999978e+02 2.505954899999996996e+02
3.226046299999999860e+02 2.482505299999996851e+02
3.209368900000000053e+02 2.458734399999997322e+02
3.197040200000000141e+02 2.432476299999997309e+02
3.189322999999999979e+02 2.404509299999997438e+02
3.186538699999999835e+02 2.375611199999997325e+02
3.186539300000000026e+02 2.375613499999999476e+02
