3.475441799999999830e+02 2.670881699999999910e+02
3.476571599999999762e+02 2.637215899999999920e+02
3.484163899999999785e+02 2.607036200000000008e+02
3.497399800000000027e+02 2.580430499999999938e+02
3.515460100000000239e+02 2.557543200000000070e+02
3.537506800000000453e+02 2.538520399999999881e+02
3.562700800000000640e+02 2.523468799999999419e+02
3.590223500000000740e+02 2.512514199999999391e+02
3.619256000000000881e+02 2.505800999999999021e+02
3.648959200000001033e+02 2.503435799999998608e+02
3.678494800000000851e+02 2.505567499999998518e+02
3.707064000000000874e+02 2.512317499999998063e+02
3.733826900000000819e+02 2.523793399999998428e+02
3.757946300000000974e+02 2.540161299999998619e+02
3.778602400000000898e+02 2.561526699999998300e+02
3.794956900000000815e+02 2.588015899999998055e+02
3.806190700000000788e+02 2.619754499999997961e+02
3.814549900000000662e+02 2.651171999999997979e+02
3.816214100000000826e+02 2.681312099999997827e+02
3.811884800000000837e+02 2.709796999999997524e+02
3.802202900000000909e+02 2.736306799999997565e+02
3.787867600000000721e+02 2.760502399999998033e+02
3.769558600000000865e+02 2.782044399999997495e+02
3.747917200000001117e+02 2.800613299999997707e+02
3.723643100000001027e+02 2.815850699999997460e+02
3.669838100000001191e+02 2.835013299999997116e+02
3.641648500000001150e+02 2.838258099999997057e+02
3.613526300000000901e+02 2.836854499999997188e+02
3.586113300000000663e+02 2.830424399999997149e+02
3.560109000000000492e+02 2.818666599999996834e+02
3.536154400000000351e+02 2.801222899999996798e+02
3.514948800000000233e+02 2.777773599999997032e+02
3.498271300000000110e+02 2.754002799999997251e+02
3.485943000000000325e+02 2.727744699999997238e+02
3.478225600000000099e+02 2.699777799999997114e+02
3.475441099999999892e+02 2.670879699999997001e+02
3.475441799999999830e+02 2.670881699999999910e+02
