3.760796000000000276e+02 3.001792199999999866e+02
3.761925800000000208e+02 2.968126099999999497e+02
3.769518000000000484e+02 2.937946499999999332e+02
3.782753900000000726e+02 2.911340499999998883e+02
3.800814400000001001e+02 2.888453599999999142e+02
3.822861000000000899e+02 2.869430999999999585e+02
3.848055200000001150e+02 2.854379000000000133e+02
3.875577700000001187e+02 2.843423900000000231e+02
3.904610300000001075e+02 2.836711199999999735e+02
3.934313600000000974e+02 2.834345999999999322e+02
3.963849400000000855e+02 2.836474099999999225e+02
3.992418100000001004e+02 2.843223999999999023e+02
4.019181100000001265e+02 2.854699899999999388e+02
4.043300700000001484e+02 2.871067799999999579e+02
4.063956700000001661e+02 2.892433099999999513e+02
4.080311700000001451e+02 2.918922099999999773e+02
4.091545000000001551e+02 2.950661099999999806e+02
4.099904300000001740e+02 2.982078400000000329e+02
4.101568400000001589e+02 3.012218900000000303e+02
4.097240100000001348e+02 3.040703700000000254e+02
4.087558300000001168e+02 3.067213500000000295e+02
4.073222800000000916e+02 3.091408999999999878e+02
4.054913900000000808e+02 3.112950999999999340e+02
4.033272600000000807e+02 3.131520299999999679e+02
4.008998500000000718e+02 3.146757400000000189e+02
3.955193400000000565e+02 3.165919900000000098e+02
3.927003900000000840e+02 3.169168600000000424e+02
3.898881600000000844e+02 3.167764799999999923e+02
3.871468400000001111e+02 3.161334699999999884e+02
3.845464100000000940e+02 3.149576999999999316e+02
3.821509500000000799e+02 3.132133699999999408e+02
3.800304000000000997e+02 3.108683899999999767e+02
3.783626600000001190e+02 3.084913199999999733e+02
3.771298200000001088e+02 3.058654999999999973e+02
3.763580700000001116e+02 3.030688199999999597e+02
3.760796400000000972e+02 3.001789899999999989e+02
3.760796000000000276e+02 3.001792199999999866e+02
