4.050980500000000006e+02 3.312430900000000520e+02
4.052110299999999938e+02 3.278764900000001035e+02
4.059702399999999898e+02 3.248585600000001250e+02
4.072938199999999824e+02 3.221979500000001053e+02
4.090998700000000099e+02 3.199092400000000680e+02
4.113045299999999997e+02 3.180069900000000871e+02
4.138239599999999996e+02 3.165018200000000661e+02
4.165762199999999780e+02 3.154063200000000506e+02
4.194794699999999921e+02 3.147350400000000263e+02
4.224497599999999693e+02 3.144985199999999850e+02
4.254033399999999574e+02 3.147116899999999760e+02
4.282602399999999534e+02 3.153867000000000189e+02
4.309365399999999795e+02 3.165342900000000554e+02
4.333484799999999950e+02 3.181710600000000113e+02
4.354140899999999874e+02 3.203075999999999794e+02
4.370495799999999917e+02 3.229564799999999423e+02
4.381729500000000144e+02 3.261303899999999203e+02
4.390088400000000206e+02 3.292721299999999474e+02
4.391752600000000371e+02 3.322861499999999069e+02
4.387423300000000381e+02 3.351346099999999524e+02
4.377741500000000201e+02 3.377856199999999944e+02
4.363406200000000013e+02 3.402051800000000412e+02
4.345097099999999841e+02 3.423593400000000884e+02
4.323455799999999840e+02 3.442162700000001223e+02
4.299181600000000003e+02 3.457400100000000975e+02
4.245376800000000230e+02 3.476562200000000757e+02
4.217187000000000126e+02 3.479807200000000194e+02
4.189065100000000257e+02 3.478403500000000577e+02
4.161651900000000524e+02 3.471973300000000791e+02
4.135647500000000605e+02 3.460216200000000981e+02
4.111693100000000527e+02 3.442772300000001451e+02
4.090487500000000409e+02 3.419322700000001305e+02
4.073810000000000286e+02 3.395552200000000767e+02
4.061481700000000501e+02 3.369294100000000753e+02
4.053764200000000528e+02 3.341326800000000503e+02
4.050979700000000321e+02 3.312429000000000769e+02
4.050980500000000006e+02 3.312430900000000520e+02
