6.828099200000000337e+02 5.758779600000000300e+02
6.829229000000000269e+02 5.725112999999998920e+02
6.836821700000000419e+02 5.694933799999998882e+02
6.850057600000000093e+02 5.668327999999999065e+02
6.868117700000000241e+02 5.645440599999999449e+02
6.890164399999999887e+02 5.626418300000000272e+02
6.915358800000000201e+02 5.611366599999998925e+02
6.942881600000000617e+02 5.600411599999999908e+02
6.971913600000000315e+02 5.593698799999999665e+02
7.001616999999999962e+02 5.591333599999999251e+02
7.031152899999999590e+02 5.593465499999999793e+02
7.059722399999999425e+02 5.600214999999999463e+02
7.086485399999999117e+02 5.611691799999998693e+02
7.110604899999999589e+02 5.628058799999998882e+02
7.131260899999999765e+02 5.649423799999999574e+02
7.147615399999999681e+02 5.675913499999999203e+02
7.158849099999999908e+02 5.707652399999999489e+02
7.167208100000000286e+02 5.739069399999999632e+02
7.168872000000000071e+02 5.769209599999999227e+02
7.164542800000000398e+02 5.797694199999999682e+02
7.154861400000000913e+02 5.824204199999999219e+02
7.140526000000000977e+02 5.848399899999999434e+02
7.122216900000000805e+02 5.869941599999999653e+02
7.100575600000000804e+02 5.888511499999999614e+02
7.076301200000000335e+02 5.903747900000000755e+02
7.022496100000000752e+02 5.922910799999999654e+02
6.994306200000000899e+02 5.926155800000000227e+02
6.966184300000001031e+02 5.924751899999999978e+02
6.938771200000001045e+02 5.918321499999999560e+02
6.912766800000000558e+02 5.906564200000000255e+02
6.888811900000000605e+02 5.889120800000000600e+02
6.867606300000001056e+02 5.865671099999999569e+02
6.850928900000001249e+02 5.841900299999999788e+02
6.838600600000000895e+02 5.815642199999999775e+02
6.830883100000000923e+02 5.787675200000001041e+02
6.828098600000000715e+02 5.758777000000000044e+02
6.828099200000000337e+02 5.758779600000000300e+02
