6.252808400000000120e+02 5.138951999999999316e+02
6.253938299999999799e+02 5.105285900000000083e+02
6.261530500000000075e+02 5.075106200000000172e+02
6.274766399999999749e+02 5.048500500000000102e+02
6.292826999999999771e+02 5.025613400000000297e+02
6.314873099999999795e+02 5.006590900000000488e+02
6.340067400000000362e+02 4.991538800000000720e+02
6.367590200000000777e+02 4.980584200000000692e+02
6.396622300000000223e+02 4.973871100000000638e+02
6.426326000000000249e+02 4.971505800000000477e+02
6.455861700000000383e+02 4.973637400000000639e+02
6.484430700000000343e+02 4.980387600000000816e+02
6.511193600000000288e+02 4.991863900000000740e+02
6.535313100000000759e+02 5.008231300000000488e+02
6.555969200000000683e+02 5.029596700000000737e+02
6.572323700000000599e+02 5.056085900000000493e+02
6.583557400000000825e+02 5.087824500000000398e+02
6.591916700000000446e+02 5.119242000000000417e+02
6.593580800000000863e+02 5.149382500000000391e+02
6.589251600000001190e+02 5.177867100000000846e+02
6.579569800000001578e+02 5.204376800000000003e+02
6.565234400000001642e+02 5.228572400000000471e+02
6.546925400000001218e+02 5.250114399999999932e+02
6.525284100000001217e+02 5.268683699999999135e+02
6.501009500000001253e+02 5.283920699999999897e+02
6.447205000000001291e+02 5.303083400000000438e+02
6.419015200000001187e+02 5.306328100000000632e+02
6.390893200000001571e+02 5.304924499999999625e+02
6.363480000000001837e+02 5.298494399999999587e+02
6.337475600000001350e+02 5.286736700000000155e+02
6.313521200000001272e+02 5.269292900000000373e+02
6.292315600000001723e+02 5.245843600000000606e+02
6.275637800000001789e+02 5.222072900000000573e+02
6.263309300000001940e+02 5.195814600000001064e+02
6.255592300000001842e+02 5.167847500000000309e+02
6.252807900000001382e+02 5.138949800000000323e+02
6.252808400000000120e+02 5.138951999999999316e+02
