6.555649100000000544e+02 5.449614199999999755e+02
6.556778900000000476e+02 5.415948200000000270e+02
6.564371200000000499e+02 5.385768599999998969e+02
6.577606900000000678e+02 5.359162799999999152e+02
6.595667300000001205e+02 5.336275699999999915e+02
6.617714000000000851e+02 5.317253100000000359e+02
6.642908400000001166e+02 5.302201099999999769e+02
6.670430900000001202e+02 5.291246399999999994e+02
6.699463300000001027e+02 5.284533300000000509e+02
6.729166600000000926e+02 5.282168199999999842e+02
6.758702200000001312e+02 5.284296099999999115e+02
6.787271300000001020e+02 5.291045999999998912e+02
6.814034400000000460e+02 5.302522099999998773e+02
6.838153900000000931e+02 5.318889699999999721e+02
6.858809800000001360e+02 5.340255299999998897e+02
6.875164400000001024e+02 5.366744399999998905e+02
6.886398100000001250e+02 5.398483199999998305e+02
6.894757400000000871e+02 5.429900899999998956e+02
6.896421500000001288e+02 5.460041099999998551e+02
6.892093200000001616e+02 5.488525799999999890e+02
6.882411300000001120e+02 5.515035499999999047e+02
6.868076000000000931e+02 5.539231099999999515e+02
6.849766900000000760e+02 5.560773099999998976e+02
6.828125600000000759e+02 5.579342499999999063e+02
6.803851500000000669e+02 5.594579999999998563e+02
6.750046400000001086e+02 5.613741999999999734e+02
6.721856900000001360e+02 5.616990699999998924e+02
6.693735100000001239e+02 5.615586999999998170e+02
6.666321800000001758e+02 5.609157199999998511e+02
6.640317500000002156e+02 5.597399199999998700e+02
6.616362700000001951e+02 5.579955799999997907e+02
6.595157100000002401e+02 5.556506499999998141e+02
6.578479600000002847e+02 5.532735699999998360e+02
6.566151300000002493e+02 5.506477499999998599e+02
6.558433800000002520e+02 5.478510399999998981e+02
6.555649300000002313e+02 5.449612499999998363e+02
6.555649100000000544e+02 5.449614199999999755e+02
