5.067307000000000130e+02 3.861928199999999833e+02
5.068436800000000062e+02 3.828262199999999780e+02
5.076029199999999832e+02 3.798082499999999868e+02
5.089264599999999632e+02 3.771476799999999798e+02
5.107325099999999907e+02 3.748589599999999677e+02
5.129371700000000374e+02 3.729567099999999868e+02
5.154565999999999804e+02 3.714515299999999911e+02
5.182088899999999967e+02 3.703560400000000072e+02
5.211120899999999665e+02 3.696847300000000018e+02
5.240824299999999312e+02 3.694481999999999857e+02
5.270360199999998940e+02 3.696610000000000014e+02
5.298929399999998395e+02 3.703360000000000127e+02
5.325692299999998340e+02 3.714836400000000367e+02
5.349811399999998685e+02 3.731203600000000620e+02
5.370467999999998483e+02 3.752569200000000365e+02
5.386822299999998904e+02 3.779058300000000372e+02
5.398056199999998626e+02 3.810797000000000594e+02
5.406415099999998120e+02 3.842214600000000360e+02
5.408079099999997652e+02 3.872355100000000334e+02
5.403750899999997728e+02 3.900839700000000221e+02
5.394069099999998116e+02 3.927349600000000009e+02
5.379733699999998180e+02 3.951545300000000225e+02
5.361424699999997756e+02 3.973087000000000444e+02
5.339783299999998007e+02 3.991656300000000215e+02
5.315508799999997791e+02 4.006893300000000409e+02
5.261704199999998082e+02 4.026055700000000570e+02
5.233514199999998482e+02 4.029304500000000644e+02
5.205392399999998361e+02 4.027900800000000459e+02
5.177979299999998375e+02 4.021470600000000672e+02
5.151974899999997888e+02 4.009713100000000736e+02
5.128019799999998440e+02 3.992269600000000764e+02
5.106814799999998513e+02 3.968819300000000680e+02
5.090137199999998643e+02 3.945048300000000836e+02
5.077808599999998478e+02 3.918790200000000823e+02
5.070091499999998632e+02 3.890823400000001016e+02
5.067306999999998425e+02 3.861925200000001155e+02
5.067307000000000130e+02 3.861928199999999833e+02
