3.302169099999999844e+02 1.945555799999999635e+02
3.303298899999999776e+02 1.911889699999999266e+02
3.310891599999999926e+02 1.881710099999999102e+02
3.324126999999999725e+02 1.855104399999999032e+02
3.342187500000000000e+02 1.832217199999998911e+02
3.364234099999999899e+02 1.813194599999999355e+02
3.389428499999999644e+02 1.798142599999999902e+02
3.416950899999999365e+02 1.787187900000000127e+02
3.445983299999999190e+02 1.780475199999999631e+02
3.475686799999999153e+02 1.778109999999999218e+02
3.505222599999999034e+02 1.780241899999999760e+02
3.533791199999998867e+02 1.786991299999999683e+02
3.560554799999998750e+02 1.798467600000000175e+02
3.584673799999998778e+02 1.814835000000000491e+02
3.605329699999998638e+02 1.836200400000000172e+02
3.621684599999998682e+02 1.862689800000000560e+02
3.632918399999998655e+02 1.894428400000000465e+02
3.641277299999998718e+02 1.925846099999999979e+02
3.642941399999998566e+02 1.955986299999999574e+02
3.638612099999998577e+02 1.984470900000000029e+02
3.628930199999998649e+02 2.010980700000000070e+02
3.614594899999998461e+02 2.035176699999999528e+02
3.596286299999998732e+02 2.056718199999999115e+02
3.574644899999998984e+02 2.075287499999999454e+02
3.550370599999998831e+02 2.090524699999999712e+02
3.496565999999998553e+02 2.109687000000000126e+02
3.468375999999998385e+02 2.112931999999999562e+02
3.440254099999998516e+02 2.111528099999999313e+02
3.412840999999998530e+02 2.105098099999999022e+02
3.386836499999998296e+02 2.093340499999999338e+02
3.362881699999998091e+02 2.075897099999999682e+02
3.341676099999997973e+02 2.052447499999999536e+02
3.324998599999997850e+02 2.028676699999999755e+02
3.312670299999998065e+02 2.002418400000000247e+02
3.304952799999998092e+02 1.974451599999999871e+02
3.302168399999998201e+02 1.945553400000000011e+02
3.302169099999999844e+02 1.945555799999999635e+02
