3.598399299999999812e+02 2.278844000000000278e+02
3.599529099999999744e+02 2.245177499999999782e+02
3.607121499999999514e+02 2.214998199999999997e+02
3.620357199999999693e+02 2.188392199999999548e+02
3.638417199999999525e+02 2.165504899999999679e+02
3.660463899999999740e+02 2.146482499999999618e+02
3.685658199999999738e+02 2.131431000000000040e+02
3.713181099999999901e+02 2.120475800000000390e+02
3.742213499999999726e+02 2.113762900000000400e+02
3.771916799999999625e+02 2.111397699999999986e+02
3.801452399999999443e+02 2.113529499999999643e+02
3.830021499999999719e+02 2.120279499999999189e+02
3.856784499999999980e+02 2.131755599999999049e+02
3.880903999999999883e+02 2.148123199999998860e+02
3.901560000000000059e+02 2.169488799999999173e+02
3.917914499999999975e+02 2.195977699999999686e+02
3.929148200000000202e+02 2.227716599999999971e+02
3.937507500000000391e+02 2.259133900000000494e+02
3.939171700000000556e+02 2.289274599999999964e+02
3.934842500000000314e+02 2.317758800000000292e+02
3.925160600000000386e+02 2.344269000000000460e+02
3.910825200000000450e+02 2.368464300000000549e+02
3.892516300000000342e+02 2.390006600000000390e+02
3.870874800000000278e+02 2.408575799999999845e+02
3.846600600000000441e+02 2.423812900000000354e+02
3.792795900000000415e+02 2.442975300000000516e+02
3.764605900000000247e+02 2.446220200000000204e+02
3.736484000000000378e+02 2.444816500000000588e+02
3.709070800000000645e+02 2.438386300000000801e+02
3.683066500000000474e+02 2.426628800000000865e+02
3.659111900000000333e+02 2.409185400000001209e+02
3.637906400000000531e+02 2.385735700000001316e+02
3.621228600000000597e+02 2.361964800000001787e+02
3.608900300000000811e+02 2.335706700000001774e+02
3.601183100000000650e+02 2.307739800000001651e+02
3.598398800000000506e+02 2.278841700000001538e+02
3.598399299999999812e+02 2.278844000000000278e+02
