3.890380799999999795e+02 2.599056799999999612e+02
3.891510599999999727e+02 2.565391099999999369e+02
3.899102899999999750e+02 2.535211499999999205e+02
3.912338799999999992e+02 2.508605799999999135e+02
3.930399300000000267e+02 2.485718299999998635e+02
3.952445900000000165e+02 2.466695799999998826e+02
3.977639800000000037e+02 2.451644099999998616e+02
4.005162700000000200e+02 2.440689499999998588e+02
4.034195100000000025e+02 2.433976299999998218e+02
4.063898500000000240e+02 2.431610999999998057e+02
4.093434000000000310e+02 2.433742899999998599e+02
4.122003000000000270e+02 2.440492799999998397e+02
4.148766100000000279e+02 2.451968799999998510e+02
4.172885600000000181e+02 2.468336499999998068e+02
4.193541600000000358e+02 2.489701999999998634e+02
4.209896100000000274e+02 2.516191199999998389e+02
4.221129900000000248e+02 2.547929799999998295e+02
4.229489200000000437e+02 2.579347199999998566e+02
4.231153200000000538e+02 2.609487299999998413e+02
4.226824900000000298e+02 2.637972599999998238e+02
4.217143100000000118e+02 2.664482199999998784e+02
4.202807700000000182e+02 2.688677699999998367e+02
4.184498600000000010e+02 2.710219799999998713e+02
4.162857300000000009e+02 2.728788699999998926e+02
4.138583300000000236e+02 2.744026099999998678e+02
4.084778100000000336e+02 2.763188599999998587e+02
4.056588700000000358e+02 2.766433499999998276e+02
4.028466500000000110e+02 2.765029699999997774e+02
4.001053300000000377e+02 2.758599699999997483e+02
3.975048900000000458e+02 2.746841999999996915e+02
3.951094300000000317e+02 2.729398599999997259e+02
3.929888800000000515e+02 2.705948899999997366e+02
3.913211400000000708e+02 2.682178099999997585e+02
3.900883100000000923e+02 2.655920099999997319e+02
3.893165600000000950e+02 2.627953199999997196e+02
3.890381100000000743e+02 2.599054999999997335e+02
3.890380799999999795e+02 2.599056799999999612e+02
