4.181438999999999737e+02 2.922076399999999694e+02
4.182568799999999669e+02 2.888410299999999324e+02
4.190161099999999692e+02 2.858230599999999413e+02
4.203396599999999808e+02 2.831624599999998964e+02
4.221457100000000082e+02 2.808737899999998717e+02
4.243503600000000233e+02 2.789714899999999034e+02
4.268697900000000232e+02 2.774663299999998571e+02
4.296220600000000331e+02 2.763708199999998669e+02
4.325252900000000409e+02 2.756995399999998426e+02
4.354956100000000561e+02 2.754630299999998897e+02
4.384492000000000758e+02 2.756758199999999306e+02
4.413060600000000591e+02 2.763508199999998851e+02
4.439824100000000726e+02 2.774984199999998964e+02
4.463943600000000629e+02 2.791351799999998775e+02
4.484599700000000553e+02 2.812717399999999088e+02
4.500954100000000722e+02 2.839205999999999221e+02
4.512187800000000948e+02 2.870945199999998749e+02
4.520546900000001074e+02 2.902362499999999272e+02
4.522210900000001175e+02 2.932503099999998994e+02
4.517882600000000934e+02 2.960987899999998945e+02
4.508200800000000754e+02 2.987497499999999491e+02
4.493865000000000691e+02 3.011693099999999959e+02
4.475556300000000647e+02 3.033235099999999420e+02
4.453915000000000646e+02 3.051804499999999507e+02
4.429640500000000429e+02 3.067041699999999764e+02
4.375835800000000404e+02 3.086204099999999926e+02
4.347645900000000552e+02 3.089452499999999873e+02
4.319524100000000431e+02 3.088048999999999751e+02
4.292111000000000445e+02 3.081618700000000217e+02
4.266106700000000274e+02 3.069861200000000281e+02
4.242151800000000321e+02 3.052417699999999741e+02
4.220946400000000267e+02 3.028968099999999595e+02
4.204269000000000460e+02 3.005197299999999814e+02
4.191940400000000295e+02 2.978939199999999801e+02
4.184223100000000386e+02 2.950972399999999425e+02
4.181438600000000179e+02 2.922074199999999564e+02
4.181438999999999737e+02 2.922076399999999694e+02
