5.382588100000000395e+02 4.205195800000000190e+02
5.383717900000000327e+02 4.171529700000000389e+02
5.391310100000000602e+02 4.141350000000000477e+02
5.404545900000000529e+02 4.114744300000000408e+02
5.422606500000000551e+02 4.091857300000000350e+02
5.444653000000000702e+02 4.072834700000000225e+02
5.469847000000000889e+02 4.057782700000000204e+02
5.497369800000001305e+02 4.046827600000000302e+02
5.526402400000001762e+02 4.040114800000000059e+02
5.556105700000001661e+02 4.037749699999999962e+02
5.585641300000002047e+02 4.039881300000000124e+02
5.614210300000002007e+02 4.046631300000000238e+02
5.640973300000001700e+02 4.058107300000000350e+02
5.665092900000001919e+02 4.074475100000000225e+02
5.685748700000001463e+02 4.095840600000000222e+02
5.702103400000002011e+02 4.122329799999999977e+02
5.713337100000002238e+02 4.154068399999999883e+02
5.721696400000001859e+02 4.185485899999999901e+02
5.723360400000001391e+02 4.215626300000000128e+02
5.719032100000001719e+02 4.244111100000000079e+02
5.709350200000001223e+02 4.270620799999999804e+02
5.695014800000001287e+02 4.294816399999999703e+02
5.676705700000001116e+02 4.316358399999999733e+02
5.655064400000001115e+02 4.334927699999999504e+02
5.630790000000000646e+02 4.350164699999999698e+02
5.576985400000000936e+02 4.369327299999999923e+02
5.548795700000000579e+02 4.372575899999999933e+02
5.520673600000000079e+02 4.371172100000000000e+02
5.493260500000000093e+02 4.364742100000000278e+02
5.467256099999999606e+02 4.352984900000000152e+02
5.443301500000000033e+02 4.335541000000000054e+02
5.422095900000000483e+02 4.312091300000000160e+02
5.405418600000000424e+02 4.288320899999999938e+02
5.393090200000000323e+02 4.262062799999999925e+02
5.385372800000000097e+02 4.234095499999999674e+02
5.382588399999999638e+02 4.205197799999999688e+02
5.382588100000000395e+02 4.205195800000000190e+02
