3.542800899999999729e+02 4.971047500000000241e+02
3.544009699999999725e+02 4.937384300000000508e+02
3.551672699999999736e+02 4.907222700000000373e+02
3.564970799999999826e+02 4.880647900000000163e+02
3.583084799999999746e+02 4.857803000000000111e+02
3.605176199999999653e+02 4.838832300000000259e+02
3.630405899999999519e+02 4.823839800000000082e+02
3.657954099999999471e+02 4.812949600000000032e+02
3.687002099999999700e+02 4.806304900000000089e+02
3.716710799999999608e+02 4.804011500000000296e+02
3.746241399999999544e+02 4.806211300000000506e+02
3.774794799999999668e+02 4.813028100000000222e+02
3.801530699999999570e+02 4.824567000000000121e+02
3.825611299999999346e+02 4.840991200000000276e+02
3.846217599999999379e+02 4.862404900000000225e+02
3.862510099999999511e+02 4.888932400000000484e+02
3.873668799999999237e+02 4.920697500000000559e+02
3.881954399999999055e+02 4.952134300000000735e+02
3.883550299999998856e+02 4.982278700000000526e+02
3.879154799999998886e+02 5.010753200000000334e+02
3.869410799999998858e+02 5.037240300000000275e+02
3.855018399999999019e+02 5.061402000000000498e+02
3.836658999999999082e+02 5.082900800000000459e+02
3.814974299999998948e+02 5.101419200000000274e+02
3.790664299999999116e+02 5.116599600000000123e+02
3.736814499999999271e+02 5.135635500000000775e+02
3.708617199999999343e+02 5.138816100000000233e+02
3.680498599999999101e+02 5.137348200000000134e+02
3.653100499999999329e+02 5.130853799999999865e+02
3.627123999999999455e+02 5.119035099999999829e+02
3.603210099999999443e+02 5.101535599999999704e+02
3.582059699999999225e+02 5.078036199999999667e+02
3.565438299999999003e+02 5.054226399999999444e+02
3.553171199999998748e+02 5.027939199999999573e+02
3.545519699999998693e+02 4.999954299999999421e+02
3.542803399999998533e+02 4.971049499999999171e+02
3.542800899999999729e+02 4.971047500000000241e+02
