5.662352100000000519e+02 4.496696699999999964e+02
5.663481900000000451e+02 4.463030600000000163e+02
5.671074100000000726e+02 4.432851100000000315e+02
5.684310000000000400e+02 4.406245000000000118e+02
5.702370100000000548e+02 4.383358200000000124e+02
5.724417100000000573e+02 4.364335500000000252e+02
5.749611000000001013e+02 4.349283500000000231e+02
5.777134000000000924e+02 4.338328500000000076e+02
5.806166000000000622e+02 4.331615699999999833e+02
5.835869300000000521e+02 4.329250499999999988e+02
5.865405200000000150e+02 4.331382300000000214e+02
5.893974299999999857e+02 4.338132200000000012e+02
5.920737199999999802e+02 4.349608299999999872e+02
5.944856700000000274e+02 4.365975899999999683e+02
5.965512899999999945e+02 4.387341399999999680e+02
5.981867300000000114e+02 4.413830399999999941e+02
5.993101000000000340e+02 4.445569299999999657e+02
6.001460400000000845e+02 4.476986599999999612e+02
6.003124500000001262e+02 4.507127199999999334e+02
5.998795200000000705e+02 4.535611999999999284e+02
5.989113500000000840e+02 4.562121499999999514e+02
5.974778100000000904e+02 4.586317199999999730e+02
5.956469100000000481e+02 4.607859199999999760e+02
5.934827700000000732e+02 4.626428399999999783e+02
5.910553600000000642e+02 4.641665600000000040e+02
5.856748600000000806e+02 4.660828000000000202e+02
5.828558500000000322e+02 4.664072900000000459e+02
5.800436900000000833e+02 4.662669100000000526e+02
5.773023700000001099e+02 4.656239100000000803e+02
5.747019400000001497e+02 4.644481800000000931e+02
5.723064500000001544e+02 4.627038000000001148e+02
5.701859300000000985e+02 4.603588400000001002e+02
5.685181400000001304e+02 4.579817800000000716e+02
5.672853000000001202e+02 4.553559800000000450e+02
5.665136000000001104e+02 4.525592500000000200e+02
5.662351400000001149e+02 4.496694700000000466e+02
5.662352100000000519e+02 4.496696699999999964e+02
