4.764013899999999921e+02 3.534515999999999849e+02
4.765143699999999853e+02 3.500849799999999732e+02
4.772735799999999813e+02 3.470670199999999568e+02
4.785971399999999676e+02 3.444064499999999498e+02
4.804031899999999951e+02 3.421177500000000009e+02
4.826078499999999849e+02 3.402155099999999948e+02
4.851272799999999847e+02 3.387102899999999863e+02
4.878795700000000011e+02 3.376148200000000088e+02
4.907827800000000025e+02 3.369435100000000602e+02
4.937531099999999924e+02 3.367069900000000189e+02
4.967066899999999805e+02 3.369201600000000099e+02
4.995635699999999702e+02 3.375951499999999896e+02
5.022399099999999521e+02 3.387427599999999757e+02
5.046518599999999424e+02 3.403795299999999315e+02
5.067174699999999348e+02 3.425160799999999881e+02
5.083529099999999517e+02 3.451649999999999636e+02
5.094762899999999490e+02 3.483388599999999542e+02
5.103121799999999553e+02 3.514806099999999560e+02
5.104789599999999723e+02 3.544946499999999787e+02
5.100461299999999483e+02 3.573431299999999737e+02
5.090779499999999302e+02 3.599940999999999462e+02
5.076444199999999114e+02 3.624136499999999614e+02
5.058135099999998943e+02 3.645678699999999708e+02
5.036493699999999194e+02 3.664247899999999731e+02
5.012219299999999294e+02 3.679484999999999673e+02
4.958414599999999268e+02 3.698647499999999582e+02
4.930224699999999416e+02 3.701896199999999340e+02
4.902102899999999295e+02 3.700492499999999154e+02
4.874689799999999309e+02 3.694062299999999368e+02
4.848685399999999390e+02 3.682303899999999430e+02
4.824730499999999438e+02 3.664860099999999647e+02
4.803525299999999447e+02 3.641410499999999502e+02
4.786847499999999513e+02 3.617639999999999532e+02
4.774519099999999412e+02 3.591381799999999771e+02
4.766802099999999314e+02 3.563414699999999584e+02
4.764017499999999359e+02 3.534516899999999850e+02
4.764013899999999921e+02 3.534515999999999849e+02
