6.970636299999999892e+02 5.356873199999999997e+02
6.971766099999999824e+02 5.323207099999999627e+02
6.979358300000000099e+02 5.293027400000000853e+02
6.992594300000000658e+02 5.266421800000000530e+02
7.010654800000000932e+02 5.243534700000000157e+02
7.032701300000001083e+02 5.224512100000000601e+02
7.057896000000000640e+02 5.209460100000001148e+02
7.085418500000000677e+02 5.198505400000001373e+02
7.114451100000001134e+02 5.191792300000000751e+02
7.144154200000001538e+02 5.189427000000000589e+02
7.173689800000001924e+02 5.191558800000000247e+02
7.202259000000001379e+02 5.198308800000000929e+02
7.229022000000001071e+02 5.209784800000001042e+02
7.253141300000000911e+02 5.226152400000000853e+02
7.273797400000000835e+02 5.247517900000000282e+02
7.290152000000000498e+02 5.274007100000001174e+02
7.301385700000000725e+02 5.305745800000000827e+02
7.309745000000000346e+02 5.337163500000001477e+02
7.311409100000000763e+02 5.367303700000001072e+02
7.307079900000001089e+02 5.395788300000001527e+02
7.297398000000000593e+02 5.422297900000000936e+02
7.283062700000000405e+02 5.446493500000001404e+02
7.264753500000000486e+02 5.468035600000000613e+02
7.243112100000000737e+02 5.486605000000000700e+02
7.218837700000000268e+02 5.501842000000001462e+02
7.165033100000000559e+02 5.521004100000000108e+02
7.136843000000000075e+02 5.524249000000000933e+02
7.108721900000000460e+02 5.522845200000001569e+02
7.081308099999999968e+02 5.516415300000001025e+02
7.055303800000000365e+02 5.504657900000000836e+02
7.031348800000000665e+02 5.487214000000001306e+02
7.010143200000001116e+02 5.463764900000001035e+02
6.993465500000000930e+02 5.439994000000000369e+02
6.981137100000000828e+02 5.413735900000000356e+02
6.973420100000000730e+02 5.385769099999999980e+02
6.970635700000000270e+02 5.356870900000001257e+02
6.970636299999999892e+02 5.356873199999999997e+02
