4.916029700000000275e+02 3.152497899999999618e+02
4.917159500000000207e+02 3.118831799999999248e+02
4.924751700000000483e+02 3.088652199999999084e+02
4.937987500000000409e+02 3.062046399999999267e+02
4.956048100000000431e+02 3.039159399999999778e+02
4.978094600000000582e+02 3.020136699999999337e+02
5.003288700000000517e+02 3.005084999999999127e+02
5.030811500000000365e+02 2.994129999999998972e+02
5.059844000000000506e+02 2.987417199999998729e+02
5.089547200000000657e+02 2.985052099999999200e+02
5.119082600000000411e+02 2.987180099999999356e+02
5.147651799999999866e+02 2.993929499999999280e+02
5.174414799999999559e+02 3.005405999999999267e+02
5.198534199999999146e+02 3.021773399999999583e+02
5.219190299999999070e+02 3.043138799999999264e+02
5.235544899999998734e+02 3.069628099999998767e+02
5.246778699999998707e+02 3.101366699999998673e+02
5.255137999999998328e+02 3.132784299999998439e+02
5.256801999999997861e+02 3.162924599999998918e+02
5.252473699999998189e+02 3.191409399999998868e+02
5.242791799999997693e+02 3.217918999999999414e+02
5.228456399999997757e+02 3.242114999999998872e+02
5.210147499999998217e+02 3.263656699999999091e+02
5.188506199999998216e+02 3.282225899999998546e+02
5.164231999999998379e+02 3.297462999999999056e+02
5.110426999999998543e+02 3.316625399999999217e+02
5.082237399999998502e+02 3.319874199999999291e+02
5.054115199999998254e+02 3.318470499999999674e+02
5.026702399999998079e+02 3.312040299999999888e+02
5.000698099999997908e+02 3.300282700000000204e+02
4.976743199999997955e+02 3.282838900000000422e+02
4.955537599999997838e+02 3.259389600000000655e+02
4.938860299999997778e+02 3.235618700000001127e+02
4.926531799999997929e+02 3.209360700000000861e+02
4.918814399999997704e+02 3.181393400000000611e+02
4.916029999999997813e+02 3.152495700000000625e+02
4.916029700000000275e+02 3.152497899999999618e+02
