5.186231699999999591e+02 3.460542699999999741e+02
5.187361499999999523e+02 3.426876599999999371e+02
5.194953699999999799e+02 3.396696899999999459e+02
5.208189599999999473e+02 3.370091299999999137e+02
5.226249799999999368e+02 3.347204199999998764e+02
5.248296799999999394e+02 3.328181599999999207e+02
5.273491099999998823e+02 3.313129499999998870e+02
5.301013599999998860e+02 3.302174799999999095e+02
5.330045999999998685e+02 3.295461699999999610e+02
5.359749399999998332e+02 3.293096600000000080e+02
5.389284799999998086e+02 3.295224600000000237e+02
5.417853899999997793e+02 3.301974400000000287e+02
5.444616899999997486e+02 3.313450400000000400e+02
5.468736399999997957e+02 3.329818200000000843e+02
5.489392499999997881e+02 3.351183700000001409e+02
5.505746899999998050e+02 3.377672800000001416e+02
5.516980699999998023e+02 3.409411500000001070e+02
5.525339999999997644e+02 3.440829300000001467e+02
5.527004099999998061e+02 3.470969400000001315e+02
5.522675799999998389e+02 3.499454300000001012e+02
5.512993999999998778e+02 3.525964300000001117e+02
5.498658499999999094e+02 3.550159400000001142e+02
5.480349599999999555e+02 3.571701500000000919e+02
5.458708299999999554e+02 3.590270700000000943e+02
5.434434299999999212e+02 3.605507900000001200e+02
5.380629199999999628e+02 3.624670400000001109e+02
5.352439200000000028e+02 3.627918900000001372e+02
5.324317399999999907e+02 3.626515300000001503e+02
5.296904299999999921e+02 3.620085200000001464e+02
5.270899899999999434e+02 3.608327600000001212e+02
5.246945299999999861e+02 3.590883800000001429e+02
5.225739800000000059e+02 3.567434500000001663e+02
5.209062400000000252e+02 3.543663700000001882e+02
5.196734000000000151e+02 3.517405500000002121e+02
5.189016500000000178e+02 3.489438800000002630e+02
5.186232099999999718e+02 3.460540500000003021e+02
5.186231699999999591e+02 3.460542699999999741e+02
