4.623811400000000162e+02 2.831456699999999955e+02
4.624941200000000094e+02 2.797790599999999586e+02
4.632533500000000117e+02 2.767611299999999801e+02
4.645769400000000360e+02 2.741005199999999604e+02
4.663830000000000382e+02 2.718118200000000115e+02
4.685876500000000533e+02 2.699095600000000559e+02
4.711070800000000531e+02 2.684044000000000096e+02
4.738593300000000568e+02 2.673088900000000194e+02
4.767625800000000709e+02 2.666376099999999951e+02
4.797329100000000608e+02 2.664011000000000422e+02
4.826864700000000425e+02 2.666138900000000831e+02
4.855433700000000385e+02 2.672888900000000376e+02
4.882196700000000646e+02 2.684364900000000489e+02
4.906316200000000549e+02 2.700732500000000300e+02
4.926972300000000473e+02 2.722098100000000613e+02
4.943327200000000516e+02 2.748587200000000621e+02
4.954560900000000743e+02 2.780325900000000274e+02
4.962919900000000553e+02 2.811743200000000797e+02
4.964583800000000338e+02 2.841883800000000520e+02
4.960255500000000097e+02 2.870368600000000470e+02
4.950573600000000170e+02 2.896878200000001016e+02
4.936238200000000234e+02 2.921073700000000599e+02
4.917929300000000126e+02 2.942615700000000061e+02
4.896287800000000061e+02 2.961185199999999895e+02
4.872013400000000161e+02 2.976422300000000405e+02
4.818208799999999883e+02 2.995584700000000566e+02
4.790018799999999715e+02 2.998833200000000261e+02
4.761896999999999593e+02 2.997429700000000139e+02
4.734483899999999608e+02 2.990999400000000605e+02
4.708479499999999689e+02 2.979241900000000669e+02
4.684524499999999421e+02 2.961798100000000886e+02
4.663318999999999619e+02 2.938348800000001120e+02
4.646641599999999812e+02 2.914577900000001591e+02
4.634313300000000027e+02 2.888319900000001326e+02
4.626596200000000181e+02 2.860352600000001075e+02
4.623811699999999973e+02 2.831454800000001342e+02
4.623811400000000162e+02 2.831456699999999955e+02
