6.373407499999999573e+02 4.744084599999999909e+02
6.374537299999999505e+02 4.710418599999999856e+02
6.382129599999999527e+02 4.680239399999999819e+02
6.395365399999999454e+02 4.653633199999999874e+02
6.413425799999999981e+02 4.630746100000000069e+02
6.435472499999999627e+02 4.611723499999999945e+02
6.460666799999999057e+02 4.596671799999999735e+02
6.488189599999999473e+02 4.585716699999999832e+02
6.517221699999998918e+02 4.579003700000000094e+02
6.546925099999998565e+02 4.576638500000000249e+02
6.576461099999999078e+02 4.578766500000000406e+02
6.605029799999998659e+02 4.585516400000000203e+02
6.631792799999998351e+02 4.596992900000000191e+02
6.655912199999997938e+02 4.613360100000000443e+02
6.676568299999997862e+02 4.634725600000000441e+02
6.692923099999998158e+02 4.661214900000000512e+02
6.704156899999998132e+02 4.692953500000000417e+02
6.712515799999997625e+02 4.724371100000000183e+02
6.714179799999997158e+02 4.754511500000000410e+02
6.709851599999997234e+02 4.782996200000000613e+02
6.700169599999996990e+02 4.809506200000000717e+02
6.685834299999996801e+02 4.833701500000000806e+02
6.667525299999996378e+02 4.855243500000000836e+02
6.645883799999996882e+02 4.873812800000000607e+02
6.621609799999996540e+02 4.889050300000000675e+02
6.567804799999996703e+02 4.908212300000000710e+02
6.539615099999996346e+02 4.911461000000000467e+02
6.511493399999995972e+02 4.910057300000000282e+02
6.484080299999995987e+02 4.903627200000000244e+02
6.458075799999995752e+02 4.891869500000000244e+02
6.434120899999995800e+02 4.874426000000000272e+02
6.412915399999995998e+02 4.850976400000000126e+02
6.396237899999996444e+02 4.827205600000000345e+02
6.383909599999996090e+02 4.800947500000000332e+02
6.376192099999996117e+02 4.772980500000000461e+02
6.373407699999995657e+02 4.744082400000000348e+02
6.373407499999999573e+02 4.744084599999999909e+02
