6.690619500000000244e+02 5.042642599999999788e+02
6.691749399999999923e+02 5.008976399999999671e+02
6.699341899999999441e+02 4.978796799999999507e+02
6.712577399999998988e+02 4.952191099999999437e+02
6.730637699999998631e+02 4.929304099999999380e+02
6.752684399999998277e+02 4.910281499999999255e+02
6.777878699999998844e+02 4.895229899999999361e+02
6.805401599999999007e+02 4.884274799999999459e+02
6.834433699999998453e+02 4.877562099999999532e+02
6.864136899999998604e+02 4.875196799999999371e+02
6.893672899999999117e+02 4.877328599999999597e+02
6.922241499999998950e+02 4.884078099999999836e+02
6.949005099999999402e+02 4.895554599999999823e+02
6.973124099999998862e+02 4.911921800000000076e+02
6.993780499999999165e+02 4.933287300000000073e+02
7.010134899999999334e+02 4.959776499999999828e+02
7.021368699999999308e+02 4.991515099999999734e+02
7.029727699999999686e+02 5.022932999999999879e+02
7.031391800000000103e+02 5.053072999999999979e+02
7.027063500000000431e+02 5.081557900000000245e+02
7.017382000000000062e+02 5.108067500000000223e+02
7.003046699999999873e+02 5.132263400000000502e+02
6.984737599999999702e+02 5.153805200000000468e+02
6.963096299999999701e+02 5.172374400000001060e+02
6.938821799999999484e+02 5.187611500000000433e+02
6.885017100000000028e+02 5.206774100000000089e+02
6.856827100000000428e+02 5.210018800000000283e+02
6.828705500000000939e+02 5.208615200000001551e+02
6.801292200000001458e+02 5.202185100000001512e+02
6.775287900000001855e+02 5.190427400000000944e+02
6.751333000000001903e+02 5.172984100000001035e+02
6.730127400000002353e+02 5.149534300000000258e+02
6.713450000000002547e+02 5.125763500000000477e+02
6.701121600000002445e+02 5.099505400000001032e+02
6.693404200000002220e+02 5.071538700000000972e+02
6.690619800000001760e+02 5.042640500000001111e+02
6.690619500000000244e+02 5.042642599999999788e+02
