3.251847000000000207e+02 4.649581099999999765e+02
3.253055800000000204e+02 4.615917599999999652e+02
3.260718899999999962e+02 4.585756299999999896e+02
3.274016899999999737e+02 4.559181499999999687e+02
3.292130999999999972e+02 4.536336599999999635e+02
3.314222399999999880e+02 4.517365999999999531e+02
3.339451999999999998e+02 4.502373399999999606e+02
3.367000300000000266e+02 4.491483199999999556e+02
3.396048300000000495e+02 4.484838099999999486e+02
3.425756900000000655e+02 4.482544799999999441e+02
3.455287700000000655e+02 4.484744599999999650e+02
3.483840500000000588e+02 4.491561699999999746e+02
3.510576800000000617e+02 4.503100599999999645e+02
3.534657400000000393e+02 4.519524399999999673e+02
3.555263400000000615e+02 4.540938499999999749e+02
3.571555800000000431e+02 4.567466000000000008e+02
3.582715000000000600e+02 4.599230900000000020e+02
3.591000500000000670e+02 4.630667799999999943e+02
3.592596500000000788e+02 4.660812199999999734e+02
3.588201000000000818e+02 4.689286499999999478e+02
3.578456900000001042e+02 4.715773599999999419e+02
3.564065000000001078e+02 4.739935699999999201e+02
3.545705300000001330e+02 4.761434499999999161e+02
3.524020500000001448e+02 4.779952899999998976e+02
3.499710400000001300e+02 4.795133099999998763e+02
3.445861100000001329e+02 4.814169299999998657e+02
3.417663300000001527e+02 4.817349699999998620e+02
3.389544800000001601e+02 4.815881799999998520e+02
3.362147000000001640e+02 4.809386999999998693e+02
3.336170100000001639e+02 4.797568799999998532e+02
3.312256300000001374e+02 4.780068899999998280e+02
3.291106100000001220e+02 4.756569599999998559e+02
3.274484400000001187e+02 4.732760099999998715e+02
3.262217400000001248e+02 4.706472799999998529e+02
3.254565800000001445e+02 4.678487599999998565e+02
3.251849500000001285e+02 4.649583199999998442e+02
3.251847000000000207e+02 4.649581099999999765e+02
