5.802318800000000465e+02 4.072201600000000212e+02
5.803448600000000397e+02 4.038535500000000411e+02
5.811040900000000420e+02 4.008355800000000499e+02
5.824276700000000346e+02 3.981750400000000241e+02
5.842337200000000621e+02 3.958863100000000372e+02
5.864383700000000772e+02 3.939840600000000563e+02
5.889578100000001086e+02 3.924788600000000542e+02
5.917100600000001123e+02 3.913833800000000451e+02
5.946133000000000948e+02 3.907120800000000713e+02
5.975836300000000847e+02 3.904755600000000868e+02
6.005372400000001107e+02 3.906883700000000772e+02
6.033941000000000940e+02 3.913633500000000822e+02
6.060704500000000507e+02 3.925109800000000746e+02
6.084823600000000852e+02 3.941477100000000746e+02
6.105479500000001281e+02 3.962842600000000743e+02
6.121834400000001324e+02 3.989331800000000499e+02
6.133068200000001298e+02 4.021070400000000404e+02
6.141427100000000792e+02 4.052487900000000423e+02
6.143091200000001209e+02 4.082628400000000397e+02
6.138762900000001537e+02 4.111113000000000284e+02
6.129080600000002050e+02 4.137622900000000072e+02
6.114745200000002114e+02 4.161818499999999972e+02
6.096436200000001691e+02 4.183360500000000002e+02
6.074794800000001942e+02 4.201929700000000025e+02
6.050520800000001600e+02 4.217166900000000282e+02
5.996716000000001259e+02 4.236329400000000192e+02
5.968526100000001406e+02 4.239577900000000454e+02
5.940404300000001285e+02 4.238174100000000522e+02
5.912991200000001299e+02 4.231744400000000610e+02
5.886986700000001065e+02 4.219986900000000674e+02
5.863031800000001112e+02 4.202543100000000891e+02
5.841826300000001311e+02 4.179093800000001124e+02
5.825148800000001756e+02 4.155323000000001343e+02
5.812820500000001402e+02 4.129064800000001583e+02
5.805103000000001430e+02 4.101097500000001332e+02
5.802318600000000970e+02 4.072199800000001346e+02
5.802318800000000465e+02 4.072201600000000212e+02
