5.489883899999999812e+02 3.755153700000000185e+02
5.491013699999999744e+02 3.721487500000000068e+02
5.498605999999999767e+02 3.691308000000000220e+02
5.511841399999999567e+02 3.664701900000000023e+02
5.529901800000000094e+02 3.641814699999999903e+02
5.551948399999999992e+02 3.622792200000000093e+02
5.577142800000000307e+02 3.607740499999999884e+02
5.604665700000000470e+02 3.596785499999999729e+02
5.633697700000000168e+02 3.590072699999999486e+02
5.663401000000000067e+02 3.587707599999999388e+02
5.692937100000000328e+02 3.589835499999999229e+02
5.721505600000000413e+02 3.596585299999999279e+02
5.748268699999999853e+02 3.608061299999999392e+02
5.772388099999999440e+02 3.624429199999999582e+02
5.793044599999999491e+02 3.645794599999999832e+02
5.809399099999999407e+02 3.672283999999999651e+02
5.820632799999999634e+02 3.704022499999999809e+02
5.828991699999999128e+02 3.735439900000000080e+02
5.830655799999999545e+02 3.765580400000000054e+02
5.826327599999999620e+02 3.794065200000000004e+02
5.816645599999999376e+02 3.820574899999999730e+02
5.802310299999999188e+02 3.844770499999999629e+02
5.784001299999998764e+02 3.866312499999999659e+02
5.762359799999999268e+02 3.884881699999999682e+02
5.738085799999998926e+02 3.900118899999999940e+02
5.684281199999999217e+02 3.919281399999999849e+02
5.656091199999999617e+02 3.922530099999999607e+02
5.627969399999999496e+02 3.921126299999999674e+02
5.600556299999999510e+02 3.914696599999999762e+02
5.574551999999999907e+02 3.902938999999999510e+02
5.550597099999999955e+02 3.885495099999999411e+02
5.529391399999999521e+02 3.862045799999999645e+02
5.512713999999999714e+02 3.838274999999999864e+02
5.500385599999999613e+02 3.812016899999999850e+02
5.492668599999999515e+02 3.784049699999999916e+02
5.489884099999999307e+02 3.755151900000000182e+02
5.489883899999999812e+02 3.755153700000000185e+02
