4.023534799999999905e+02 2.184184199999999691e+02
4.024664599999999837e+02 2.150518099999999322e+02
4.032256899999999860e+02 2.120338399999999410e+02
4.045492399999999975e+02 2.093732699999999340e+02
4.063552999999999997e+02 2.070845499999999220e+02
4.085599399999999832e+02 2.051822999999999411e+02
4.110793899999999894e+02 2.036770899999999074e+02
4.138316699999999742e+02 2.025816199999999299e+02
4.167348799999999756e+02 2.019103199999999561e+02
4.197052099999999655e+02 2.016737899999999399e+02
4.226587899999999536e+02 2.018865899999999556e+02
4.255156299999999305e+02 2.025615799999999354e+02
4.281919699999999125e+02 2.037091799999999466e+02
4.306039099999999280e+02 2.053459599999999909e+02
4.326695299999999520e+02 2.074824899999999843e+02
4.343049799999999436e+02 2.101314300000000230e+02
4.354283499999999663e+02 2.133052900000000136e+02
4.362642499999999472e+02 2.164470700000000534e+02
4.364306499999999573e+02 2.194610900000000129e+02
4.359978299999999649e+02 2.223095700000000079e+02
4.350296499999999469e+02 2.249605300000000625e+02
4.335961199999999280e+02 2.273801000000000840e+02
4.317652099999999109e+02 2.295342900000000554e+02
4.296010799999999108e+02 2.313912200000000894e+02
4.271736199999999144e+02 2.329149200000000519e+02
4.217931799999998930e+02 2.348311800000000176e+02
4.189741899999999077e+02 2.351560500000000502e+02
4.161620099999998956e+02 2.350156800000000885e+02
4.134206999999998970e+02 2.343726700000000847e+02
4.108202699999998799e+02 2.331969000000001415e+02
4.084247799999998847e+02 2.314525600000001759e+02
4.063042199999998729e+02 2.291076000000001613e+02
4.046364699999998606e+02 2.267305000000001201e+02
4.034036399999998821e+02 2.241046900000001187e+02
4.026319299999998975e+02 2.213080200000001696e+02
4.023534899999999084e+02 2.184181900000002088e+02
4.023534799999999905e+02 2.184184199999999691e+02
