6.099538400000000138e+02 4.422970199999999750e+02
6.100668200000000070e+02 4.389304399999999760e+02
6.108260500000000093e+02 4.359124799999999595e+02
6.121496300000000019e+02 4.332518599999999651e+02
6.139556400000000167e+02 4.309631599999999594e+02
6.161603499999999940e+02 4.290608899999999721e+02
6.186797799999999370e+02 4.275557199999999511e+02
6.214320299999999406e+02 4.264602299999999673e+02
6.243352699999999231e+02 4.257889499999999430e+02
6.273055999999999131e+02 4.255524399999999332e+02
6.302591599999999517e+02 4.257652199999999425e+02
6.331160699999999224e+02 4.264402199999999539e+02
6.357923699999998917e+02 4.275878199999999651e+02
6.382043199999999388e+02 4.292245799999999463e+02
6.402699199999999564e+02 4.313611399999999207e+02
6.419054099999999607e+02 4.340100199999999404e+02
6.430287399999999707e+02 4.371839299999999184e+02
6.438646800000000212e+02 4.403256599999999139e+02
6.440310799999999745e+02 4.433397199999998861e+02
6.435982500000000073e+02 4.461881999999998811e+02
6.426300599999999577e+02 4.488391599999998789e+02
6.411965199999999641e+02 4.512587199999998688e+02
6.393656099999999469e+02 4.534129199999998718e+02
6.372014699999999721e+02 4.552698199999998678e+02
6.347740800000000263e+02 4.567935599999998431e+02
6.293935700000000679e+02 4.587097699999998213e+02
6.265746000000000322e+02 4.590346299999998223e+02
6.237623899999999821e+02 4.588942699999998354e+02
6.210210799999999836e+02 4.582512499999998568e+02
6.184206399999999348e+02 4.570754999999998631e+02
6.160251899999999523e+02 4.553311499999998659e+02
6.139046399999999721e+02 4.529861899999998514e+02
6.122368999999999915e+02 4.506091399999998544e+02
6.110040400000000318e+02 4.479833199999998783e+02
6.102323200000000725e+02 4.451866099999998596e+02
6.099538600000000770e+02 4.422967799999998419e+02
6.099538400000000138e+02 4.422970199999999750e+02
