5.623739100000000235e+02 3.358036399999999730e+02
5.624868900000000167e+02 3.324370799999999235e+02
5.632461200000000190e+02 3.294191199999999071e+02
5.645696900000000369e+02 3.267584999999999127e+02
5.663757400000000644e+02 3.244697799999999006e+02
5.685804100000000290e+02 3.225675299999999197e+02
5.710998400000000856e+02 3.210623699999998735e+02
5.738520900000000893e+02 3.199668599999998833e+02
5.767553300000000718e+02 3.192955899999998337e+02
5.797256700000000365e+02 3.190590599999998176e+02
5.826792500000000246e+02 3.192722399999997833e+02
5.855361100000000079e+02 3.199472399999997378e+02
5.882124199999999519e+02 3.210948399999997491e+02
5.906243799999999737e+02 3.227316099999997050e+02
5.926899799999999914e+02 3.248681499999996731e+02
5.943254799999999705e+02 3.275170299999996359e+02
5.954488400000000183e+02 3.306909299999996392e+02
5.962847400000000562e+02 3.338326799999996410e+02
5.964511500000000979e+02 3.368467299999996385e+02
5.960183200000001307e+02 3.396952099999996335e+02
5.950501300000000811e+02 3.423461699999996881e+02
5.936165700000001380e+02 3.447657399999997097e+02
5.917856700000000956e+02 3.469199499999997443e+02
5.896215400000000955e+02 3.487768299999997907e+02
5.871941200000001118e+02 3.503005699999997660e+02
5.818136300000001029e+02 3.522168199999997569e+02
5.789946700000001556e+02 3.525413099999997826e+02
5.761824500000001308e+02 3.524009499999997956e+02
5.734411400000001322e+02 3.517579299999997602e+02
5.708407000000000835e+02 3.505821699999997918e+02
5.684452600000000757e+02 3.488378299999998262e+02
5.663246900000000323e+02 3.464928699999998116e+02
5.646569600000000264e+02 3.441157799999998588e+02
5.634241100000000415e+02 3.414899599999998827e+02
5.626523600000000442e+02 3.386932699999998704e+02
5.623739199999999983e+02 3.358034499999998843e+02
5.623739100000000235e+02 3.358036399999999730e+02
