2.955421299999999860e+02 4.308994799999999827e+02
2.956630000000000109e+02 4.275331699999999842e+02
2.964293400000000247e+02 4.245169699999999580e+02
2.977591400000000021e+02 4.218595299999999497e+02
2.995705800000000067e+02 4.195750399999999445e+02
3.017796900000000164e+02 4.176779699999999593e+02
3.043026399999999967e+02 4.161787199999999416e+02
3.070574599999999919e+02 4.150896899999999619e+02
3.099622799999999643e+02 4.144251799999999548e+02
3.129331499999999551e+02 4.141958499999999503e+02
3.158862499999999613e+02 4.144158199999999397e+02
3.187415399999999863e+02 4.150975399999999240e+02
3.214151299999999765e+02 4.162513999999999328e+02
3.238232299999999668e+02 4.178938199999999483e+02
3.258837899999999763e+02 4.200352299999999559e+02
3.275130599999999959e+02 4.226879799999999818e+02
3.286289899999999875e+02 4.258644600000000082e+02
3.294574900000000071e+02 4.290081600000000321e+02
3.296170900000000188e+02 4.320226100000000429e+02
3.291775600000000281e+02 4.348700300000000425e+02
3.282031700000000001e+02 4.375187400000000366e+02
3.267639300000000162e+02 4.399349500000000148e+02
3.249279900000000225e+02 4.420848200000000361e+02
3.227595000000000027e+02 4.439366600000000176e+02
3.203285200000000259e+02 4.454546900000000278e+02
3.149435300000000097e+02 4.473583000000000425e+02
3.121238099999999918e+02 4.476763500000000704e+02
3.093119699999999739e+02 4.475295500000000857e+02
3.065721399999999903e+02 4.468801300000000651e+02
3.039744999999999777e+02 4.456983000000000743e+02
3.015831099999999765e+02 4.439482900000000996e+02
2.994680499999999483e+02 4.415983600000001275e+02
2.978058899999999767e+02 4.392174100000001431e+02
2.965792199999999639e+02 4.365886700000001497e+02
2.958140699999999583e+02 4.337901800000001344e+02
2.955424299999999675e+02 4.308997400000001221e+02
2.955421299999999860e+02 4.308994799999999827e+02
