6.217810500000000502e+02 3.982976699999999823e+02
6.218940300000000434e+02 3.949310699999999770e+02
6.226532600000000457e+02 3.919131399999999985e+02
6.239768300000000636e+02 3.892525299999999788e+02
6.257828900000000658e+02 3.869638199999999983e+02
6.279875400000000809e+02 3.850615700000000174e+02
6.305070000000000618e+02 3.835564100000000280e+02
6.332592300000001160e+02 3.824609000000000378e+02
6.361624900000001617e+02 3.817896200000000135e+02
6.391328100000001768e+02 3.815530899999999974e+02
6.420863700000002154e+02 3.817662700000000200e+02
6.449432700000002114e+02 3.824412300000000187e+02
6.476195800000001555e+02 3.835888700000000426e+02
6.500315200000001141e+02 3.852256400000000554e+02
6.520971200000001318e+02 3.873621900000000551e+02
6.537325700000001234e+02 3.900110700000000747e+02
6.548560000000001082e+02 3.931849800000000528e+02
6.556918700000001081e+02 3.963267100000000482e+02
6.558583000000000993e+02 3.993407300000000646e+02
6.554253700000000435e+02 4.021891900000000533e+02
6.544571799999999939e+02 4.048401900000000637e+02
6.530236499999999751e+02 4.072597600000000853e+02
6.511927399999999579e+02 4.094139300000001072e+02
6.490286099999999578e+02 4.112708600000000843e+02
6.466011999999999489e+02 4.127946000000000595e+02
6.412207099999999400e+02 4.147108100000000377e+02
6.384017299999999295e+02 4.150356700000000387e+02
6.355895599999998922e+02 4.148953100000000518e+02
6.328482499999998936e+02 4.142522900000000732e+02
6.302478099999998449e+02 4.130765300000000479e+02
6.278523199999998496e+02 4.113321900000000255e+02
6.257317599999998947e+02 4.089872200000000362e+02
6.240640199999999140e+02 4.066101400000000581e+02
6.228311699999999291e+02 4.039843200000000820e+02
6.220594399999998814e+02 4.011876400000001013e+02
6.217809799999998859e+02 3.982978200000001152e+02
6.217810500000000502e+02 3.982976699999999823e+02
