5.326007100000000491e+02 3.028523199999999633e+02
5.327136900000000423e+02 2.994857399999999643e+02
5.334729100000000699e+02 2.964677899999999227e+02
5.347964900000000625e+02 2.938072299999998904e+02
5.366025300000001153e+02 2.915184799999998404e+02
5.388072000000000799e+02 2.896162199999998847e+02
5.413266100000000733e+02 2.881110499999998638e+02
5.440788800000000265e+02 2.870155799999998862e+02
5.469821299999999837e+02 2.863442799999999124e+02
5.499524499999999989e+02 2.861077599999998711e+02
5.529060299999999870e+02 2.863209199999998873e+02
5.557629299999999830e+02 2.869959199999998418e+02
5.584392299999999523e+02 2.881435299999998279e+02
5.608511699999999109e+02 2.897802999999997837e+02
5.629167699999999286e+02 2.919168399999997519e+02
5.645522199999999202e+02 2.945657199999997147e+02
5.656755999999999176e+02 2.977396299999996927e+02
5.665115199999999049e+02 3.008813599999997450e+02
5.666779399999999214e+02 3.038953899999997930e+02
5.662450099999998656e+02 3.067438499999998385e+02
5.652768199999998160e+02 3.093948499999997921e+02
5.638432899999997971e+02 3.118144099999998389e+02
5.620123899999997548e+02 3.139686099999997850e+02
5.598482499999997799e+02 3.158255099999997810e+02
5.574208399999997710e+02 3.173492399999997815e+02
5.520403599999997368e+02 3.192654899999997724e+02
5.492213799999997264e+02 3.195899799999997413e+02
5.464091599999997015e+02 3.194496199999997543e+02
5.436678499999997030e+02 3.188066099999997505e+02
5.410674099999996542e+02 3.176308399999998073e+02
5.386719799999996212e+02 3.158864599999998291e+02
5.365513999999996031e+02 3.135414899999998397e+02
5.348836499999996477e+02 3.111644399999997859e+02
5.336508199999996123e+02 3.085386399999997593e+02
5.328790699999996150e+02 3.057419199999997090e+02
5.326006299999995690e+02 3.028521299999997609e+02
5.326007100000000491e+02 3.028523199999999633e+02
