7.112794999999999845e+02 4.936636799999999994e+02
7.113924799999999777e+02 4.902971200000000067e+02
7.121517099999999800e+02 4.872791500000000156e+02
7.134752999999999474e+02 4.846185800000000086e+02
7.152813400000000001e+02 4.823298300000000154e+02
7.174859999999999900e+02 4.804275800000000345e+02
7.200054400000000214e+02 4.789224200000000451e+02
7.227577200000000630e+02 4.778269400000000360e+02
7.256609300000000076e+02 4.771556200000000558e+02
7.286312599999999975e+02 4.769191100000000461e+02
7.315848499999999603e+02 4.771322900000000686e+02
7.344417300000000068e+02 4.778072800000000484e+02
7.371180299999999761e+02 4.789548800000000597e+02
7.395299699999999348e+02 4.805916500000000724e+02
7.415956199999999399e+02 4.827282000000000721e+02
7.432310599999999567e+02 4.853771100000000729e+02
7.443544499999999289e+02 4.885509800000000951e+02
7.451903399999998783e+02 4.916927300000000969e+02
7.453567599999998947e+02 4.947067400000000816e+02
7.449238299999998389e+02 4.975552400000000830e+02
7.439556799999998020e+02 5.002062000000000808e+02
7.425221399999998084e+02 5.026257600000000707e+02
7.406911999999997533e+02 5.047799700000000485e+02
7.385270599999997785e+02 5.066368700000000445e+02
7.360996599999997443e+02 5.081606000000000449e+02
7.307191899999997986e+02 5.100768500000000358e+02
7.279001899999998386e+02 5.104013400000000615e+02
7.250880199999998013e+02 5.102609800000000746e+02
7.223466999999998279e+02 5.096179500000000644e+02
7.197462699999998677e+02 5.084422400000000835e+02
7.173507699999998977e+02 5.066978500000000736e+02
7.152302199999999175e+02 5.043528900000000590e+02
7.135624799999999368e+02 5.019758400000000620e+02
7.123296399999999267e+02 4.993500400000000354e+02
7.115578899999999294e+02 4.965533000000000357e+02
7.112794499999998834e+02 4.936634900000000243e+02
7.112794999999999845e+02 4.936636799999999994e+02
