7.396977200000000039e+02 5.255649599999999282e+02
7.398106999999999971e+02 5.221983500000000049e+02
7.405699200000000246e+02 5.191804300000000012e+02
7.418935099999999920e+02 5.165198299999999563e+02
7.436995600000000195e+02 5.142311099999999442e+02
7.459042299999999841e+02 5.123288499999999885e+02
7.484236300000000028e+02 5.108236799999999675e+02
7.511758999999999560e+02 5.097281699999999773e+02
7.540791600000000017e+02 5.090568999999999846e+02
7.570494499999999789e+02 5.088203899999999749e+02
7.600030500000000302e+02 5.090331799999999589e+02
7.628599300000000767e+02 5.097081699999999387e+02
7.655361600000001090e+02 5.108557799999999247e+02
7.679481600000001436e+02 5.124925399999999627e+02
7.700137800000001107e+02 5.146290899999999056e+02
7.716491700000001401e+02 5.172779799999998431e+02
7.727725500000001375e+02 5.204518799999998464e+02
7.736084800000000996e+02 5.235936199999998735e+02
7.737749600000000783e+02 5.266076299999999719e+02
7.733420400000001109e+02 5.294560999999998785e+02
7.723737900000000991e+02 5.321071099999999205e+02
7.709403400000001056e+02 5.345266499999999041e+02
7.691093500000000631e+02 5.366808699999999135e+02
7.669452400000000125e+02 5.385377499999999600e+02
7.645177899999999909e+02 5.400615099999998847e+02
7.591373999999999569e+02 5.419777199999998629e+02
7.563183599999999842e+02 5.423022099999998318e+02
7.535062199999999848e+02 5.421618399999998701e+02
7.507649099999999862e+02 5.415188299999998662e+02
7.481644699999999375e+02 5.403430499999999483e+02
7.457689799999999423e+02 5.385987199999999575e+02
7.436484599999998863e+02 5.362537599999998292e+02
7.419806799999998930e+02 5.338766999999999143e+02
7.407478399999998828e+02 5.312508899999999130e+02
7.399761299999998982e+02 5.284541699999999764e+02
7.396976899999998523e+02 5.255643599999998514e+02
7.396977200000000039e+02 5.255649599999999282e+02
