6.806180500000000393e+02 4.633982899999999745e+02
6.807310300000000325e+02 4.600316699999999628e+02
6.814902700000000095e+02 4.570137099999999464e+02
6.828138400000000274e+02 4.543531099999999583e+02
6.846198800000000801e+02 4.520644299999999589e+02
6.868245400000000700e+02 4.501621399999999653e+02
6.893439900000000762e+02 4.486569699999999443e+02
6.920962600000000293e+02 4.475614999999999668e+02
6.949994800000000623e+02 4.468901999999999930e+02
6.979698100000000522e+02 4.466536699999999769e+02
7.009233600000000024e+02 4.468668499999999995e+02
7.037802599999999984e+02 4.475418399999999792e+02
7.064565699999999424e+02 4.486894499999999653e+02
7.088685499999999138e+02 4.503262199999999780e+02
7.109341599999999062e+02 4.524627699999999777e+02
7.125696399999999358e+02 4.551116899999999532e+02
7.136930299999999079e+02 4.582855499999999438e+02
7.145289199999998573e+02 4.614272899999999709e+02
7.146953299999998990e+02 4.644413399999999683e+02
7.142624099999999316e+02 4.672898199999999633e+02
7.132942199999998820e+02 4.699407799999999611e+02
7.118606799999998884e+02 4.723603299999999763e+02
7.100297699999998713e+02 4.745145299999999793e+02
7.078656399999998712e+02 4.763714599999999564e+02
7.054381899999998495e+02 4.778951799999999821e+02
7.000576999999998407e+02 4.798114299999999730e+02
6.972387199999998302e+02 4.801362899999999740e+02
6.944265499999997928e+02 4.799959099999999808e+02
6.916852299999998195e+02 4.793529100000000085e+02
6.890847899999997708e+02 4.781771800000000212e+02
6.866893099999997503e+02 4.764328000000000429e+02
6.845687499999997954e+02 4.740878300000000536e+02
6.829010099999998147e+02 4.717107800000000566e+02
6.816681599999998298e+02 4.690849800000000300e+02
6.808964199999998073e+02 4.662882500000000050e+02
6.806179799999997613e+02 4.633984700000000316e+02
6.806180500000000393e+02 4.633982899999999745e+02
