5.027864200000000210e+02 -8.963731100000000396e+00
4.994195900000000279e+02 -8.857541100000000611e+00
4.964001200000000154e+02 -8.104371099999999828e+00
4.937368900000000167e+02 -6.786141100000000037e+00
4.914445499999999925e+02 -4.984691100000000041e+00
4.895378799999999728e+02 -2.783841100000000068e+00
4.880276499999999942e+02 -2.674410900000001590e-01
4.869266400000000203e+02 2.482618899999999851e+00
4.862495299999999929e+02 5.384508900000000153e+00
4.860071499999999673e+02 8.354348899999999745e+00
4.862142199999999548e+02 1.130835899999999938e+01
4.868834799999999632e+02 1.416658899999999832e+01
4.880257199999999784e+02 1.684519899999999737e+01
4.896576399999999580e+02 1.926041899999999885e+01
4.917900399999999763e+02 2.133029900000000012e+01
4.944356499999999528e+02 2.297107899999999958e+01
4.976072799999999461e+02 2.410081900000000132e+01
5.007473399999999515e+02 2.494302900000000278e+01
5.037610299999999484e+02 2.511565900000000440e+01
5.066103699999999321e+02 2.468849900000000375e+01
5.092632899999999267e+02 2.372563900000000459e+01
5.116857199999999466e+02 2.229693900000000539e+01
5.138435699999999997e+02 2.047037900000000477e+01
5.157048300000000154e+02 1.830996900000000593e+01
5.172334299999999985e+02 1.588559900000000624e+01
5.191604499999999689e+02 1.050898900000000680e+01
5.194907799999999725e+02 7.690648900000006449e+00
5.193561499999999569e+02 4.878188900000006711e+00
5.187186499999999114e+02 2.135588900000006785e+00
5.175481099999999515e+02 -4.672010899999934352e-01
5.158085599999999431e+02 -2.866171099999993643e+00
5.134678699999999480e+02 -4.991421099999993061e+00
5.110941399999999248e+02 -6.663931099999993002e+00
5.084708099999999149e+02 -7.902051099999993333e+00
5.056756599999999366e+02 -8.679391099999993031e+00
5.027864199999999641e+02 -8.963721099999993669e+00
5.027864200000000210e+02 -8.963731100000000396e+00
