5.675955900000000156e+02 5.014083899999999971e+01
5.642287700000000541e+02 5.024701900000000165e+01
5.612093100000000732e+02 5.100019900000000206e+01
5.585460600000001250e+02 5.231843900000000502e+01
5.562537400000001071e+02 5.411987900000000451e+01
5.543470500000000811e+02 5.632072900000000715e+01
5.528368300000000772e+02 5.883712900000000445e+01
5.517358200000001034e+02 6.158718900000000218e+01
5.510587000000001581e+02 6.448906900000000064e+01
5.508163200000001325e+02 6.745891899999999453e+01
5.510234000000001515e+02 7.041291899999998805e+01
5.516926500000001852e+02 7.327115899999998305e+01
5.528349000000001752e+02 7.594976899999998921e+01
5.544668100000001232e+02 7.836498899999999423e+01
5.565992100000000846e+02 8.043487899999999513e+01
5.592448300000000927e+02 8.207564899999999852e+01
5.624164500000000544e+02 8.320538899999999671e+01
5.655565200000000914e+02 8.404760899999999424e+01
5.685702000000001135e+02 8.422021900000000016e+01
5.714195400000000973e+02 8.379306900000000269e+01
5.740724600000000919e+02 8.283019900000000746e+01
5.764948900000000549e+02 8.140150900000000433e+01
5.786527500000000828e+02 7.957493900000000053e+01
5.805140000000001237e+02 7.741453900000000488e+01
5.820426000000001068e+02 7.499017900000001191e+01
5.839696300000000520e+02 6.961354900000000612e+01
5.842999500000000808e+02 6.679521900000000301e+01
5.841653300000000399e+02 6.398275900000000149e+01
5.835278299999999945e+02 6.124015899999999846e+01
5.823572900000000345e+02 5.863736899999999963e+01
5.806177400000000262e+02 5.623838899999999796e+01
5.782770400000000564e+02 5.411313899999999677e+01
5.759033200000000079e+02 5.244062899999999416e+01
5.732799800000000232e+02 5.120251899999999523e+01
5.704848299999999881e+02 5.042517899999999287e+01
5.675955900000000156e+02 5.014084899999999578e+01
5.675955900000000156e+02 5.014083899999999971e+01
