4.577131800000000226e+02 3.553261400000000094e+02
4.543461200000000417e+02 3.554244400000000041e+02
4.513248900000000390e+02 3.561705299999999852e+02
4.486585700000000543e+02 3.574824999999999591e+02
4.463620100000000548e+02 3.592785599999999704e+02
4.444501700000000710e+02 3.614749299999999721e+02
4.429340400000000955e+02 3.639877799999999866e+02
4.418265800000000922e+02 3.667352500000000077e+02
4.411426600000000917e+02 3.696355300000000170e+02
4.408933100000000991e+02 3.726048100000000431e+02
4.410934500000000753e+02 3.755592900000000327e+02
4.417559900000000539e+02 3.784190900000000397e+02
4.428919400000000337e+02 3.811003700000000549e+02
4.445181900000000610e+02 3.835194100000000503e+02
4.466457200000000398e+02 3.855943000000000325e+02
4.492874800000000164e+02 3.872412800000000175e+02
4.524564400000000433e+02 3.883784600000000182e+02
4.555945200000000455e+02 3.892280400000000213e+02
4.586078000000000543e+02 3.894077300000000150e+02
4.614581300000000397e+02 3.889872700000000236e+02
4.641133100000000127e+02 3.880306400000000053e+02
4.665390800000000127e+02 3.866076300000000288e+02
4.687012200000000348e+02 3.847861400000000458e+02
4.705675400000000081e+02 3.826301100000000588e+02
4.721018200000000320e+02 3.802093400000000543e+02
4.740414600000000291e+02 3.748372500000000400e+02
4.743784000000000560e+02 3.720197000000000571e+02
4.742503800000000638e+02 3.692069300000000567e+02
4.736193200000000729e+02 3.664628400000000283e+02
4.724548900000000913e+02 3.638573100000000409e+02
4.707209800000001110e+02 3.614542600000000334e+02
4.683852800000001366e+02 3.593235200000000304e+02
4.660154900000001135e+02 3.576454500000000394e+02
4.633950700000000893e+02 3.564011800000000676e+02
4.606017500000000950e+02 3.556172800000000507e+02
4.577131800000000794e+02 3.553261700000000474e+02
4.577131800000000226e+02 3.553261400000000094e+02
