5.515948399999999765e+02 4.456815199999999777e+02
5.482277799999999388e+02 4.457798199999999724e+02
5.452065499999999929e+02 4.465259099999999535e+02
5.425402299999999514e+02 4.478378799999999273e+02
5.402436699999999519e+02 4.496339399999999387e+02
5.383318299999999681e+02 4.518303099999999404e+02
5.368156999999999925e+02 4.543431599999999548e+02
5.357082400000000462e+02 4.570906299999999760e+02
5.350243200000001025e+02 4.599909099999999853e+02
5.347749700000000530e+02 4.629601900000000114e+02
5.349751100000000861e+02 4.659146700000000010e+02
5.356376500000001215e+02 4.687744599999999764e+02
5.367736000000001013e+02 4.714557499999999663e+02
5.383998500000001286e+02 4.738747899999999618e+02
5.405273800000001074e+02 4.759496799999999439e+02
5.431691400000000840e+02 4.775966699999999605e+02
5.463381000000000540e+02 4.787338399999999865e+02
5.494761799999999994e+02 4.795834199999999896e+02
5.524894600000000082e+02 4.797631099999999833e+02
5.553397899999999936e+02 4.793426499999999919e+02
5.579949699999999666e+02 4.783860099999999989e+02
5.604207400000000234e+02 4.769630199999999718e+02
5.625828800000000456e+02 4.751415299999999888e+02
5.644492000000000189e+02 4.729855000000000018e+02
5.659834799999999859e+02 4.705647200000000225e+02
5.679231200000000399e+02 4.651926400000000399e+02
5.682600600000000668e+02 4.623750900000000570e+02
5.681320400000000745e+02 4.595623200000000566e+02
5.675009800000000268e+02 4.568182300000000851e+02
5.663365499999999884e+02 4.542127000000000976e+02
5.646026399999999512e+02 4.518096500000000901e+02
5.622669399999999769e+02 4.496789100000000872e+02
5.598971500000000106e+02 4.480008300000000645e+02
5.572767300000000432e+02 4.467565700000000675e+02
5.544834100000000490e+02 4.459726700000000505e+02
5.515948400000000902e+02 4.456815500000000725e+02
5.515948399999999765e+02 4.456815199999999777e+02
