4.725232899999999745e+02 -3.787756100000000004e+01
4.691564499999999498e+02 -3.777138099999999810e+01
4.661369999999999436e+02 -3.701820099999999769e+01
4.634737499999999386e+02 -3.569996099999999473e+01
4.611814199999999460e+02 -3.389852099999999524e+01
4.592747399999999516e+02 -3.169767099999999616e+01
4.577645099999999729e+02 -2.918127099999999530e+01
4.566634999999999991e+02 -2.643121099999999402e+01
4.559864000000000033e+02 -2.352933099999999556e+01
4.557440199999999777e+02 -2.055947099999999494e+01
4.559510899999999651e+02 -1.760548099999999394e+01
4.566203399999999419e+02 -1.474723099999999398e+01
4.577625899999999319e+02 -1.206863099999999456e+01
4.593945099999999115e+02 -9.653411099999994249e+00
4.615268999999998982e+02 -7.583521099999994242e+00
4.641725299999998811e+02 -5.942751099999994402e+00
4.673441399999998680e+02 -4.813011099999994435e+00
4.704841999999998734e+02 -3.970791099999994245e+00
4.734978899999998703e+02 -3.798181099999994093e+00
4.763472299999998540e+02 -4.225331099999993789e+00
4.790001499999998487e+02 -5.188191099999993838e+00
4.814225799999998685e+02 -6.616881099999993410e+00
4.835804499999998711e+02 -8.443461099999993280e+00
4.854416999999998552e+02 -1.060386099999999310e+01
4.869702899999998635e+02 -1.302822099999999317e+01
4.888973199999998656e+02 -1.840484099999999401e+01
4.892276499999998691e+02 -2.122317099999999357e+01
4.890930199999998536e+02 -2.403564099999999470e+01
4.884555199999998649e+02 -2.677824099999999419e+01
4.872849799999998481e+02 -2.938103099999999301e+01
4.855454299999998398e+02 -3.178001099999999468e+01
4.832047299999998131e+02 -3.390525099999999270e+01
4.808310099999998215e+02 -3.557776099999999531e+01
4.782076799999998116e+02 -3.681588099999999741e+01
4.754125299999998333e+02 -3.759322099999999978e+01
4.725232899999998608e+02 -3.787755099999999686e+01
4.725232899999999745e+02 -3.787756100000000004e+01
