5.712167699999999968e+02 5.155023899999999912e+02
5.678496999999999844e+02 5.156006899999999860e+02
5.648284800000000132e+02 5.163467699999999923e+02
5.621621499999999969e+02 5.176587499999999409e+02
5.598655999999999722e+02 5.194548199999999269e+02
5.579537599999999884e+02 5.216511699999999792e+02
5.564376300000000128e+02 5.241640300000000252e+02
5.553301700000000665e+02 5.269115100000000211e+02
5.546462400000000343e+02 5.298117799999999988e+02
5.543968899999999849e+02 5.327810600000000250e+02
5.545970300000000179e+02 5.357355300000000398e+02
5.552595700000000534e+02 5.385953299999999899e+02
5.563955300000000079e+02 5.412766100000000051e+02
5.580217700000000605e+02 5.436956500000000005e+02
5.601493000000000393e+02 5.457705499999999574e+02
5.627910699999999906e+02 5.474175299999999424e+02
5.659600199999999859e+02 5.485547099999998863e+02
5.690980999999999312e+02 5.494042899999998326e+02
5.721113799999999401e+02 5.495839799999998831e+02
5.749617099999999255e+02 5.491635099999998602e+02
5.776168899999998985e+02 5.482068799999998419e+02
5.800426599999998416e+02 5.467838899999998148e+02
5.822047999999998638e+02 5.449623799999998255e+02
5.840711299999998118e+02 5.428063499999998385e+02
5.856054099999997788e+02 5.403855799999998908e+02
5.875450499999998328e+02 5.350134999999999081e+02
5.878819899999998597e+02 5.321959599999999000e+02
5.877539699999998675e+02 5.293831899999998996e+02
5.871228999999998450e+02 5.266390999999998712e+02
5.859584799999998950e+02 5.240335699999998269e+02
5.842245599999998831e+02 5.216305199999998194e+02
5.818888599999999087e+02 5.194997699999997849e+02
5.795190699999999424e+02 5.178216899999997622e+02
5.768986499999999751e+02 5.165774299999997083e+02
5.741053299999999808e+02 5.157935299999996914e+02
5.712167699999999968e+02 5.155024199999996881e+02
5.712167699999999968e+02 5.155023899999999912e+02
