3.013242999999999938e+02 2.085517499999999984e+02
2.979572299999999814e+02 2.086500499999999931e+02
2.949360099999999534e+02 2.093961299999999994e+02
2.922696799999999371e+02 2.107081100000000049e+02
2.899731299999999123e+02 2.125041700000000162e+02
2.880612899999999286e+02 2.147005300000000148e+02
2.865451599999999530e+02 2.172133800000000008e+02
2.854376899999999750e+02 2.199608599999999967e+02
2.847537699999999745e+02 2.228611400000000060e+02
2.845044199999999819e+02 2.258304100000000005e+02
2.847045599999999581e+02 2.287848899999999901e+02
2.853670999999999367e+02 2.316446899999999971e+02
2.865030599999999481e+02 2.343259699999999839e+02
2.881292999999999438e+02 2.367450099999999793e+02
2.902568299999999226e+02 2.388199099999999930e+02
2.928985899999998992e+02 2.404668800000000033e+02
2.960675499999999261e+02 2.416040700000000072e+02
2.992056299999999283e+02 2.424536500000000103e+02
3.022189099999999371e+02 2.426333400000000040e+02
3.050692399999999225e+02 2.422128700000000094e+02
3.077244199999998955e+02 2.412562400000000196e+02
3.101501899999998955e+02 2.398332400000000177e+02
3.123123299999999176e+02 2.380117400000000316e+02
3.141786599999999225e+02 2.358557100000000446e+02
3.157129399999999464e+02 2.334349400000000401e+02
3.176525799999999435e+02 2.280628600000000290e+02
3.179895199999999704e+02 2.252453100000000177e+02
3.178614899999999466e+02 2.224325400000000172e+02
3.172304299999999557e+02 2.196884500000000173e+02
3.160660099999999488e+02 2.170829200000000299e+02
3.143320899999999369e+02 2.146798700000000224e+02
3.119963899999999626e+02 2.125491300000000194e+02
3.096265999999999394e+02 2.108710500000000252e+02
3.070061799999999153e+02 2.096267900000000282e+02
3.042128599999999210e+02 2.088428900000000397e+02
3.013242999999999370e+02 2.085517800000000364e+02
3.013242999999999938e+02 2.085517499999999984e+02
