5.352058600000000297e+02 2.099451900000000037e+01
5.318390400000000682e+02 2.110069899999999876e+01
5.288195700000001125e+02 2.185387899999999917e+01
5.261563400000001138e+02 2.317210899999999896e+01
5.238640000000001464e+02 2.497355899999999806e+01
5.219573300000001836e+02 2.717440899999999715e+01
5.204470900000002302e+02 2.969079899999999839e+01
5.193460900000002312e+02 3.244086899999999929e+01
5.186689700000002858e+02 3.534273900000000168e+01
5.184265900000002603e+02 3.831259899999999874e+01
5.186336700000002793e+02 4.126660899999999543e+01
5.193029200000003129e+02 4.412483899999999437e+01
5.204451600000003282e+02 4.680344899999999342e+01
5.220770900000003394e+02 4.921866899999999134e+01
5.242094700000003513e+02 5.128854899999998906e+01
5.268551000000003341e+02 5.292932899999998853e+01
5.300267200000002958e+02 5.405906899999998672e+01
5.331667800000002444e+02 5.490127899999998817e+01
5.361804800000002160e+02 5.507389899999999017e+01
5.390298100000002250e+02 5.464674899999999269e+01
5.416827400000001944e+02 5.368388899999999353e+01
5.441051600000001827e+02 5.225518899999999434e+01
5.462630200000002105e+02 5.042861899999999764e+01
5.481242800000002262e+02 4.826821899999999488e+01
5.496528800000002093e+02 4.584384899999999163e+01
5.515799000000001797e+02 4.046723899999999219e+01
5.519102200000002085e+02 3.764889899999999301e+01
5.517756000000001677e+02 3.483642899999999543e+01
5.511381000000001222e+02 3.209383899999999556e+01
5.499675600000001623e+02 2.949103899999999712e+01
5.482280100000001539e+02 2.709207899999999825e+01
5.458873200000001589e+02 2.496681899999999743e+01
5.435135900000001357e+02 2.329431899999999800e+01
5.408902500000001510e+02 2.205619899999999944e+01
5.380951000000001159e+02 2.127885900000000063e+01
5.352058600000001434e+02 2.099452900000000000e+01
5.352058600000000297e+02 2.099451900000000037e+01
