4.151800000000000068e+02 3.671280699999999797e+02
4.118129299999999944e+02 3.672263699999999744e+02
4.087917099999999664e+02 3.679724499999999807e+02
4.061253899999999817e+02 3.692844299999999862e+02
4.038288299999999822e+02 3.710804899999999975e+02
4.019169899999999984e+02 3.732768500000000245e+02
4.004008600000000229e+02 3.757897000000000389e+02
3.992934000000000196e+02 3.785371800000000349e+02
3.986094800000000191e+02 3.814374600000000441e+02
3.983601300000000265e+02 3.844067300000000387e+02
3.985602700000000027e+02 3.873612100000000282e+02
3.992228099999999813e+02 3.902210100000000352e+02
4.003587599999999611e+02 3.929022900000000504e+02
4.019850099999999884e+02 3.953213400000000775e+02
4.041125399999999672e+02 3.973962300000000596e+02
4.067542999999999438e+02 3.990432000000000698e+02
4.099232599999999707e+02 4.001803900000000453e+02
4.130613399999999729e+02 4.010299700000000485e+02
4.160746099999999501e+02 4.012096600000000421e+02
4.189249399999999355e+02 4.007891900000000192e+02
4.215801199999999085e+02 3.998325600000000009e+02
4.240058999999998832e+02 3.984095599999999990e+02
4.261680399999999054e+02 3.965880599999999845e+02
4.280343599999998787e+02 3.944320299999999975e+02
4.295686399999999026e+02 3.920112599999999929e+02
4.315082799999998997e+02 3.866391800000000103e+02
4.318452199999999266e+02 3.838216300000000274e+02
4.317171999999999343e+02 3.810088600000000270e+02
4.310861399999999435e+02 3.782647699999999986e+02
4.299217099999999618e+02 3.756592400000000112e+02
4.281877899999999499e+02 3.732561900000000037e+02
4.258520899999999756e+02 3.711254500000000007e+02
4.234822999999999524e+02 3.694473699999999781e+02
4.208618799999999283e+02 3.682031099999999810e+02
4.180685599999999340e+02 3.674192099999999641e+02
4.151799999999999500e+02 3.671280999999999608e+02
4.151800000000000068e+02 3.671280699999999797e+02
