3.953276399999999740e+02 2.960198399999999879e+02
3.919605699999999615e+02 2.961181399999999826e+02
3.889393499999999335e+02 2.968642199999999889e+02
3.862730199999999172e+02 2.981761999999999944e+02
3.839764699999998925e+02 2.999722600000000057e+02
3.820646299999999087e+02 3.021686300000000074e+02
3.805484999999999332e+02 3.046814800000000218e+02
3.794410399999999299e+02 3.074289500000000430e+02
3.787571199999999294e+02 3.103292300000000523e+02
3.785077599999999052e+02 3.132985000000000468e+02
3.787078999999998814e+02 3.162529800000000364e+02
3.793704399999998600e+02 3.191127800000000434e+02
3.805063999999998714e+02 3.217940700000000334e+02
3.821326399999998671e+02 3.242131100000000288e+02
3.842601699999998459e+02 3.262880000000000109e+02
3.869019399999998541e+02 3.279349799999999959e+02
3.900708899999998494e+02 3.290721599999999967e+02
3.932089699999998516e+02 3.299217399999999998e+02
3.962222499999998604e+02 3.301014299999999935e+02
3.990725799999998458e+02 3.296809700000000021e+02
4.017277599999998188e+02 3.287243300000000090e+02
4.041535299999998188e+02 3.273013300000000072e+02
4.063156699999998409e+02 3.254798400000000242e+02
4.081819999999998458e+02 3.233238000000000056e+02
4.097162799999998697e+02 3.209030400000000327e+02
4.116559199999998668e+02 3.155309500000000185e+02
4.119928599999998937e+02 3.127134000000000356e+02
4.118648399999999015e+02 3.099006300000000351e+02
4.112337699999998790e+02 3.071565400000000636e+02
4.100693499999998721e+02 3.045510100000000762e+02
4.083354299999998602e+02 3.021479600000000687e+02
4.059997299999998859e+02 3.000172200000000657e+02
4.036299399999998627e+02 2.983391400000000431e+02
4.010095199999998385e+02 2.970948800000000460e+02
3.982161999999998443e+02 2.963109800000000291e+02
3.953276399999998603e+02 2.960198700000000258e+02
3.953276399999999740e+02 2.960198399999999879e+02
