6.820018400000000156e+02 2.111215100000000007e+02
6.786347700000000032e+02 2.112198099999999954e+02
6.756135500000000320e+02 2.119658900000000017e+02
6.729472200000000157e+02 2.132778700000000072e+02
6.706506699999999910e+02 2.150739300000000185e+02
6.687388300000000072e+02 2.172702900000000170e+02
6.672227000000000317e+02 2.197831400000000031e+02
6.661152299999999968e+02 2.225306099999999958e+02
6.654313100000000532e+02 2.254309000000000083e+02
6.651819600000000037e+02 2.284001700000000028e+02
6.653821000000000367e+02 2.313546499999999924e+02
6.660446400000000722e+02 2.342144499999999994e+02
6.671806000000000267e+02 2.368957200000000114e+02
6.688068400000000793e+02 2.393147600000000068e+02
6.709343700000000581e+02 2.413896600000000205e+02
6.735761400000000094e+02 2.430366300000000308e+02
6.767450900000000047e+02 2.441738200000000347e+02
6.798831699999999501e+02 2.450234000000000378e+02
6.828964499999999589e+02 2.452030900000000315e+02
6.857467799999999443e+02 2.447826200000000370e+02
6.884019599999999173e+02 2.438259900000000471e+02
6.908277299999999741e+02 2.424029900000000453e+02
6.929898699999999963e+02 2.405814900000000591e+02
6.948561999999999443e+02 2.384254600000000721e+02
6.963904799999999113e+02 2.360046900000000676e+02
6.983301199999999653e+02 2.306326200000000597e+02
6.986670599999999922e+02 2.278150700000000484e+02
6.985390300000000252e+02 2.250023000000000479e+02
6.979079699999999775e+02 2.222582100000000480e+02
6.967435500000000275e+02 2.196526800000000605e+02
6.950096300000000156e+02 2.172496300000000531e+02
6.926739300000000412e+02 2.151188900000000501e+02
6.903041400000000749e+02 2.134408100000000559e+02
6.876837200000001076e+02 2.121965500000000588e+02
6.848904000000001133e+02 2.114126500000000703e+02
6.820018400000001293e+02 2.111215300000000639e+02
6.820018400000000156e+02 2.111215100000000007e+02
