2.684850200000000200e+02 1.792670400000000086e+02
2.651179500000000075e+02 1.793653400000000033e+02
2.620967299999999796e+02 1.801114300000000128e+02
2.594304099999999949e+02 1.814234000000000151e+02
2.571338499999999954e+02 1.832194600000000264e+02
2.552220099999999832e+02 1.854158300000000281e+02
2.537058799999999792e+02 1.879286800000000142e+02
2.525984199999999760e+02 1.906761500000000069e+02
2.519144999999999754e+02 1.935764300000000162e+02
2.516651499999999828e+02 1.965457100000000139e+02
2.518652899999999875e+02 1.995001900000000035e+02
2.525278299999999945e+02 2.023599900000000105e+02
2.536637800000000027e+02 2.050412699999999973e+02
2.552900300000000016e+02 2.074603099999999927e+02
2.574175599999999804e+02 2.095352000000000032e+02
2.600593199999999570e+02 2.111821800000000167e+02
2.632282799999999838e+02 2.123193600000000174e+02
2.663663599999999860e+02 2.131689400000000205e+02
2.693796299999999633e+02 2.133486300000000142e+02
2.722299599999999486e+02 2.129281700000000228e+02
2.748851399999999217e+02 2.119715300000000298e+02
2.773109199999998964e+02 2.105485300000000279e+02
2.794730599999999185e+02 2.087270400000000166e+02
2.813393799999998919e+02 2.065710100000000295e+02
2.828736599999999157e+02 2.041502400000000250e+02
2.848132999999999129e+02 1.987781500000000392e+02
2.851502399999999398e+02 1.959606000000000279e+02
2.850222199999999475e+02 1.931478300000000274e+02
2.843911599999999567e+02 1.904037400000000275e+02
2.832267299999999750e+02 1.877982100000000401e+02
2.814928199999999947e+02 1.853951600000000326e+02
2.791571099999999888e+02 1.832644200000000296e+02
2.767873299999999972e+02 1.815863400000000354e+02
2.741668999999999983e+02 1.803420800000000384e+02
2.713735899999999788e+02 1.795581800000000499e+02
2.684850199999999631e+02 1.792670700000000465e+02
2.684850200000000200e+02 1.792670400000000086e+02
