3.521555799999999863e+02 3.080140299999999911e+02
3.487885099999999738e+02 3.081123299999999858e+02
3.457672899999999458e+02 3.088584199999999669e+02
3.431009599999999296e+02 3.101703899999999408e+02
3.408044099999999048e+02 3.119664499999999521e+02
3.388925699999999210e+02 3.141628199999999538e+02
3.373764399999999455e+02 3.166756699999999682e+02
3.362689699999999675e+02 3.194231399999999894e+02
3.355850499999999670e+02 3.223234199999999987e+02
3.353356999999999744e+02 3.252926899999999932e+02
3.355358399999999506e+02 3.282471800000000144e+02
3.361983799999999292e+02 3.311069699999999898e+02
3.373343399999999406e+02 3.337882599999999798e+02
3.389605799999999363e+02 3.362072999999999752e+02
3.410881099999999151e+02 3.382821899999999573e+02
3.437298699999998917e+02 3.399291699999999423e+02
3.468988299999999185e+02 3.410663499999999431e+02
3.500369099999999207e+02 3.419159299999999462e+02
3.530501899999999296e+02 3.420956199999999399e+02
3.559005199999999149e+02 3.416751599999999485e+02
3.585556999999998880e+02 3.407185199999999554e+02
3.609814699999998879e+02 3.392955199999999536e+02
3.631436099999999101e+02 3.374740299999999706e+02
3.650099399999999150e+02 3.353179999999999836e+02
3.665442199999999389e+02 3.328972299999999791e+02
3.684838599999999360e+02 3.275251399999999649e+02
3.688207999999999629e+02 3.247075899999999820e+02
3.686927699999999390e+02 3.218948199999999815e+02
3.680617099999999482e+02 3.191507299999999532e+02
3.668972899999999413e+02 3.165451999999999657e+02
3.651633699999999294e+02 3.141421499999999583e+02
3.628276699999999551e+02 3.120114099999999553e+02
3.604578799999999319e+02 3.103333299999999326e+02
3.578374599999999077e+02 3.090890699999999356e+02
3.550441399999999135e+02 3.083051699999999187e+02
3.521555799999999294e+02 3.080140599999999154e+02
3.521555799999999863e+02 3.080140299999999911e+02
