3.089114200000000210e+02 1.670401599999999860e+02
3.055443500000000085e+02 1.671384599999999807e+02
3.025231299999999806e+02 1.678845499999999902e+02
2.998568099999999959e+02 1.691965199999999925e+02
2.975602499999999964e+02 1.709925800000000038e+02
2.956484100000000126e+02 1.731889500000000055e+02
2.941322800000000370e+02 1.757017999999999915e+02
2.930248200000000338e+02 1.784492699999999843e+02
2.923409000000000333e+02 1.813495499999999936e+02
2.920915500000000407e+02 1.843188299999999913e+02
2.922916900000000169e+02 1.872733099999999808e+02
2.929542299999999955e+02 1.901331099999999878e+02
2.940901799999999753e+02 1.928143899999999746e+02
2.957164300000000026e+02 1.952334299999999701e+02
2.978439599999999814e+02 1.973083199999999806e+02
3.004857199999999580e+02 1.989552999999999940e+02
3.036546799999999848e+02 2.000924799999999948e+02
3.067927599999999870e+02 2.009420599999999979e+02
3.098060299999999643e+02 2.011217499999999916e+02
3.126563599999999497e+02 2.007012900000000002e+02
3.153115399999999227e+02 1.997446500000000071e+02
3.177373199999998974e+02 1.983216500000000053e+02
3.198994599999999195e+02 1.965001599999999939e+02
3.217657799999998929e+02 1.943441300000000069e+02
3.233000599999999167e+02 1.919233600000000024e+02
3.252396999999999139e+02 1.865512699999999882e+02
3.255766399999999408e+02 1.837337199999999768e+02
3.254486199999999485e+02 1.809209499999999764e+02
3.248175599999999577e+02 1.781768599999999765e+02
3.236531299999999760e+02 1.755713299999999890e+02
3.219192199999999957e+02 1.731682799999999816e+02
3.195835099999999898e+02 1.710375399999999786e+02
3.172137299999999982e+02 1.693594599999999843e+02
3.145932999999999993e+02 1.681151999999999873e+02
3.117999899999999798e+02 1.673312999999999988e+02
3.089114199999999641e+02 1.670401899999999955e+02
3.089114200000000210e+02 1.670401599999999860e+02
