7.135308099999999740e+02 2.400839799999999968e+02
7.101637399999999616e+02 2.401822799999999916e+02
7.071425199999999904e+02 2.409283599999999979e+02
7.044761899999999741e+02 2.422403400000000033e+02
7.021796399999999494e+02 2.440364000000000146e+02
7.002677999999999656e+02 2.462327800000000195e+02
6.987516699999999901e+02 2.487456100000000276e+02
6.976441999999999553e+02 2.514930900000000236e+02
6.969602800000000116e+02 2.543933700000000329e+02
6.967109299999999621e+02 2.573626400000000558e+02
6.969110699999999952e+02 2.603171200000000454e+02
6.975736100000000306e+02 2.631769200000000524e+02
6.987095699999999852e+02 2.658582100000000423e+02
7.003358100000000377e+02 2.682772500000000377e+02
7.024633400000000165e+02 2.703521400000000199e+02
7.051050999999999931e+02 2.719991100000000301e+02
7.082740599999999631e+02 2.731363000000000056e+02
7.114121399999999085e+02 2.739858800000000087e+02
7.144254199999999173e+02 2.741655700000000024e+02
7.172757499999999027e+02 2.737451100000000110e+02
7.199309299999998757e+02 2.727884700000000180e+02
7.223566999999998188e+02 2.713654700000000162e+02
7.245188399999998410e+02 2.695439700000000016e+02
7.263851699999997891e+02 2.673879400000000146e+02
7.279194499999997561e+02 2.649671800000000417e+02
7.298590899999998101e+02 2.595950900000000274e+02
7.301960299999998369e+02 2.567775400000000445e+02
7.300679999999998699e+02 2.539647700000000441e+02
7.294369399999998222e+02 2.512206800000000442e+02
7.282725199999998722e+02 2.486151500000000567e+02
7.265385999999998603e+02 2.462121000000000492e+02
7.242028999999998859e+02 2.440813700000000495e+02
7.218331099999999196e+02 2.424032800000000520e+02
7.192126899999999523e+02 2.411590200000000550e+02
7.164193699999999581e+02 2.403751200000000665e+02
7.135308099999999740e+02 2.400840100000000632e+02
7.135308099999999740e+02 2.400839799999999968e+02
