2.576339899999999830e+02 2.204091799999999921e+02
2.542669199999999705e+02 2.205074799999999868e+02
2.512456999999999709e+02 2.212535699999999963e+02
2.485793799999999578e+02 2.225655399999999986e+02
2.462828199999999583e+02 2.243616000000000099e+02
2.443709799999999461e+02 2.265579700000000116e+02
2.428548499999999422e+02 2.290708199999999977e+02
2.417473899999999389e+02 2.318182899999999904e+02
2.410634699999999384e+02 2.347185699999999997e+02
2.408141199999999458e+02 2.376878499999999974e+02
2.410142599999999504e+02 2.406423299999999870e+02
2.416767999999999574e+02 2.435021299999999940e+02
2.428127499999999657e+02 2.461834099999999808e+02
2.444389999999999645e+02 2.486024499999999762e+02
2.465665299999999718e+02 2.506773399999999867e+02
2.492082899999999768e+02 2.523243200000000002e+02
2.523772499999999752e+02 2.534615000000000009e+02
2.555153299999999774e+02 2.543110800000000040e+02
2.585285999999999831e+02 2.544907699999999977e+02
2.613789299999999685e+02 2.540703100000000063e+02
2.640341099999999415e+02 2.531136700000000133e+02
2.664598899999999162e+02 2.516906700000000114e+02
2.686220299999999384e+02 2.498691800000000001e+02
2.704883499999999117e+02 2.477131500000000131e+02
2.720226299999999355e+02 2.452923800000000085e+02
2.739622699999999327e+02 2.399202900000000227e+02
2.742992099999999596e+02 2.371027400000000114e+02
2.741711899999999673e+02 2.342899700000000109e+02
2.735401299999999765e+02 2.315458800000000110e+02
2.723756999999999948e+02 2.289403500000000236e+02
2.706417900000000145e+02 2.265373000000000161e+02
2.683060800000000086e+02 2.244065600000000131e+02
2.659363000000000170e+02 2.227284800000000189e+02
2.633158700000000181e+02 2.214842200000000219e+02
2.605225599999999986e+02 2.207003200000000334e+02
2.576339899999999830e+02 2.204092100000000300e+02
2.576339899999999830e+02 2.204091799999999921e+02
