3.327454399999999737e+02 2.389626299999999901e+02
3.293783799999999928e+02 2.390609299999999848e+02
3.263571499999999901e+02 2.398070099999999911e+02
3.236908300000000054e+02 2.411189899999999966e+02
3.213942700000000059e+02 2.429150500000000079e+02
3.194824300000000221e+02 2.451114100000000064e+02
3.179663000000000466e+02 2.476242599999999925e+02
3.168588400000000433e+02 2.503717399999999884e+02
3.161749200000000428e+02 2.532720199999999977e+02
3.159255700000000502e+02 2.562412899999999922e+02
3.161257100000000264e+02 2.591957699999999818e+02
3.167882500000000050e+02 2.620555699999999888e+02
3.179241999999999848e+02 2.647368599999999788e+02
3.195504500000000121e+02 2.671558999999999742e+02
3.216779799999999909e+02 2.692307899999999563e+02
3.243197399999999675e+02 2.708777599999999666e+02
3.274886999999999944e+02 2.720149499999999421e+02
3.306267799999999966e+02 2.728645299999999452e+02
3.336400499999999738e+02 2.730442199999999389e+02
3.364903899999999908e+02 2.726237499999999159e+02
3.391455599999999890e+02 2.716671199999998976e+02
3.415713399999999638e+02 2.702441199999998958e+02
3.437334799999999859e+02 2.684226199999998812e+02
3.455997999999999593e+02 2.662665899999998942e+02
3.471340799999999831e+02 2.638458199999998897e+02
3.490737199999999802e+02 2.584737399999999070e+02
3.494106600000000071e+02 2.556561899999998957e+02
3.492826400000000149e+02 2.528434199999998953e+02
3.486515800000000240e+02 2.500993299999998953e+02
3.474871500000000424e+02 2.474937999999999079e+02
3.457532400000000621e+02 2.450907499999999004e+02
3.434175400000000877e+02 2.429600099999998974e+02
3.410477500000000646e+02 2.412819299999999032e+02
3.384273300000000404e+02 2.400376699999999062e+02
3.356340100000000461e+02 2.392537699999999177e+02
3.327454400000000305e+02 2.389626599999999144e+02
3.327454399999999737e+02 2.389626299999999901e+02
