8.493108899999999721e+02 3.181528099999999881e+02
8.459440700000000106e+02 3.182589899999999830e+02
8.429246100000000297e+02 3.190121699999999691e+02
8.402613600000000815e+02 3.203303999999999974e+02
8.379690400000000636e+02 3.221318400000000111e+02
8.360623500000000377e+02 3.243326999999999884e+02
8.345521300000000338e+02 3.268490999999999644e+02
8.334511200000000599e+02 3.295991599999999835e+02
8.327740000000001146e+02 3.325010399999999890e+02
8.325316200000000890e+02 3.354708899999999971e+02
8.327387000000001080e+02 3.384248900000000049e+02
8.334079500000001417e+02 3.412831199999999967e+02
8.345502000000001317e+02 3.439617400000000202e+02
8.361821100000000797e+02 3.463769599999999969e+02
8.383145100000000411e+02 3.484468499999999835e+02
8.409601300000000492e+02 3.500876099999999838e+02
8.441317500000000109e+02 3.512173599999999851e+02
8.472718200000000479e+02 3.520595700000000079e+02
8.502855000000000700e+02 3.522321900000000028e+02
8.531348400000000538e+02 3.518050400000000195e+02
8.557877600000000484e+02 3.508421700000000101e+02
8.582101900000000114e+02 3.494134799999999927e+02
8.603680500000000393e+02 3.475869099999999889e+02
8.622293100000000550e+02 3.454265100000000075e+02
8.637579000000000633e+02 3.430021500000000287e+02
8.656849300000000085e+02 3.376255200000000514e+02
8.660152500000000373e+02 3.348071800000000735e+02
8.658806299999999965e+02 3.319947300000000610e+02
8.652431299999999510e+02 3.292521200000000476e+02
8.640725899999999911e+02 3.266493400000000520e+02
8.623330399999999827e+02 3.242503600000000574e+02
8.599923400000000129e+02 3.221251100000000633e+02
8.576186199999999644e+02 3.204526000000000749e+02
8.549952899999999545e+02 3.192144900000000689e+02
8.522001299999999446e+02 3.184371500000000879e+02
8.493108899999999721e+02 3.181528200000000766e+02
8.493108899999999721e+02 3.181528099999999881e+02
