3.630066100000000233e+02 2.668718900000000076e+02
3.596395400000000109e+02 2.669701900000000023e+02
3.566183199999999829e+02 2.677162799999999834e+02
3.539519899999999666e+02 2.690282499999999573e+02
3.516554399999999418e+02 2.708243099999999686e+02
3.497435999999999581e+02 2.730206799999999703e+02
3.482274699999999825e+02 2.755335299999999847e+02
3.471200000000000045e+02 2.782810000000000059e+02
3.464360800000000040e+02 2.811812800000000152e+02
3.461867300000000114e+02 2.841505500000000097e+02
3.463868699999999876e+02 2.871050400000000309e+02
3.470494099999999662e+02 2.899648300000000063e+02
3.481853699999999776e+02 2.926461199999999963e+02
3.498116099999999733e+02 2.950651599999999917e+02
3.519391399999999521e+02 2.971400499999999738e+02
3.545808999999999287e+02 2.987870299999999588e+02
3.577498599999999556e+02 2.999242099999999596e+02
3.608879399999999578e+02 3.007737899999999627e+02
3.639012199999999666e+02 3.009534799999999564e+02
3.667515499999999520e+02 3.005330199999999650e+02
3.694067299999999250e+02 2.995763799999999719e+02
3.718324999999999250e+02 2.981533799999999701e+02
3.739946399999999471e+02 2.963318899999999871e+02
3.758609699999999521e+02 2.941758600000000001e+02
3.773952499999999759e+02 2.917550899999999956e+02
3.793348899999999730e+02 2.863829999999999814e+02
3.796718299999999999e+02 2.835654499999999985e+02
3.795437999999999761e+02 2.807526799999999980e+02
3.789127399999999852e+02 2.780085900000000265e+02
3.777483199999999783e+02 2.754030600000000391e+02
3.760143999999999664e+02 2.730000100000000316e+02
3.736786999999999921e+02 2.708692700000000286e+02
3.713089099999999689e+02 2.691911900000000060e+02
3.686884899999999448e+02 2.679469300000000089e+02
3.658951699999999505e+02 2.671630299999999920e+02
3.630066099999999665e+02 2.668719199999999887e+02
3.630066100000000233e+02 2.668718900000000076e+02
