3.218944099999999935e+02 2.801047699999999736e+02
3.185273500000000126e+02 2.802030699999999683e+02
3.155061200000000099e+02 2.809491499999999746e+02
3.128398000000000252e+02 2.822611299999999801e+02
3.105432400000000257e+02 2.840571899999999914e+02
3.086314000000000419e+02 2.862535500000000184e+02
3.071152700000000664e+02 2.887664000000000328e+02
3.060078100000000632e+02 2.915138800000000288e+02
3.053238900000000626e+02 2.944141600000000381e+02
3.050745400000000700e+02 2.973834300000000326e+02
3.052746800000000462e+02 3.003379100000000221e+02
3.059372200000000248e+02 3.031977100000000291e+02
3.070731700000000046e+02 3.058790000000000191e+02
3.086994200000000319e+02 3.082980400000000145e+02
3.108269500000000107e+02 3.103729299999999967e+02
3.134687099999999873e+02 3.120199000000000069e+02
3.166376700000000142e+02 3.131570899999999824e+02
3.197757500000000164e+02 3.140066699999999855e+02
3.227890199999999936e+02 3.141863599999999792e+02
3.256393600000000106e+02 3.137658899999999562e+02
3.282945300000000088e+02 3.128092599999999379e+02
3.307203099999999836e+02 3.113862599999999361e+02
3.328824500000000057e+02 3.095647599999999215e+02
3.347487699999999791e+02 3.074087299999999345e+02
3.362830500000000029e+02 3.049879599999999300e+02
3.382226900000000001e+02 2.996158799999999474e+02
3.385596300000000269e+02 2.967983299999999645e+02
3.384316100000000347e+02 2.939855599999999640e+02
3.378005500000000438e+02 2.912414699999999357e+02
3.366361200000000622e+02 2.886359399999999482e+02
3.349022100000000819e+02 2.862328899999999408e+02
3.325665100000001075e+02 2.841021499999999378e+02
3.301967200000000844e+02 2.824240699999999151e+02
3.275763000000000602e+02 2.811798099999999181e+02
3.247829800000000660e+02 2.803959099999999012e+02
3.218944100000000503e+02 2.801047999999998979e+02
3.218944099999999935e+02 2.801047699999999736e+02
