5.407438100000000532e+02 4.868236600000000180e+02
5.373767500000000155e+02 4.869219600000000128e+02
5.343555200000000696e+02 4.876680499999999938e+02
5.316892000000000280e+02 4.889800199999999677e+02
5.293926400000000285e+02 4.907760799999999790e+02
5.274808000000000447e+02 4.929724499999999807e+02
5.259646700000000692e+02 4.954852999999999952e+02
5.248572100000001228e+02 4.982327700000000164e+02
5.241732900000001791e+02 5.011330500000000256e+02
5.239239400000001297e+02 5.041023300000000518e+02
5.241240800000001627e+02 5.070568100000000413e+02
5.247866200000001982e+02 5.099166000000000167e+02
5.259225700000001780e+02 5.125978900000000067e+02
5.275488200000002053e+02 5.150169300000000021e+02
5.296763500000001841e+02 5.170918199999999842e+02
5.323181100000001607e+02 5.187388099999999440e+02
5.354870700000001307e+02 5.198759799999999132e+02
5.386251500000000760e+02 5.207255599999998594e+02
5.416384300000000849e+02 5.209052499999999100e+02
5.444887600000000702e+02 5.204847899999998617e+02
5.471439400000000433e+02 5.195281499999998687e+02
5.495697099999999864e+02 5.181051599999998416e+02
5.517318500000000085e+02 5.162836699999998018e+02
5.535981699999999819e+02 5.141276399999998148e+02
5.551324499999999489e+02 5.117068599999998355e+02
5.570720900000000029e+02 5.063347799999998529e+02
5.574090300000000298e+02 5.035172299999998700e+02
5.572810100000000375e+02 5.007044599999998695e+02
5.566499499999999898e+02 4.979603699999998980e+02
5.554855199999999513e+02 4.953548399999999106e+02
5.537516099999999142e+02 4.929517899999999031e+02
5.514159099999999398e+02 4.908210499999999001e+02
5.490461199999999735e+02 4.891429699999998775e+02
5.464257000000000062e+02 4.878987099999998804e+02
5.436323800000000119e+02 4.871148099999998635e+02
5.407438100000000532e+02 4.868236899999998855e+02
5.407438100000000532e+02 4.868236600000000180e+02
