5.098407100000000014e+02 4.567186399999999935e+02
5.064736399999999890e+02 4.568169399999999882e+02
5.034524199999999610e+02 4.575630199999999945e+02
5.007860899999999447e+02 4.588750000000000000e+02
4.984895399999999199e+02 4.606710600000000113e+02
4.965776999999999362e+02 4.628674399999999878e+02
4.950615699999999606e+02 4.653802699999999959e+02
4.939540999999999826e+02 4.681277499999999918e+02
4.932701799999999821e+02 4.710280300000000011e+02
4.930208299999999895e+02 4.739972999999999956e+02
4.932209699999999657e+02 4.769517799999999852e+02
4.938835099999999443e+02 4.798115799999999922e+02
4.950194699999999557e+02 4.824928699999999822e+02
4.966457099999999514e+02 4.849119099999999776e+02
4.987732399999999302e+02 4.869867999999999597e+02
5.014149999999999068e+02 4.886337699999999700e+02
5.045839599999999336e+02 4.897709599999999455e+02
5.077220399999999358e+02 4.906205399999999486e+02
5.107353199999999447e+02 4.908002299999999423e+02
5.135856499999999869e+02 4.903797699999999509e+02
5.162408299999999599e+02 4.894231299999999578e+02
5.186666000000000167e+02 4.880001299999999560e+02
5.208287400000000389e+02 4.861786299999999414e+02
5.226950699999999870e+02 4.840225999999999544e+02
5.242293499999999540e+02 4.816018399999999815e+02
5.261689900000000080e+02 4.762297499999999673e+02
5.265059300000000349e+02 4.734121999999999844e+02
5.263779000000000678e+02 4.705994299999999839e+02
5.257468400000000202e+02 4.678553399999999556e+02
5.245824200000000701e+02 4.652498099999999681e+02
5.228485000000000582e+02 4.628467599999999607e+02
5.205128000000000839e+02 4.607160299999999324e+02
5.181430100000001175e+02 4.590379399999999350e+02
5.155225900000001502e+02 4.577936799999999380e+02
5.127292700000001560e+02 4.570097799999999211e+02
5.098407100000001719e+02 4.567186699999999178e+02
5.098407100000000014e+02 4.567186399999999935e+02
