7.749068700000000263e+02 2.988677299999999946e+02
7.715398000000000138e+02 2.989660299999999893e+02
7.685185800000000427e+02 2.997121099999999956e+02
7.658522500000000264e+02 3.010240900000000011e+02
7.635557000000000016e+02 3.028201599999999871e+02
7.616438600000000179e+02 3.050165099999999825e+02
7.601277300000000423e+02 3.075293699999999717e+02
7.590202700000000959e+02 3.102768499999999676e+02
7.583363400000000638e+02 3.131771199999999453e+02
7.580869900000000143e+02 3.161463999999999714e+02
7.582871300000000474e+02 3.191008699999999862e+02
7.589496700000000828e+02 3.219606699999999933e+02
7.600856300000000374e+02 3.246419500000000085e+02
7.617118700000000899e+02 3.270609900000000039e+02
7.638394000000000688e+02 3.291358900000000176e+02
7.664811700000000201e+02 3.307828700000000026e+02
7.696501200000000154e+02 3.319200500000000034e+02
7.727881999999999607e+02 3.327696300000000065e+02
7.758014799999999696e+02 3.329493200000000002e+02
7.786518099999999549e+02 3.325288499999999772e+02
7.813069899999999279e+02 3.315722199999999589e+02
7.837327599999998711e+02 3.301492299999999318e+02
7.858948999999998932e+02 3.283277199999999425e+02
7.877612299999998413e+02 3.261716899999999555e+02
7.892955099999998083e+02 3.237509199999999510e+02
7.912351499999998623e+02 3.183788399999999683e+02
7.915720899999998892e+02 3.155612999999999602e+02
7.914440699999998969e+02 3.127485299999999597e+02
7.908129999999998745e+02 3.100044399999999314e+02
7.896485799999999244e+02 3.073989099999999439e+02
7.879146599999999125e+02 3.049958599999999365e+02
7.855789599999999382e+02 3.028651099999999587e+02
7.832091699999999719e+02 3.011870299999999361e+02
7.805887500000000045e+02 2.999427699999999390e+02
7.777954300000000103e+02 2.991588699999999221e+02
7.749068700000000263e+02 2.988677599999999188e+02
7.749068700000000263e+02 2.988677299999999946e+02
