6.463728599999999460e+02 5.354201299999999719e+02
6.430057899999999336e+02 5.355184299999999666e+02
6.399845699999999624e+02 5.362645199999999477e+02
6.373182499999999209e+02 5.375764999999998963e+02
6.350216899999999214e+02 5.393725599999999076e+02
6.331098499999999376e+02 5.415689199999999346e+02
6.315937199999999621e+02 5.440817699999998922e+02
6.304862600000000157e+02 5.468292399999999134e+02
6.298023400000000720e+02 5.497295299999999543e+02
6.295529900000000225e+02 5.526988000000000056e+02
6.297531300000000556e+02 5.556532799999999952e+02
6.304156700000000910e+02 5.585130799999999454e+02
6.315516200000000708e+02 5.611943599999999606e+02
6.331778700000000981e+02 5.636133999999999560e+02
6.353054000000000769e+02 5.656882999999999129e+02
6.379471600000000535e+02 5.673352699999999231e+02
6.411161200000000235e+02 5.684724499999998670e+02
6.442541999999999689e+02 5.693220299999998133e+02
6.472674700000000030e+02 5.695017199999998638e+02
6.501178099999999631e+02 5.690812499999998408e+02
6.527729799999999614e+02 5.681246299999997973e+02
6.551987599999999929e+02 5.667016299999997955e+02
6.573609000000000151e+02 5.648801199999998062e+02
6.592272199999999884e+02 5.627240899999998192e+02
6.607614999999999554e+02 5.603033199999998715e+02
6.627011400000000094e+02 5.549312399999998888e+02
6.630380800000000363e+02 5.521136899999999059e+02
6.629100600000000441e+02 5.493009299999998802e+02
6.622789999999999964e+02 5.465568399999998519e+02
6.611145699999999579e+02 5.439513099999998076e+02
6.593806599999999207e+02 5.415482499999998254e+02
6.570449599999999464e+02 5.394175099999998793e+02
6.546751699999999801e+02 5.377394299999998566e+02
6.520547500000000127e+02 5.364951699999998027e+02
6.492614300000000185e+02 5.357112699999997858e+02
6.463728600000000597e+02 5.354201599999997825e+02
6.463728599999999460e+02 5.354201299999999719e+02
