4.891627700000000232e+02 3.866140300000000138e+02
4.857957000000000107e+02 3.867123300000000086e+02
4.827744799999999827e+02 3.874584100000000149e+02
4.801081499999999664e+02 3.887703900000000203e+02
4.778115999999999417e+02 3.905664500000000317e+02
4.758997599999999579e+02 3.927628100000000586e+02
4.743836299999999824e+02 3.952756600000000731e+02
4.732761600000000044e+02 3.980231300000000942e+02
4.725922400000000039e+02 4.009234200000000783e+02
4.723428900000000112e+02 4.038926900000000728e+02
4.725430299999999875e+02 4.068471700000000624e+02
4.732055699999999661e+02 4.097069700000000694e+02
4.743415299999999775e+02 4.123882400000000530e+02
4.759677699999999732e+02 4.148072800000000484e+02
4.780952999999999520e+02 4.168821800000000621e+02
4.807370699999999601e+02 4.185291500000000724e+02
4.839060199999999554e+02 4.196663400000000479e+02
4.870440999999999576e+02 4.205159200000000510e+02
4.900573799999999665e+02 4.206956100000000447e+02
4.929077099999999518e+02 4.202751400000000217e+02
4.955628899999999248e+02 4.193185100000000034e+02
4.979886599999999248e+02 4.178955100000000016e+02
5.001507999999999470e+02 4.160740099999999870e+02
5.020171299999999519e+02 4.139179800000000000e+02
5.035514099999999758e+02 4.114972099999999955e+02
5.054910499999999729e+02 4.061251399999999876e+02
5.058279899999999998e+02 4.033075900000000047e+02
5.056999599999999759e+02 4.004948200000000043e+02
5.050688999999999851e+02 3.977507299999999759e+02
5.039044799999999782e+02 3.951451999999999884e+02
5.021705599999999663e+02 3.927421499999999810e+02
4.998348599999999919e+02 3.906114099999999780e+02
4.974650699999999688e+02 3.889333299999999554e+02
4.948446499999999446e+02 3.876890699999999583e+02
4.920513299999999504e+02 3.869051699999999414e+02
4.891627699999999663e+02 3.866140499999999633e+02
4.891627700000000232e+02 3.866140300000000138e+02
