6.355218300000000227e+02 5.765622700000000123e+02
6.321547600000000102e+02 5.766605700000000070e+02
6.291335400000000391e+02 5.774066599999999880e+02
6.264672199999999975e+02 5.787186399999999367e+02
6.241706599999999980e+02 5.805146999999999480e+02
6.222588200000000143e+02 5.827110599999999749e+02
6.207426900000000387e+02 5.852239099999999326e+02
6.196352300000000923e+02 5.879713799999999537e+02
6.189513100000001486e+02 5.908716699999999946e+02
6.187019600000000992e+02 5.938409400000000460e+02
6.189021000000001322e+02 5.967954200000000355e+02
6.195646400000001677e+02 5.996552199999999857e+02
6.207005900000001475e+02 6.023365000000000009e+02
6.223268400000001748e+02 6.047555399999999963e+02
6.244543700000001536e+02 6.068304399999999532e+02
6.270961300000001302e+02 6.084774099999999635e+02
6.302650900000001002e+02 6.096145899999999074e+02
6.334031700000000455e+02 6.104641699999998536e+02
6.364164400000000796e+02 6.106438599999999042e+02
6.392667800000000398e+02 6.102233899999998812e+02
6.419219500000000380e+02 6.092667699999998376e+02
6.443477300000000696e+02 6.078437699999998358e+02
6.465098700000000917e+02 6.060222599999998465e+02
6.483761900000000651e+02 6.038662299999998595e+02
6.499104700000000321e+02 6.014454599999999118e+02
6.518501100000000861e+02 5.960733799999999292e+02
6.521870500000001130e+02 5.932558299999999463e+02
6.520590300000001207e+02 5.904430699999999206e+02
6.514279700000000730e+02 5.876989799999998922e+02
6.502635400000000345e+02 5.850934499999998479e+02
6.485296299999999974e+02 5.826903899999998657e+02
6.461939300000000230e+02 5.805596499999999196e+02
6.438241400000000567e+02 5.788815699999998969e+02
6.412037200000000894e+02 5.776373099999998431e+02
6.384104000000000951e+02 5.768534099999998261e+02
6.355218300000001364e+02 5.765622999999998228e+02
6.355218300000000227e+02 5.765622700000000123e+02
