3.731718399999999747e+02 2.267357499999999959e+02
3.698047799999999938e+02 2.268340499999999906e+02
3.667835499999999911e+02 2.275801299999999969e+02
3.641172300000000064e+02 2.288921100000000024e+02
3.618206700000000069e+02 2.306881700000000137e+02
3.599088300000000231e+02 2.328845300000000123e+02
3.583927000000000476e+02 2.353973799999999983e+02
3.572852400000000443e+02 2.381448599999999942e+02
3.566013200000000438e+02 2.410451400000000035e+02
3.563519700000000512e+02 2.440144099999999980e+02
3.565521100000000274e+02 2.469688899999999876e+02
3.572146500000000060e+02 2.498286899999999946e+02
3.583505999999999858e+02 2.525099799999999846e+02
3.599768500000000131e+02 2.549290199999999800e+02
3.621043799999999919e+02 2.570039099999999621e+02
3.647461399999999685e+02 2.586508799999999724e+02
3.679150999999999954e+02 2.597880699999999479e+02
3.710531799999999976e+02 2.606376499999999510e+02
3.740664499999999748e+02 2.608173399999999447e+02
3.769167899999999918e+02 2.603968699999999217e+02
3.795719599999999900e+02 2.594402399999999034e+02
3.819977399999999648e+02 2.580172399999999016e+02
3.841598799999999869e+02 2.561957399999998870e+02
3.860261999999999603e+02 2.540397099999999000e+02
3.875604799999999841e+02 2.516189399999998955e+02
3.895001199999999812e+02 2.462468599999998844e+02
3.898370600000000081e+02 2.434293099999998731e+02
3.897090400000000159e+02 2.406165399999998726e+02
3.890779800000000250e+02 2.378724499999998727e+02
3.879135500000000434e+02 2.352669199999998852e+02
3.861796400000000631e+02 2.328638699999998778e+02
3.838439400000000887e+02 2.307331299999998748e+02
3.814741500000000656e+02 2.290550499999998806e+02
3.788537300000000414e+02 2.278107899999998835e+02
3.760604100000000471e+02 2.270268899999998951e+02
3.731718400000000315e+02 2.267357799999998917e+02
3.731718399999999747e+02 2.267357499999999959e+02
