4.260310299999999870e+02 3.259859299999999962e+02
4.226639599999999746e+02 3.260842299999999909e+02
4.196427399999999466e+02 3.268303099999999972e+02
4.169764199999999619e+02 3.281422900000000027e+02
4.146798599999999624e+02 3.299383500000000140e+02
4.127680199999999786e+02 3.321347100000000410e+02
4.112518900000000031e+02 3.346475600000000554e+02
4.101444299999999998e+02 3.373950400000000514e+02
4.094605099999999993e+02 3.402953200000000606e+02
4.092111600000000067e+02 3.432645900000000552e+02
4.094112999999999829e+02 3.462190700000000447e+02
4.100738399999999615e+02 3.490788700000000517e+02
4.112097899999999413e+02 3.517601500000000669e+02
4.128360399999999686e+02 3.541792000000000940e+02
4.149635699999999474e+02 3.562540900000000761e+02
4.176053299999999240e+02 3.579010600000000863e+02
4.207742899999999509e+02 3.590382500000000618e+02
4.239123699999999531e+02 3.598878300000000650e+02
4.269256399999999303e+02 3.600675200000000586e+02
4.297759699999999157e+02 3.596470500000000357e+02
4.324311499999998887e+02 3.586904200000000174e+02
4.348569299999998634e+02 3.572674200000000155e+02
4.370190699999998856e+02 3.554459200000000010e+02
4.388853899999998589e+02 3.532898900000000140e+02
4.404196699999998827e+02 3.508691200000000094e+02
4.423593099999998799e+02 3.454970400000000268e+02
4.426962499999999068e+02 3.426794900000000439e+02
4.425682299999999145e+02 3.398667200000000435e+02
4.419371699999999237e+02 3.371226300000000720e+02
4.407727399999999420e+02 3.345171000000000845e+02
4.390388199999999301e+02 3.321140500000000770e+02
4.367031199999999558e+02 3.299833100000000741e+02
4.343333299999999326e+02 3.283052300000000514e+02
4.317129099999999085e+02 3.270609700000000544e+02
4.289195899999999142e+02 3.262770700000000375e+02
4.260310299999999302e+02 3.259859600000000341e+02
4.260310299999999870e+02 3.259859299999999962e+02
