6.131117000000000417e+02 5.052012399999999843e+02
6.097446400000000040e+02 5.052995399999999790e+02
6.067234100000000581e+02 5.060456199999999853e+02
6.040570900000000165e+02 5.073575999999999908e+02
6.017605300000000170e+02 5.091536699999999769e+02
5.998486900000000333e+02 5.113500199999999722e+02
5.983325600000000577e+02 5.138628800000000183e+02
5.972251000000001113e+02 5.166103600000000142e+02
5.965411800000001676e+02 5.195106299999999919e+02
5.962918300000001182e+02 5.224799100000000180e+02
5.964919700000001512e+02 5.254343800000000329e+02
5.971545100000001867e+02 5.282941799999999830e+02
5.982904600000001665e+02 5.309754599999999982e+02
5.999167100000001938e+02 5.333944999999999936e+02
6.020442400000001726e+02 5.354693999999999505e+02
6.046860000000001492e+02 5.371163799999999355e+02
6.078549600000001192e+02 5.382535599999998794e+02
6.109930400000000645e+02 5.391031399999998257e+02
6.140063100000000986e+02 5.392828299999998762e+02
6.168566500000000588e+02 5.388623599999998532e+02
6.195118200000000570e+02 5.379057299999998349e+02
6.219376000000000886e+02 5.364827399999998079e+02
6.240997400000001107e+02 5.346612299999998186e+02
6.259660600000000841e+02 5.325051999999998316e+02
6.275003400000000511e+02 5.300844299999998839e+02
6.294399800000001051e+02 5.247123499999999012e+02
6.297769200000001319e+02 5.218948099999998931e+02
6.296489000000001397e+02 5.190820399999998926e+02
6.290178400000000920e+02 5.163379499999998643e+02
6.278534100000000535e+02 5.137324199999998200e+02
6.261195000000000164e+02 5.113293699999998125e+02
6.237838000000000420e+02 5.091986199999998348e+02
6.214140100000000757e+02 5.075205399999998122e+02
6.187935900000001084e+02 5.062762799999998151e+02
6.160002700000001141e+02 5.054923799999997982e+02
6.131117000000001553e+02 5.052012699999997949e+02
6.131117000000000417e+02 5.052012399999999843e+02
