3.417506999999999948e+02 1.963248700000000042e+02
3.383836299999999824e+02 1.964231699999999989e+02
3.353624099999999544e+02 1.971692500000000052e+02
3.326960799999999381e+02 1.984812300000000107e+02
3.303995299999999133e+02 2.002772900000000220e+02
3.284876899999999296e+02 2.024736500000000206e+02
3.269715599999999540e+02 2.049865000000000066e+02
3.258640899999999760e+02 2.077339800000000025e+02
3.251801699999999755e+02 2.106342600000000118e+02
3.249308199999999829e+02 2.136035300000000063e+02
3.251309599999999591e+02 2.165580099999999959e+02
3.257934999999999377e+02 2.194178100000000029e+02
3.269294599999999491e+02 2.220990899999999897e+02
3.285556999999999448e+02 2.245181299999999851e+02
3.306832299999999236e+02 2.265930299999999988e+02
3.333249899999999002e+02 2.282400000000000091e+02
3.364939499999999271e+02 2.293771900000000130e+02
3.396320299999999293e+02 2.302267700000000161e+02
3.426453099999999381e+02 2.304064600000000098e+02
3.454956399999999235e+02 2.299859900000000152e+02
3.481508199999998965e+02 2.290293600000000254e+02
3.505765899999998965e+02 2.276063600000000235e+02
3.527387299999999186e+02 2.257848600000000374e+02
3.546050599999999235e+02 2.236288300000000504e+02
3.561393399999999474e+02 2.212080600000000459e+02
3.580789799999999445e+02 2.158359800000000348e+02
3.584159199999999714e+02 2.130184300000000235e+02
3.582878899999999476e+02 2.102056600000000230e+02
3.576568299999999567e+02 2.074615700000000231e+02
3.564924099999999498e+02 2.048560400000000357e+02
3.547584899999999379e+02 2.024529900000000282e+02
3.524227899999999636e+02 2.003222500000000252e+02
3.500529999999999404e+02 1.986441700000000310e+02
3.474325799999999163e+02 1.973999100000000340e+02
3.446392599999999220e+02 1.966160100000000455e+02
3.417506999999999380e+02 1.963249000000000422e+02
3.417506999999999948e+02 1.963248700000000042e+02
