8.392119300000000521e+02 3.599276100000000156e+02
8.358448600000000397e+02 3.600259100000000103e+02
8.328236400000000685e+02 3.607719999999999914e+02
8.301573200000000270e+02 3.620839799999999968e+02
8.278607600000000275e+02 3.638800400000000081e+02
8.259489200000000437e+02 3.660764000000000351e+02
8.244327900000000682e+02 3.685892500000000496e+02
8.233253300000001218e+02 3.713367200000000707e+02
8.226414100000001781e+02 3.742370100000000548e+02
8.223920600000001286e+02 3.772062800000000493e+02
8.225922000000001617e+02 3.801607600000000389e+02
8.232547400000001971e+02 3.830205600000000459e+02
8.243906900000001770e+02 3.857018400000000611e+02
8.260169400000002042e+02 3.881208800000000565e+02
8.281444700000001831e+02 3.901957800000000702e+02
8.307862300000001596e+02 3.918427500000000805e+02
8.339551900000001297e+02 3.929799300000000812e+02
8.370932700000000750e+02 3.938295100000000843e+02
8.401065400000001091e+02 3.940092000000000780e+02
8.429568800000000692e+02 3.935887300000000550e+02
8.456120500000000675e+02 3.926321100000000683e+02
8.480378300000000991e+02 3.912091100000000665e+02
8.501999700000001212e+02 3.893876000000000772e+02
8.520662900000000946e+02 3.872315700000000902e+02
8.536005700000000616e+02 3.848108000000000857e+02
8.555402100000001155e+02 3.794387200000001030e+02
8.558771500000001424e+02 3.766211700000001201e+02
8.557491300000001502e+02 3.738084100000000944e+02
8.551180700000001025e+02 3.710643200000000661e+02
8.539536400000000640e+02 3.684587900000000786e+02
8.522197300000000268e+02 3.660557300000000964e+02
8.498840300000000525e+02 3.639249900000000935e+02
8.475142400000000862e+02 3.622469100000000708e+02
8.448938200000001189e+02 3.610026500000000738e+02
8.421005000000001246e+02 3.602187500000000568e+02
8.392119300000001658e+02 3.599276400000000535e+02
8.392119300000000521e+02 3.599276100000000156e+02
