4.034330100000000243e+02 2.546450100000000134e+02
4.000659400000000119e+02 2.547433100000000081e+02
3.970447199999999839e+02 2.554894000000000176e+02
3.943783899999999676e+02 2.568013700000000199e+02
3.920818399999999428e+02 2.585974300000000312e+02
3.901699999999999591e+02 2.607938000000000329e+02
3.886538699999999835e+02 2.633066500000000474e+02
3.875464000000000055e+02 2.660541200000000686e+02
3.868624800000000050e+02 2.689544000000000779e+02
3.866131300000000124e+02 2.719236700000000724e+02
3.868132699999999886e+02 2.748781600000000935e+02
3.874758099999999672e+02 2.777379500000000689e+02
3.886117699999999786e+02 2.804192400000000589e+02
3.902380099999999743e+02 2.828382800000000543e+02
3.923655399999999531e+02 2.849131700000000365e+02
3.950072999999999297e+02 2.865601500000000215e+02
3.981762599999999566e+02 2.876973300000000222e+02
4.013143399999999588e+02 2.885469100000000253e+02
4.043276199999999676e+02 2.887266000000000190e+02
4.071779499999999530e+02 2.883061400000000276e+02
4.098331299999999260e+02 2.873495000000000346e+02
4.122588999999999260e+02 2.859265000000000327e+02
4.144210399999999481e+02 2.841050100000000498e+02
4.162873699999999531e+02 2.819489800000000628e+02
4.178216499999999769e+02 2.795282100000000582e+02
4.197612899999999740e+02 2.741561200000000440e+02
4.200982300000000009e+02 2.713385700000000611e+02
4.199701999999999771e+02 2.685258000000000607e+02
4.193391399999999862e+02 2.657817100000000892e+02
4.181747199999999793e+02 2.631761800000001017e+02
4.164407999999999674e+02 2.607731300000000942e+02
4.141050999999999931e+02 2.586423900000000913e+02
4.117353099999999699e+02 2.569643100000000686e+02
4.091148899999999458e+02 2.557200500000000716e+02
4.063215699999999515e+02 2.549361500000000831e+02
4.034330099999999675e+02 2.546450400000000798e+02
4.034330100000000243e+02 2.546450100000000134e+02
