6.022606700000000046e+02 5.463433800000000247e+02
5.988936099999999669e+02 5.464416800000000194e+02
5.958723800000000210e+02 5.471877600000000257e+02
5.932060599999999795e+02 5.484997399999999743e+02
5.909094999999999800e+02 5.502958099999999604e+02
5.889976599999999962e+02 5.524921600000000126e+02
5.874815300000000207e+02 5.550050200000000586e+02
5.863740700000000743e+02 5.577525000000000546e+02
5.856901500000001306e+02 5.606527700000000323e+02
5.854408000000000811e+02 5.636220500000000584e+02
5.856409400000001142e+02 5.665765200000000732e+02
5.863034800000001496e+02 5.694363200000000234e+02
5.874394300000001294e+02 5.721176000000000386e+02
5.890656800000001567e+02 5.745366400000000340e+02
5.911932100000001356e+02 5.766115399999999909e+02
5.938349700000001121e+02 5.782585199999999759e+02
5.970039300000000821e+02 5.793956999999999198e+02
6.001420100000000275e+02 5.802452799999998660e+02
6.031552800000000616e+02 5.804249699999999166e+02
6.060056200000000217e+02 5.800044999999998936e+02
6.086607900000000200e+02 5.790478699999998753e+02
6.110865700000000516e+02 5.776248799999998482e+02
6.132487100000000737e+02 5.758033699999998589e+02
6.151150300000000470e+02 5.736473399999998719e+02
6.166493100000000140e+02 5.712265699999999242e+02
6.185889500000000680e+02 5.658544899999999416e+02
6.189258900000000949e+02 5.630369499999999334e+02
6.187978700000001027e+02 5.602241799999999330e+02
6.181668100000000550e+02 5.574800899999999046e+02
6.170023800000000165e+02 5.548745599999998603e+02
6.152684699999999793e+02 5.524715099999998529e+02
6.129327700000000050e+02 5.503407599999998183e+02
6.105629800000000387e+02 5.486626799999997957e+02
6.079425600000000713e+02 5.474184199999997418e+02
6.051492400000000771e+02 5.466345199999997249e+02
6.022606700000001183e+02 5.463434099999997215e+02
6.022606700000000046e+02 5.463433800000000247e+02
