5.820678000000000338e+02 4.743602500000000077e+02
5.787007300000000214e+02 4.744585500000000025e+02
5.756795100000000502e+02 4.752046300000000087e+02
5.730131800000000339e+02 4.765166100000000142e+02
5.707166300000000092e+02 4.783126800000000003e+02
5.688047900000000254e+02 4.805090299999999957e+02
5.672886600000000499e+02 4.830218899999999849e+02
5.661812000000001035e+02 4.857693699999999808e+02
5.654972700000000714e+02 4.886696399999999585e+02
5.652479200000000219e+02 4.916389199999999846e+02
5.654480600000000550e+02 4.945933899999999994e+02
5.661106000000000904e+02 4.974531900000000064e+02
5.672465600000000450e+02 5.001344700000000216e+02
5.688728000000000975e+02 5.025535100000000170e+02
5.710003300000000763e+02 5.046284100000000308e+02
5.736421000000000276e+02 5.062753900000000158e+02
5.768110500000000229e+02 5.074125700000000165e+02
5.799491299999999683e+02 5.082621500000000196e+02
5.829624099999999771e+02 5.084418400000000133e+02
5.858127399999999625e+02 5.080213699999999903e+02
5.884679199999999355e+02 5.070647399999999720e+02
5.908936899999998786e+02 5.056417499999999450e+02
5.930558299999999008e+02 5.038202399999999557e+02
5.949221599999998489e+02 5.016642099999999687e+02
5.964564399999998159e+02 4.992434399999999641e+02
5.983960799999998699e+02 4.938713599999999815e+02
5.987330199999998968e+02 4.910538199999999733e+02
5.986049999999999045e+02 4.882410499999999729e+02
5.979739299999998821e+02 4.854969599999999446e+02
5.968095099999999320e+02 4.828914299999999571e+02
5.950755899999999201e+02 4.804883799999999496e+02
5.927398899999999458e+02 4.783576299999999719e+02
5.903700999999999794e+02 4.766795499999999493e+02
5.877496800000000121e+02 4.754352899999999522e+02
5.849563600000000179e+02 4.746513899999999353e+02
5.820678000000000338e+02 4.743602799999999320e+02
5.820678000000000338e+02 4.743602500000000077e+02
