3.844766099999999938e+02 3.371619800000000282e+02
3.811095399999999813e+02 3.372602800000000229e+02
3.780883199999999533e+02 3.380063600000000292e+02
3.754219899999999370e+02 3.393183400000000347e+02
3.731254399999999123e+02 3.411144000000000460e+02
3.712135999999999285e+02 3.433107700000000477e+02
3.696974699999999530e+02 3.458236200000000622e+02
3.685900099999999497e+02 3.485710900000000834e+02
3.679060899999999492e+02 3.514713700000000927e+02
3.676567299999999250e+02 3.544406400000000872e+02
3.678568699999999012e+02 3.573951200000000767e+02
3.685194099999998798e+02 3.602549200000000837e+02
3.696553699999998912e+02 3.629362100000000737e+02
3.712816099999998869e+02 3.653552500000000691e+02
3.734091399999998657e+02 3.674301400000000513e+02
3.760509099999998739e+02 3.690771200000000363e+02
3.792198599999998692e+02 3.702143000000000370e+02
3.823579399999998714e+02 3.710638800000000401e+02
3.853712199999998802e+02 3.712435700000000338e+02
3.882215499999998656e+02 3.708231100000000424e+02
3.908767299999998386e+02 3.698664700000000494e+02
3.933024999999998386e+02 3.684434700000000475e+02
3.954646399999998607e+02 3.666219800000000646e+02
3.973309699999998656e+02 3.644659400000000460e+02
3.988652499999998895e+02 3.620451800000000731e+02
4.008048899999998866e+02 3.566730900000000588e+02
4.011418299999999135e+02 3.538555400000000759e+02
4.010138099999999213e+02 3.510427700000000755e+02
4.003827399999998988e+02 3.482986800000001040e+02
3.992183199999998919e+02 3.456931500000001165e+02
3.974843999999998800e+02 3.432901000000001090e+02
3.951486999999999057e+02 3.411593600000001061e+02
3.927789099999998825e+02 3.394812800000000834e+02
3.901584899999998584e+02 3.382370200000000864e+02
3.873651699999998641e+02 3.374531200000000695e+02
3.844766099999998801e+02 3.371620100000000662e+02
3.844766099999999938e+02 3.371619800000000282e+02
