4.357540399999999750e+02 2.837929599999999937e+02
4.323869699999999625e+02 2.838912599999999884e+02
4.293657499999999345e+02 2.846373399999999947e+02
4.266994199999999182e+02 2.859493200000000002e+02
4.244028699999998935e+02 2.877453800000000115e+02
4.224910299999999097e+02 2.899417500000000132e+02
4.209748999999999342e+02 2.924546000000000276e+02
4.198674399999999309e+02 2.952020700000000488e+02
4.191835199999999304e+02 2.981023500000000581e+02
4.189341599999999062e+02 3.010716200000000526e+02
4.191342999999998824e+02 3.040261000000000422e+02
4.197968399999998610e+02 3.068859000000000492e+02
4.209327999999998724e+02 3.095671900000000392e+02
4.225590399999998681e+02 3.119862300000000346e+02
4.246865699999998469e+02 3.140611200000000167e+02
4.273283399999998551e+02 3.157081000000000017e+02
4.304972899999998504e+02 3.168452800000000025e+02
4.336353699999998526e+02 3.176948600000000056e+02
4.366486499999998614e+02 3.178745499999999993e+02
4.394989799999998468e+02 3.174540900000000079e+02
4.421541599999998198e+02 3.164974500000000148e+02
4.445799299999998198e+02 3.150744500000000130e+02
4.467420699999998419e+02 3.132529600000000300e+02
4.486083999999998468e+02 3.110969200000000114e+02
4.501426799999998707e+02 3.086761600000000385e+02
4.520823199999998678e+02 3.033040700000000243e+02
4.524192599999998947e+02 3.004865200000000414e+02
4.522912399999999025e+02 2.976737500000000409e+02
4.516601699999998800e+02 2.949296600000000126e+02
4.504957499999998731e+02 2.923241300000000251e+02
4.487618299999998612e+02 2.899210800000000177e+02
4.464261299999998869e+02 2.877903400000000147e+02
4.440563399999998637e+02 2.861122599999999920e+02
4.414359199999998395e+02 2.848679999999999950e+02
4.386425999999998453e+02 2.840840999999999781e+02
4.357540399999998613e+02 2.837929899999999748e+02
4.357540399999999750e+02 2.837929599999999937e+02
