4.941633699999999862e+02 3.305922600000000244e+01
4.907962999999999738e+02 3.315752600000000427e+01
4.877750799999999458e+02 3.390360600000000346e+01
4.851087499999999295e+02 3.521558600000000183e+01
4.828121999999999048e+02 3.701164599999999893e+01
4.809003599999999210e+02 3.920800599999999747e+01
4.793842299999999454e+02 4.172085599999999772e+01
4.782767599999999675e+02 4.446833600000000075e+01
4.775928399999999669e+02 4.736861600000000294e+01
4.773434899999999743e+02 5.033788600000000457e+01
4.775436299999999505e+02 5.329236600000000124e+01
4.782061699999999291e+02 5.615216600000000113e+01
4.793421299999999405e+02 5.883344600000000213e+01
4.809683699999999362e+02 6.125248600000000465e+01
4.830958999999999151e+02 6.332738600000000417e+01
4.857376599999998916e+02 6.497435600000000022e+01
4.889066199999999185e+02 6.611154600000000414e+01
4.920446999999999207e+02 6.696112600000000725e+01
4.950579799999999295e+02 6.714081600000000094e+01
4.979083099999999149e+02 6.672034600000000637e+01
5.005634899999998879e+02 6.576371600000000228e+01
5.029892599999998879e+02 6.434071600000000046e+01
5.051513999999999101e+02 6.251921600000000012e+01
5.070177299999999150e+02 6.036318599999999890e+01
5.085520099999999388e+02 5.794241600000000147e+01
5.104916499999999360e+02 5.257033599999999751e+01
5.108285899999999629e+02 4.975278600000000040e+01
5.107005599999999390e+02 4.694001599999999996e+01
5.100694999999999482e+02 4.419592600000000004e+01
5.089050799999999413e+02 4.159039599999999837e+01
5.071711599999999294e+02 3.918734599999999801e+01
5.048354599999999550e+02 3.705660599999999505e+01
5.024656699999999319e+02 3.537852599999999370e+01
4.998452499999999077e+02 3.413426599999999667e+01
4.970519299999999134e+02 3.335036599999999396e+01
4.941633699999999294e+02 3.305925599999999065e+01
4.941633699999999862e+02 3.305922600000000244e+01
