7.676055999999999813e+02 3.424923499999999876e+02
7.642385399999999436e+02 3.425906499999999824e+02
7.612173099999999977e+02 3.433367299999999886e+02
7.585509899999999561e+02 3.446487099999999941e+02
7.562544299999999566e+02 3.464447799999999802e+02
7.543425899999999729e+02 3.486411299999999756e+02
7.528264599999999973e+02 3.511539899999999648e+02
7.517190000000000509e+02 3.539014699999999607e+02
7.510350800000001072e+02 3.568017399999999384e+02
7.507857300000000578e+02 3.597710199999999645e+02
7.509858700000000908e+02 3.627254899999999793e+02
7.516484100000001263e+02 3.655852899999999863e+02
7.527843600000001061e+02 3.682665700000000015e+02
7.544106100000001334e+02 3.706856099999999969e+02
7.565381400000001122e+02 3.727605100000000107e+02
7.591799000000000888e+02 3.744074899999999957e+02
7.623488600000000588e+02 3.755446699999999964e+02
7.654869400000000041e+02 3.763942499999999995e+02
7.685002100000000382e+02 3.765739399999999932e+02
7.713505499999999984e+02 3.761534699999999702e+02
7.740057199999999966e+02 3.751968399999999519e+02
7.764315000000000282e+02 3.737738499999999249e+02
7.785936400000000503e+02 3.719523399999999356e+02
7.804599600000000237e+02 3.697963099999999486e+02
7.819942399999999907e+02 3.673755399999999440e+02
7.839338699999999562e+02 3.620034599999999614e+02
7.842708699999999453e+02 3.591859199999999532e+02
7.841427699999999277e+02 3.563731499999999528e+02
7.835117699999999559e+02 3.536290599999999813e+02
7.823473099999999931e+02 3.510235299999999938e+02
7.806133999999999560e+02 3.486204799999999864e+02
7.782776999999999816e+02 3.464897300000000087e+02
7.759079100000000153e+02 3.448116499999999860e+02
7.732874900000000480e+02 3.435673899999999890e+02
7.704941700000000537e+02 3.427834899999999720e+02
7.676056000000000950e+02 3.424923799999999687e+02
7.676055999999999813e+02 3.424923499999999876e+02
