6.188700999999999794e+02 1.504934100000000115e+02
6.155030299999999670e+02 1.505917100000000062e+02
6.124818099999999959e+02 1.513377900000000125e+02
6.098154899999999543e+02 1.526497700000000179e+02
6.075189299999999548e+02 1.544458300000000293e+02
6.056070899999999710e+02 1.566421900000000278e+02
6.040909599999999955e+02 1.591550400000000138e+02
6.029835000000000491e+02 1.619025200000000098e+02
6.022995800000001054e+02 1.648028000000000191e+02
6.020502300000000560e+02 1.677720700000000136e+02
6.022503700000000890e+02 1.707265500000000031e+02
6.029129100000001245e+02 1.735863500000000101e+02
6.040488600000001043e+02 1.762676299999999969e+02
6.056751100000001315e+02 1.786866799999999955e+02
6.078026400000001104e+02 1.807615700000000061e+02
6.104444000000000869e+02 1.824085400000000163e+02
6.136133600000000570e+02 1.835457300000000203e+02
6.167514400000000023e+02 1.843953100000000234e+02
6.197647100000000364e+02 1.845750000000000171e+02
6.226150400000000218e+02 1.841545300000000225e+02
6.252702199999999948e+02 1.831979000000000326e+02
6.276960000000000264e+02 1.817749000000000308e+02
6.298581400000000485e+02 1.799534000000000447e+02
6.317244600000000219e+02 1.777973700000000576e+02
6.332587399999999889e+02 1.753766000000000531e+02
6.351983800000000429e+02 1.700045200000000420e+02
6.355353200000000697e+02 1.671869700000000307e+02
6.354073000000000775e+02 1.643742000000000303e+02
6.347762400000000298e+02 1.616301100000000304e+02
6.336118099999999913e+02 1.590245800000000429e+02
6.318778899999999794e+02 1.566215300000000354e+02
6.295421900000000051e+02 1.544907900000000325e+02
6.271724000000000387e+02 1.528127100000000382e+02
6.245519800000000714e+02 1.515684500000000412e+02
6.217586600000000772e+02 1.507845500000000527e+02
6.188701000000000931e+02 1.504934400000000494e+02
6.188700999999999794e+02 1.504934100000000115e+02
