5.881667099999999664e+02 1.205273200000000031e+02
5.847996399999999539e+02 1.206256199999999978e+02
5.817784199999999828e+02 1.213717000000000041e+02
5.791120899999999665e+02 1.226836800000000096e+02
5.768155399999999418e+02 1.244797400000000067e+02
5.749036999999999580e+02 1.266761100000000084e+02
5.733875699999999824e+02 1.291889600000000087e+02
5.722801100000000361e+02 1.319364300000000014e+02
5.715961900000000924e+02 1.348367100000000107e+02
5.713468300000000681e+02 1.378059800000000052e+02
5.715469700000001012e+02 1.407604599999999948e+02
5.722095100000001366e+02 1.436202600000000018e+02
5.733454700000000912e+02 1.463015499999999918e+02
5.749717100000001437e+02 1.487205899999999872e+02
5.770992400000001226e+02 1.507954799999999977e+02
5.797410100000000739e+02 1.524424600000000112e+02
5.829099600000000692e+02 1.535796400000000119e+02
5.860480400000000145e+02 1.544292200000000150e+02
5.890613200000000234e+02 1.546089100000000087e+02
5.919116500000000087e+02 1.541884500000000173e+02
5.945668299999999817e+02 1.532318100000000243e+02
5.969926000000000386e+02 1.518088100000000225e+02
5.991547400000000607e+02 1.499873200000000111e+02
6.010210700000000088e+02 1.478312800000000209e+02
6.025553499999999758e+02 1.454105200000000195e+02
6.044949900000000298e+02 1.400384300000000053e+02
6.048319300000000567e+02 1.372208799999999940e+02
6.047039100000000644e+02 1.344081099999999935e+02
6.040728400000000420e+02 1.316640199999999936e+02
6.029084200000000919e+02 1.290584900000000061e+02
6.011745000000000800e+02 1.266554400000000129e+02
5.988388000000001057e+02 1.245247000000000099e+02
5.964690100000001394e+02 1.228466200000000157e+02
5.938485900000001720e+02 1.216023600000000187e+02
5.910552700000001778e+02 1.208184600000000160e+02
5.881667100000001938e+02 1.205273500000000126e+02
5.881667099999999664e+02 1.205273200000000031e+02
