8.159788899999999785e+02 2.880120699999999943e+02
8.126120700000000170e+02 2.881182600000000207e+02
8.095926100000000361e+02 2.888714200000000005e+02
8.069293600000000879e+02 2.901896600000000035e+02
8.046370400000000700e+02 2.919911099999999919e+02
8.027303500000000440e+02 2.941919500000000198e+02
8.012201300000000401e+02 2.967083499999999958e+02
8.001191200000000663e+02 2.994584199999999896e+02
7.994420000000001210e+02 3.023602999999999952e+02
7.991996200000000954e+02 3.053301500000000033e+02
7.994067000000001144e+02 3.082841500000000110e+02
8.000759500000001481e+02 3.111423900000000344e+02
8.012182000000001381e+02 3.138210000000000264e+02
8.028501100000000861e+02 3.162362100000000282e+02
8.049825100000000475e+02 3.183061100000000465e+02
8.076281300000000556e+02 3.199468800000000215e+02
8.107997500000000173e+02 3.210766200000000481e+02
8.139398099999999658e+02 3.219188400000000456e+02
8.169534999999999627e+02 3.220914500000000658e+02
8.198028399999999465e+02 3.216642900000000509e+02
8.224557599999999411e+02 3.207014300000000731e+02
8.248781899999999041e+02 3.192727400000000557e+02
8.270360499999999320e+02 3.174461700000000519e+02
8.288972999999999729e+02 3.152857700000000705e+02
8.304258999999999560e+02 3.128614100000000917e+02
8.323529299999999012e+02 3.074847800000001143e+02
8.326832499999999300e+02 3.046664500000001112e+02
8.325486299999998892e+02 3.018539900000001239e+02
8.319111299999998437e+02 2.991113900000001422e+02
8.307405899999998837e+02 2.965086000000001150e+02
8.290010399999998754e+02 2.941096200000001204e+02
8.266603399999999056e+02 2.919843700000001263e+02
8.242866199999998571e+02 2.903118600000001379e+02
8.216632899999998472e+02 2.890737500000001319e+02
8.188681299999998373e+02 2.882964100000001508e+02
8.159788899999998648e+02 2.880120700000001648e+02
8.159788899999999785e+02 2.880120699999999943e+02
