7.365616999999999734e+02 3.116513600000000110e+02
7.331946299999999610e+02 3.117496600000000058e+02
7.301734099999999899e+02 3.124957400000000121e+02
7.275070799999999736e+02 3.138077200000000175e+02
7.252105299999999488e+02 3.156037900000000036e+02
7.232986899999999650e+02 3.178001399999999990e+02
7.217825599999999895e+02 3.203129999999999882e+02
7.206751000000000431e+02 3.230604799999999841e+02
7.199911700000000110e+02 3.259607499999999618e+02
7.197418199999999615e+02 3.289300299999999879e+02
7.199419599999999946e+02 3.318845000000000027e+02
7.206045000000000300e+02 3.347443000000000097e+02
7.217404599999999846e+02 3.374255800000000249e+02
7.233667000000000371e+02 3.398446200000000204e+02
7.254942300000000159e+02 3.419195200000000341e+02
7.281359999999999673e+02 3.435665000000000191e+02
7.313049499999999625e+02 3.447036800000000198e+02
7.344430299999999079e+02 3.455532600000000230e+02
7.374563099999999167e+02 3.457329500000000166e+02
7.403066399999999021e+02 3.453124799999999937e+02
7.429618199999998751e+02 3.443558499999999754e+02
7.453875899999998182e+02 3.429328599999999483e+02
7.475497299999998404e+02 3.411113499999999590e+02
7.494160599999997885e+02 3.389553199999999720e+02
7.509503399999997555e+02 3.365345499999999674e+02
7.528899799999998095e+02 3.311624699999999848e+02
7.532269199999998364e+02 3.283449299999999766e+02
7.530988999999998441e+02 3.255321599999999762e+02
7.524678299999998217e+02 3.227880699999999479e+02
7.513034099999998716e+02 3.201825399999999604e+02
7.495694899999998597e+02 3.177794899999999529e+02
7.472337899999998854e+02 3.156487399999999752e+02
7.448639999999999191e+02 3.139706599999999526e+02
7.422435799999999517e+02 3.127263999999999555e+02
7.394502599999999575e+02 3.119424999999999386e+02
7.365616999999999734e+02 3.116513899999999353e+02
7.365616999999999734e+02 3.116513600000000110e+02
