4.833502500000000168e+02 7.519307899999999734e+01
4.799831900000000360e+02 7.529137899999999206e+01
4.769619600000000332e+02 7.603745899999999835e+01
4.742956400000000485e+02 7.734943900000000383e+01
4.719990800000000490e+02 7.914549900000000093e+01
4.700872400000000653e+02 8.134185899999999947e+01
4.685711100000000897e+02 8.385470899999999972e+01
4.674636500000000865e+02 8.660218899999999564e+01
4.667797300000000860e+02 8.950246899999999073e+01
4.665303800000000933e+02 9.247173899999998525e+01
4.667305200000000696e+02 9.542621899999998902e+01
4.673930600000000481e+02 9.828602299999998593e+01
4.685290100000000280e+02 1.009673099999999835e+02
4.701552600000000552e+02 1.033863499999999789e+02
4.722827900000000341e+02 1.054612399999999752e+02
4.749245500000000106e+02 1.071082099999999713e+02
4.780935100000000375e+02 1.082453999999999752e+02
4.812315900000000397e+02 1.090949799999999783e+02
4.842448600000000170e+02 1.092746699999999720e+02
4.870952000000000339e+02 1.088541999999999774e+02
4.897503700000000322e+02 1.078975699999999733e+02
4.921761500000000069e+02 1.064745699999999715e+02
4.943382900000000291e+02 1.046530699999999712e+02
4.962046100000000024e+02 1.024970399999999700e+02
4.977388900000000262e+02 1.000762699999999654e+02
4.996785300000000234e+02 9.470418899999997109e+01
5.000154700000000503e+02 9.188663899999997398e+01
4.998874500000000580e+02 8.907386899999997354e+01
4.992563900000000672e+02 8.632977899999997362e+01
4.980919600000000855e+02 8.372424899999997194e+01
4.963580500000001052e+02 8.132119899999997870e+01
4.940223500000001309e+02 7.919045899999997573e+01
4.916525600000001077e+02 7.751237899999998149e+01
4.890321400000000835e+02 7.626811899999998445e+01
4.862388200000000893e+02 7.548421899999998175e+01
4.833502500000000737e+02 7.519310899999997844e+01
4.833502500000000168e+02 7.519307899999999734e+01
