6.433031200000000354e+02 2.239051399999999887e+02
6.399360500000000229e+02 2.240034399999999835e+02
6.369148300000000518e+02 2.247495199999999897e+02
6.342485000000000355e+02 2.260614999999999952e+02
6.319519500000000107e+02 2.278575600000000065e+02
6.300401100000000270e+02 2.300539200000000051e+02
6.285239800000000514e+02 2.325667699999999911e+02
6.274165100000000166e+02 2.353142399999999839e+02
6.267325900000000729e+02 2.382145299999999963e+02
6.264832400000000234e+02 2.411837999999999909e+02
6.266833800000000565e+02 2.441382799999999804e+02
6.273459200000000919e+02 2.469980799999999874e+02
6.284818800000000465e+02 2.496793499999999995e+02
6.301081200000000990e+02 2.520983899999999949e+02
6.322356500000000779e+02 2.541732900000000086e+02
6.348774200000000292e+02 2.558202600000000189e+02
6.380463700000000244e+02 2.569574499999999944e+02
6.411844499999999698e+02 2.578070299999999975e+02
6.441977299999999786e+02 2.579867199999999912e+02
6.470480599999999640e+02 2.575662499999999682e+02
6.497032399999999370e+02 2.566096199999999499e+02
6.521290099999998802e+02 2.551866199999999480e+02
6.542911499999999023e+02 2.533651199999999619e+02
6.561574799999998504e+02 2.512090899999999749e+02
6.576917599999998174e+02 2.487883199999999704e+02
6.596313999999998714e+02 2.434162499999999625e+02
6.599683399999998983e+02 2.405986999999999512e+02
6.598403099999999313e+02 2.377859299999999507e+02
6.592092499999998836e+02 2.350418399999999508e+02
6.580448299999999335e+02 2.324363099999999633e+02
6.563109099999999216e+02 2.300332599999999559e+02
6.539752099999999473e+02 2.279025199999999529e+02
6.516054199999999810e+02 2.262244399999999587e+02
6.489850000000000136e+02 2.249801799999999616e+02
6.461916800000000194e+02 2.241962799999999731e+02
6.433031200000000354e+02 2.239051599999999667e+02
6.433031200000000354e+02 2.239051399999999887e+02
