6.111464200000000346e+02 1.929707999999999970e+02
6.077793599999999969e+02 1.930690999999999917e+02
6.047581300000000510e+02 1.938151900000000012e+02
6.020918100000000095e+02 1.951271600000000035e+02
5.997952500000000100e+02 1.969232200000000148e+02
5.978834100000000262e+02 1.991195900000000165e+02
5.963672800000000507e+02 2.016324400000000026e+02
5.952598200000001043e+02 2.043799099999999953e+02
5.945759000000001606e+02 2.072801900000000046e+02
5.943265500000001111e+02 2.102494700000000023e+02
5.945266900000001442e+02 2.132039499999999919e+02
5.951892300000001796e+02 2.160637499999999989e+02
5.963251800000001595e+02 2.187450299999999856e+02
5.979514300000001867e+02 2.211640699999999811e+02
6.000789600000001656e+02 2.232389599999999916e+02
6.027207200000001421e+02 2.248859400000000051e+02
6.058896800000001122e+02 2.260231200000000058e+02
6.090277600000000575e+02 2.268727000000000089e+02
6.120410400000000664e+02 2.270523900000000026e+02
6.148913700000000517e+02 2.266319300000000112e+02
6.175465500000000247e+02 2.256753000000000213e+02
6.199723200000000816e+02 2.242522900000000163e+02
6.221344600000001037e+02 2.224308000000000050e+02
6.240007800000000771e+02 2.202747700000000179e+02
6.255350600000000441e+02 2.178540000000000134e+02
6.274747000000000980e+02 2.124819100000000276e+02
6.278116400000001249e+02 2.096643600000000163e+02
6.276836200000001327e+02 2.068515900000000158e+02
6.270525600000000850e+02 2.041075000000000159e+02
6.258881300000000465e+02 2.015019700000000284e+02
6.241542200000000093e+02 1.990989200000000210e+02
6.218185200000000350e+02 1.969681800000000180e+02
6.194487300000000687e+02 1.952901100000000270e+02
6.168283100000001014e+02 1.940458400000000267e+02
6.140349900000001071e+02 1.932619400000000383e+02
6.111464200000001483e+02 1.929708300000000349e+02
6.111464200000000346e+02 1.929707999999999970e+02
