7.060887400000000298e+02 2.829726299999999810e+02
7.027216799999999921e+02 2.830709299999999757e+02
6.997004500000000462e+02 2.838170199999999568e+02
6.970341300000000047e+02 2.851289899999999307e+02
6.947375700000000052e+02 2.869250499999999420e+02
6.928257300000000214e+02 2.891214199999999437e+02
6.913096000000000458e+02 2.916342699999999581e+02
6.902021400000000995e+02 2.943817399999999793e+02
6.895182200000001558e+02 2.972820199999999886e+02
6.892688700000001063e+02 3.002513000000000147e+02
6.894690100000001394e+02 3.032057800000000043e+02
6.901315500000001748e+02 3.060655699999999797e+02
6.912675000000001546e+02 3.087468599999999697e+02
6.928937500000001819e+02 3.111658999999999651e+02
6.950212800000001607e+02 3.132407899999999472e+02
6.976630400000001373e+02 3.148877799999999638e+02
7.008320000000001073e+02 3.160249499999999898e+02
7.039700800000000527e+02 3.168745299999999929e+02
7.069833600000000615e+02 3.170542199999999866e+02
7.098336900000000469e+02 3.166337599999999952e+02
7.124888700000000199e+02 3.156771200000000022e+02
7.149146399999999630e+02 3.142541299999999751e+02
7.170767799999999852e+02 3.124326399999999921e+02
7.189430999999999585e+02 3.102766100000000051e+02
7.204773799999999255e+02 3.078558300000000258e+02
7.224170199999999795e+02 3.024837500000000432e+02
7.227539600000000064e+02 2.996662000000000603e+02
7.226259400000000142e+02 2.968534300000000599e+02
7.219948799999999665e+02 2.941093400000000884e+02
7.208304499999999280e+02 2.915038100000001009e+02
7.190965399999998908e+02 2.891007600000000934e+02
7.167608399999999165e+02 2.869700200000000905e+02
7.143910499999999502e+02 2.852919400000000678e+02
7.117706299999999828e+02 2.840476800000000708e+02
7.089773099999999886e+02 2.832637800000000539e+02
7.060887400000000298e+02 2.829726600000000758e+02
7.060887400000000298e+02 2.829726299999999810e+02
