6.751856400000000349e+02 2.528676100000000133e+02
6.718185700000000224e+02 2.529659100000000080e+02
6.687973500000000513e+02 2.537119900000000143e+02
6.661310200000000350e+02 2.550239700000000198e+02
6.638344700000000103e+02 2.568200300000000311e+02
6.619226300000000265e+02 2.590164100000000076e+02
6.604065000000000509e+02 2.615292400000000157e+02
6.592990300000000161e+02 2.642767200000000116e+02
6.586151100000000724e+02 2.671770000000000209e+02
6.583657600000000230e+02 2.701462700000000154e+02
6.585659000000000560e+02 2.731007500000000050e+02
6.592284400000000915e+02 2.759605500000000120e+02
6.603644000000000460e+02 2.786418400000000020e+02
6.619906400000000986e+02 2.810608799999999974e+02
6.641181700000000774e+02 2.831357699999999795e+02
6.667599300000000540e+02 2.847827399999999898e+02
6.699288900000000240e+02 2.859199299999999653e+02
6.730669699999999693e+02 2.867695099999999684e+02
6.760802499999999782e+02 2.869491999999999621e+02
6.789305799999999635e+02 2.865287399999999707e+02
6.815857599999999366e+02 2.855720999999999776e+02
6.840115299999999934e+02 2.841490999999999758e+02
6.861736700000000155e+02 2.823275999999999613e+02
6.880399999999999636e+02 2.801715699999999742e+02
6.895742799999999306e+02 2.777508100000000013e+02
6.915139199999999846e+02 2.723787199999999871e+02
6.918508600000000115e+02 2.695611700000000042e+02
6.917228300000000445e+02 2.667484000000000037e+02
6.910917699999999968e+02 2.640043100000000322e+02
6.899273500000000467e+02 2.613987800000000448e+02
6.881934300000000349e+02 2.589957300000000373e+02
6.858577300000000605e+02 2.568650000000000091e+02
6.834879400000000942e+02 2.551869100000000117e+02
6.808675200000001269e+02 2.539426500000000146e+02
6.780742000000001326e+02 2.531587500000000261e+02
6.751856400000001486e+02 2.528676400000000228e+02
6.751856400000000349e+02 2.528676100000000133e+02
