4.229789200000000164e+02 1.655814900000000023e+01
4.196118500000000040e+02 1.665644899999999851e+01
4.165906299999999760e+02 1.740253899999999732e+01
4.139243099999999913e+02 1.871450899999999606e+01
4.116277499999999918e+02 2.051056899999999672e+01
4.097159100000000080e+02 2.270693899999999843e+01
4.081997800000000325e+02 2.521978899999999868e+01
4.070923200000000293e+02 2.796725899999999854e+01
4.064084000000000287e+02 3.086753899999999717e+01
4.061590500000000361e+02 3.383681899999999843e+01
4.063591900000000123e+02 3.679129899999999509e+01
4.070217299999999909e+02 3.965109899999999499e+01
4.081576799999999707e+02 4.233237899999999598e+01
4.097839299999999980e+02 4.475141899999999850e+01
4.119114599999999768e+02 4.682630899999999485e+01
4.145532199999999534e+02 4.847328899999999408e+01
4.177221799999999803e+02 4.961046899999999482e+01
4.208602599999999825e+02 5.046004899999999793e+01
4.238735299999999597e+02 5.063973899999999873e+01
4.267238599999999451e+02 5.021927900000000022e+01
4.293790399999999181e+02 4.926263900000000007e+01
4.318048199999998928e+02 4.783963899999999825e+01
4.339669599999999150e+02 4.601814900000000108e+01
4.358332799999998883e+02 4.386211899999999986e+01
4.373675599999999122e+02 4.144134900000000243e+01
4.393071999999999093e+02 3.606925900000000240e+01
4.396441399999999362e+02 3.325170900000000529e+01
4.395161199999999440e+02 3.043893900000000485e+01
4.388850599999999531e+02 2.769484900000000493e+01
4.377206299999999715e+02 2.508931900000000326e+01
4.359867199999999912e+02 2.268626900000000290e+01
4.336510099999999852e+02 2.055552900000000349e+01
4.312812299999999937e+02 1.887744900000000214e+01
4.286607999999999947e+02 1.763318900000000156e+01
4.258674899999999752e+02 1.684928900000000240e+01
4.229789199999999596e+02 1.655817900000000265e+01
4.229789200000000164e+02 1.655814900000000023e+01
