7.848626900000000433e+02 2.572440399999999840e+02
7.814958500000000186e+02 2.573502300000000105e+02
7.784763900000000376e+02 2.581034000000000219e+02
7.758131500000000642e+02 2.594216300000000501e+02
7.735208200000000716e+02 2.612230800000000386e+02
7.716141400000000203e+02 2.634239300000000412e+02
7.701039100000000417e+02 2.659403300000000172e+02
7.690029000000000678e+02 2.686904000000000110e+02
7.683257900000000973e+02 2.715922800000000166e+02
7.680834200000000465e+02 2.745621199999999931e+02
7.682904800000000023e+02 2.775161299999999756e+02
7.689597400000000107e+02 2.803743599999999674e+02
7.701019800000000259e+02 2.830529699999999593e+02
7.717339100000000371e+02 2.854681899999999359e+02
7.738663000000000238e+02 2.875380799999999226e+02
7.765119200000000319e+02 2.891788499999998976e+02
7.796835300000000188e+02 2.903085899999999242e+02
7.828236000000000558e+02 2.911508099999999217e+02
7.858372900000000527e+02 2.913234299999999166e+02
7.886866200000000617e+02 2.908962699999999018e+02
7.913395500000000311e+02 2.899334099999999239e+02
7.937619799999999941e+02 2.885047099999999318e+02
7.959198400000000220e+02 2.866781499999999596e+02
7.977811000000000377e+02 2.845177499999999782e+02
7.993096900000000460e+02 2.820933799999999678e+02
8.012367199999999912e+02 2.767167599999999652e+02
8.015670499999999947e+02 2.738984199999999873e+02
8.014324199999999792e+02 2.710859600000000000e+02
8.007949199999999337e+02 2.683433600000000183e+02
7.996243799999999737e+02 2.657405699999999911e+02
7.978848199999999906e+02 2.633415999999999713e+02
7.955441299999999956e+02 2.612163399999999456e+02
7.931704099999999471e+02 2.595438399999999319e+02
7.905470699999999624e+02 2.583057299999999259e+02
7.877519199999999273e+02 2.575283899999999448e+02
7.848626899999999296e+02 2.572440499999999588e+02
7.848626900000000433e+02 2.572440399999999840e+02
