7.562354000000000269e+02 3.840267000000000053e+02
7.528683399999999892e+02 3.841250000000000000e+02
7.498471100000000433e+02 3.848710800000000063e+02
7.471807900000000018e+02 3.861830600000000118e+02
7.448842300000000023e+02 3.879791299999999978e+02
7.429723900000000185e+02 3.901754799999999932e+02
7.414562600000000430e+02 3.926883399999999824e+02
7.403488000000000966e+02 3.954358199999999783e+02
7.396648800000001529e+02 3.983360899999999560e+02
7.394155300000001034e+02 4.013053699999999822e+02
7.396156700000001365e+02 4.042598399999999970e+02
7.402782100000001719e+02 4.071196400000000040e+02
7.414141600000001517e+02 4.098009200000000192e+02
7.430404100000001790e+02 4.122199600000000146e+02
7.451679400000001579e+02 4.142948600000000283e+02
7.478097000000001344e+02 4.159418400000000133e+02
7.509786600000001044e+02 4.170790200000000141e+02
7.541167400000000498e+02 4.179286000000000172e+02
7.571300100000000839e+02 4.181082900000000109e+02
7.599803500000000440e+02 4.176878199999999879e+02
7.626355200000000423e+02 4.167311899999999696e+02
7.650613000000000739e+02 4.153081999999999425e+02
7.672234400000000960e+02 4.134866899999999532e+02
7.690897600000000693e+02 4.113306599999999662e+02
7.706240400000000363e+02 4.089098899999999617e+02
7.725636800000000903e+02 4.035378099999999790e+02
7.729006200000001172e+02 4.007202699999999709e+02
7.727726000000001250e+02 3.979074999999999704e+02
7.721415400000000773e+02 3.951634099999999989e+02
7.709771100000000388e+02 3.925578800000000115e+02
7.692432000000000016e+02 3.901548300000000040e+02
7.669075000000000273e+02 3.880240800000000263e+02
7.645377100000000610e+02 3.863460000000000036e+02
7.619172900000000936e+02 3.851017400000000066e+02
7.591239700000000994e+02 3.843178399999999897e+02
7.562354000000001406e+02 3.840267299999999864e+02
7.562354000000000269e+02 3.840267000000000053e+02
