5.384513399999999592e+02 1.748453000000000088e+02
5.350842699999999468e+02 1.749436000000000035e+02
5.320630499999999756e+02 1.756896800000000098e+02
5.293967199999999593e+02 1.770016600000000153e+02
5.271001699999999346e+02 1.787977200000000266e+02
5.251883299999999508e+02 1.809940900000000283e+02
5.236721999999999753e+02 1.835069400000000144e+02
5.225647400000000289e+02 1.862544100000000071e+02
5.218808200000000852e+02 1.891546900000000164e+02
5.216314600000000610e+02 1.921239600000000110e+02
5.218316000000000940e+02 1.950784400000000005e+02
5.224941400000001295e+02 1.979382400000000075e+02
5.236301000000000840e+02 2.006195299999999975e+02
5.252563400000001366e+02 2.030385699999999929e+02
5.273838700000001154e+02 2.051134600000000034e+02
5.300256400000000667e+02 2.067604400000000169e+02
5.331945900000000620e+02 2.078976200000000176e+02
5.363326700000000073e+02 2.087472000000000207e+02
5.393459500000000162e+02 2.089268900000000144e+02
5.421962800000000016e+02 2.085064300000000230e+02
5.448514599999999746e+02 2.075497900000000300e+02
5.472772299999999177e+02 2.061267900000000282e+02
5.494393699999999399e+02 2.043053000000000168e+02
5.513056999999998880e+02 2.021492600000000266e+02
5.528399799999998550e+02 1.997285000000000252e+02
5.547796199999999089e+02 1.943564100000000394e+02
5.551165599999999358e+02 1.915388600000000281e+02
5.549885399999999436e+02 1.887260900000000277e+02
5.543574699999999211e+02 1.859820000000000277e+02
5.531930499999999711e+02 1.833764700000000403e+02
5.514591299999999592e+02 1.809734200000000328e+02
5.491234299999999848e+02 1.788426800000000298e+02
5.467536400000000185e+02 1.771646000000000356e+02
5.441332200000000512e+02 1.759203400000000386e+02
5.413399000000000569e+02 1.751364400000000501e+02
5.384513400000000729e+02 1.748453300000000468e+02
5.384513399999999592e+02 1.748453000000000088e+02
