6.638154399999999669e+02 2.944019599999999741e+02
6.604483699999999544e+02 2.945002599999999688e+02
6.574271499999999833e+02 2.952463399999999751e+02
6.547608199999999670e+02 2.965583199999999806e+02
6.524642699999999422e+02 2.983543799999999919e+02
6.505524299999999585e+02 3.005507599999999684e+02
6.490362999999999829e+02 3.030635899999999765e+02
6.479288299999999481e+02 3.058110699999999724e+02
6.472449100000000044e+02 3.087113499999999817e+02
6.469955599999999549e+02 3.116806199999999762e+02
6.471956999999999880e+02 3.146350999999999658e+02
6.478582400000000234e+02 3.174948999999999728e+02
6.489941999999999780e+02 3.201761899999999628e+02
6.506204400000000305e+02 3.225952299999999582e+02
6.527479700000000093e+02 3.246701199999999403e+02
6.553897299999999859e+02 3.263170899999999506e+02
6.585586899999999559e+02 3.274542799999999261e+02
6.616967699999999013e+02 3.283038599999999292e+02
6.647100499999999101e+02 3.284835499999999229e+02
6.675603799999998955e+02 3.280630899999999315e+02
6.702155599999998685e+02 3.271064499999999384e+02
6.726413299999999253e+02 3.256834499999999366e+02
6.748034699999999475e+02 3.238619499999999221e+02
6.766697999999998956e+02 3.217059199999999350e+02
6.782040799999998626e+02 3.192851599999999621e+02
6.801437199999999166e+02 3.139130699999999479e+02
6.804806599999999435e+02 3.110955199999999650e+02
6.803526299999999765e+02 3.082827499999999645e+02
6.797215699999999288e+02 3.055386599999999362e+02
6.785571499999999787e+02 3.029331299999999487e+02
6.768232299999999668e+02 3.005300799999999413e+02
6.744875299999999925e+02 2.983993499999999131e+02
6.721177400000000262e+02 2.967212599999999156e+02
6.694973200000000588e+02 2.954769999999999186e+02
6.667040000000000646e+02 2.946930999999999017e+02
6.638154400000000805e+02 2.944019899999998984e+02
6.638154399999999669e+02 2.944019599999999741e+02
