6.947185399999999618e+02 3.245069799999999987e+02
6.913514799999999241e+02 3.246052799999999934e+02
6.883302499999999782e+02 3.253513699999999744e+02
6.856639299999999366e+02 3.266633399999999483e+02
6.833673699999999371e+02 3.284593999999999596e+02
6.814555299999999534e+02 3.306557699999999613e+02
6.799393999999999778e+02 3.331686199999999758e+02
6.788319400000000314e+02 3.359160899999999970e+02
6.781480200000000877e+02 3.388163700000000063e+02
6.778986700000000383e+02 3.417856500000000324e+02
6.780988100000000713e+02 3.447401300000000219e+02
6.787613500000001068e+02 3.475999199999999973e+02
6.798973000000000866e+02 3.502812099999999873e+02
6.815235500000001139e+02 3.527002499999999827e+02
6.836510800000000927e+02 3.547751399999999649e+02
6.862928400000000693e+02 3.564221299999999815e+02
6.894618000000000393e+02 3.575593000000000075e+02
6.925998799999999846e+02 3.584088800000000106e+02
6.956131599999999935e+02 3.585885700000000043e+02
6.984634899999999789e+02 3.581681100000000129e+02
7.011186699999999519e+02 3.572114700000000198e+02
7.035444399999998950e+02 3.557884799999999927e+02
7.057065799999999172e+02 3.539669900000000098e+02
7.075728999999998905e+02 3.518109600000000228e+02
7.091071799999998575e+02 3.493901800000000435e+02
7.110468199999999115e+02 3.440181000000000608e+02
7.113837599999999384e+02 3.412005500000000779e+02
7.112557399999999461e+02 3.383877800000000775e+02
7.106246799999998984e+02 3.356436900000001060e+02
7.094602499999998599e+02 3.330381600000001185e+02
7.077263399999998228e+02 3.306351100000001111e+02
7.053906399999998484e+02 3.285043700000001081e+02
7.030208499999998821e+02 3.268262900000000855e+02
7.004004299999999148e+02 3.255820300000000884e+02
6.976071099999999205e+02 3.247981300000000715e+02
6.947185399999999618e+02 3.245070100000000934e+02
6.947185399999999618e+02 3.245069799999999987e+02
