7.894965600000000450e+02 4.142455899999999929e+02
7.861294900000000325e+02 4.143438899999999876e+02
7.831082700000000614e+02 4.150899799999999686e+02
7.804419500000000198e+02 4.164019599999999741e+02
7.781453900000000203e+02 4.181980199999999854e+02
7.762335500000000366e+02 4.203943800000000124e+02
7.747174200000000610e+02 4.229072300000000268e+02
7.736099600000001146e+02 4.256547000000000480e+02
7.729260400000001709e+02 4.285549900000000321e+02
7.726766900000001215e+02 4.315242600000000266e+02
7.728768300000001545e+02 4.344787400000000162e+02
7.735393700000001900e+02 4.373385400000000232e+02
7.746753200000001698e+02 4.400198200000000384e+02
7.763015700000001971e+02 4.424388600000000338e+02
7.784291000000001759e+02 4.445137600000000475e+02
7.810708600000001525e+02 4.461607300000000578e+02
7.842398200000001225e+02 4.472979100000000585e+02
7.873779000000000678e+02 4.481474900000000616e+02
7.903911700000001019e+02 4.483271800000000553e+02
7.932415100000000621e+02 4.479067100000000323e+02
7.958966800000000603e+02 4.469500900000000456e+02
7.983224600000000919e+02 4.455270900000000438e+02
8.004846000000001141e+02 4.437055800000000545e+02
8.023509200000000874e+02 4.415495500000000675e+02
8.038852000000000544e+02 4.391287800000000630e+02
8.058248400000001084e+02 4.337567000000000803e+02
8.061617800000001353e+02 4.309391500000000974e+02
8.060337600000001430e+02 4.281263900000000717e+02
8.054027000000000953e+02 4.253823000000001002e+02
8.042382700000000568e+02 4.227767700000001128e+02
8.025043600000000197e+02 4.203737100000001305e+02
8.001686600000000453e+02 4.182429700000001276e+02
7.977988700000000790e+02 4.165648900000001049e+02
7.951784500000001117e+02 4.153206300000001079e+02
7.923851300000001174e+02 4.145367300000000910e+02
7.894965600000001587e+02 4.142456200000000877e+02
7.894965600000000450e+02 4.142455899999999929e+02
