5.061303100000000086e+02 1.456973500000000001e+02
5.027632399999999961e+02 1.457956499999999949e+02
4.997420199999999681e+02 1.465417400000000043e+02
4.970756899999999519e+02 1.478537100000000066e+02
4.947791399999999271e+02 1.496497700000000179e+02
4.928672999999999433e+02 1.518461400000000197e+02
4.913511699999999678e+02 1.543589900000000057e+02
4.902436999999999898e+02 1.571064599999999984e+02
4.895597799999999893e+02 1.600067400000000077e+02
4.893104299999999967e+02 1.629760100000000023e+02
4.895105699999999729e+02 1.659304999999999950e+02
4.901731099999999515e+02 1.687902899999999988e+02
4.913090699999999629e+02 1.714715799999999888e+02
4.929353099999999586e+02 1.738906199999999842e+02
4.950628399999999374e+02 1.759655099999999948e+02
4.977045999999999140e+02 1.776124900000000082e+02
5.008735599999999408e+02 1.787496700000000089e+02
5.040116399999999430e+02 1.795992500000000121e+02
5.070249199999999519e+02 1.797789400000000057e+02
5.098752499999999372e+02 1.793584800000000143e+02
5.125304299999999103e+02 1.784018400000000213e+02
5.149561999999998534e+02 1.769788400000000195e+02
5.171183399999998755e+02 1.751573500000000081e+02
5.189846699999998236e+02 1.730013200000000211e+02
5.205189499999997906e+02 1.705805500000000166e+02
5.224585899999998446e+02 1.652084600000000023e+02
5.227955299999998715e+02 1.623909099999999910e+02
5.226674999999999045e+02 1.595781399999999906e+02
5.220364399999998568e+02 1.568340499999999906e+02
5.208720199999999068e+02 1.542285200000000032e+02
5.191380999999998949e+02 1.518254699999999957e+02
5.168023999999999205e+02 1.496947299999999927e+02
5.144326099999999542e+02 1.480166499999999985e+02
5.118121899999999300e+02 1.467723900000000015e+02
5.090188699999999358e+02 1.459884900000000130e+02
5.061303099999999517e+02 1.456973800000000097e+02
5.061303100000000086e+02 1.456973500000000001e+02
