6.008368799999999510e+02 2.341516000000000020e+02
5.974698199999999133e+02 2.342498999999999967e+02
5.944485899999999674e+02 2.349959900000000061e+02
5.917822699999999259e+02 2.363079600000000084e+02
5.894857099999999264e+02 2.381040200000000198e+02
5.875738699999999426e+02 2.403003900000000215e+02
5.860577399999999670e+02 2.428132400000000075e+02
5.849502800000000207e+02 2.455607100000000003e+02
5.842663600000000770e+02 2.484609900000000096e+02
5.840170100000000275e+02 2.514302700000000073e+02
5.842171500000000606e+02 2.543847499999999968e+02
5.848796900000000960e+02 2.572445500000000038e+02
5.860156400000000758e+02 2.599258300000000190e+02
5.876418900000001031e+02 2.623448700000000144e+02
5.897694200000000819e+02 2.644197599999999966e+02
5.924111800000000585e+02 2.660667399999999816e+02
5.955801400000000285e+02 2.672039199999999823e+02
5.987182199999999739e+02 2.680534999999999854e+02
6.017314999999999827e+02 2.682331899999999791e+02
6.045818299999999681e+02 2.678127299999999877e+02
6.072370099999999411e+02 2.668560999999999694e+02
6.096627799999998842e+02 2.654330899999999929e+02
6.118249199999999064e+02 2.636116000000000099e+02
6.136912399999998797e+02 2.614555700000000229e+02
6.152255199999998467e+02 2.590348000000000184e+02
6.171651599999999007e+02 2.536627100000000041e+02
6.175020999999999276e+02 2.508451599999999928e+02
6.173740799999999354e+02 2.480323899999999924e+02
6.167430199999998877e+02 2.452882999999999925e+02
6.155785899999998492e+02 2.426827700000000050e+02
6.138446799999998120e+02 2.402797199999999975e+02
6.115089799999998377e+02 2.381489799999999946e+02
6.091391899999998714e+02 2.364709100000000035e+02
6.065187699999999040e+02 2.352266400000000033e+02
6.037254499999999098e+02 2.344427400000000148e+02
6.008368799999999510e+02 2.341516300000000115e+02
6.008368799999999510e+02 2.341516000000000020e+02
