7.485670300000000452e+02 4.256437399999999798e+02
7.451999600000000328e+02 4.257420399999999745e+02
7.421787400000000616e+02 4.264881299999999555e+02
7.395124200000000201e+02 4.278001099999999610e+02
7.372158600000000206e+02 4.295961699999999723e+02
7.353040200000000368e+02 4.317925299999999993e+02
7.337878900000000613e+02 4.343053800000000138e+02
7.326804300000001149e+02 4.370528500000000349e+02
7.319965100000001712e+02 4.399531400000000190e+02
7.317471600000001217e+02 4.429224100000000135e+02
7.319473000000001548e+02 4.458768900000000031e+02
7.326098400000001902e+02 4.487366900000000101e+02
7.337457900000001700e+02 4.514179700000000253e+02
7.353720400000001973e+02 4.538370100000000207e+02
7.374995700000001762e+02 4.559119100000000344e+02
7.401413300000001527e+02 4.575588800000000447e+02
7.433102900000001227e+02 4.586960600000000454e+02
7.464483700000000681e+02 4.595456400000000485e+02
7.494616400000001022e+02 4.597253300000000422e+02
7.523119800000000623e+02 4.593048600000000192e+02
7.549671500000000606e+02 4.583482400000000325e+02
7.573929300000000922e+02 4.569252400000000307e+02
7.595550700000001143e+02 4.551037300000000414e+02
7.614213900000000876e+02 4.529477000000000544e+02
7.629556700000000546e+02 4.505269300000000499e+02
7.648953100000001086e+02 4.451548500000000672e+02
7.652322500000001355e+02 4.423373000000000843e+02
7.651042300000001433e+02 4.395245400000000586e+02
7.644731700000000956e+02 4.367804500000000871e+02
7.633087400000000571e+02 4.341749200000000997e+02
7.615748300000000199e+02 4.317718600000001175e+02
7.592391300000000456e+02 4.296411200000001145e+02
7.568693400000000793e+02 4.279630400000000918e+02
7.542489200000001119e+02 4.267187800000000948e+02
7.514556000000001177e+02 4.259348800000000779e+02
7.485670300000001589e+02 4.256437700000000746e+02
7.485670300000000452e+02 4.256437399999999798e+02
