7.239911100000000488e+02 1.980876000000000090e+02
7.206242799999999988e+02 1.981937800000000038e+02
7.176048200000000179e+02 1.989469599999999900e+02
7.149415800000000445e+02 2.002651799999999866e+02
7.126492400000000771e+02 2.020666299999999751e+02
7.107425700000001143e+02 2.042674699999999746e+02
7.092323300000001609e+02 2.067838699999999790e+02
7.081313300000001618e+02 2.095339399999999728e+02
7.074542200000001912e+02 2.124358199999999783e+02
7.072118400000001657e+02 2.154056699999999864e+02
7.074189100000002099e+02 2.183596699999999942e+02
7.080881600000002436e+02 2.212179099999999892e+02
7.092304000000002588e+02 2.238965199999999811e+02
7.108623300000002700e+02 2.263117299999999830e+02
7.129947200000002567e+02 2.283816299999999728e+02
7.156403400000002648e+02 2.300223999999999762e+02
7.188119600000002265e+02 2.311521499999999776e+02
7.219520200000001751e+02 2.319943599999999719e+02
7.249657100000001719e+02 2.321669699999999636e+02
7.278150600000001305e+02 2.317398099999999772e+02
7.304679800000001251e+02 2.307769499999999709e+02
7.328904000000001133e+02 2.293482599999999820e+02
7.350482600000001412e+02 2.275216999999999814e+02
7.369095200000001569e+02 2.253612899999999684e+02
7.384381100000001652e+02 2.229369299999999612e+02
7.403651400000001104e+02 2.175602999999999554e+02
7.406954700000001139e+02 2.147419699999999523e+02
7.405608400000000984e+02 2.119295099999999650e+02
7.399233400000000529e+02 2.091869099999999548e+02
7.387528000000000930e+02 2.065841199999999560e+02
7.370132400000001098e+02 2.041851399999999614e+02
7.346725500000001148e+02 2.020598899999999674e+02
7.322988300000000663e+02 2.003873799999999790e+02
7.296755000000000564e+02 1.991492799999999761e+02
7.268803500000000213e+02 1.983719399999999666e+02
7.239911100000000488e+02 1.980876099999999553e+02
7.239911100000000488e+02 1.980876000000000090e+02
