6.228859099999999671e+02 3.058001100000000179e+02
6.195188399999999547e+02 3.058984100000000126e+02
6.164976199999999835e+02 3.066444900000000189e+02
6.138312899999999672e+02 3.079564700000000244e+02
6.115347399999999425e+02 3.097525300000000357e+02
6.096228999999999587e+02 3.119489100000000121e+02
6.081067699999999832e+02 3.144617400000000202e+02
6.069992999999999483e+02 3.172092200000000162e+02
6.063153800000000047e+02 3.201095000000000255e+02
6.060660299999999552e+02 3.230787700000000200e+02
6.062661699999999882e+02 3.260332500000000095e+02
6.069287100000000237e+02 3.288930500000000166e+02
6.080646699999999782e+02 3.315743400000000065e+02
6.096909100000000308e+02 3.339933800000000019e+02
6.118184400000000096e+02 3.360682699999999841e+02
6.144601999999999862e+02 3.377152399999999943e+02
6.176291599999999562e+02 3.388524299999999698e+02
6.207672399999999016e+02 3.397020099999999729e+02
6.237805199999999104e+02 3.398816999999999666e+02
6.266308499999998958e+02 3.394612399999999752e+02
6.292860299999998688e+02 3.385045999999999822e+02
6.317117999999998119e+02 3.370815999999999804e+02
6.338739399999998341e+02 3.352600999999999658e+02
6.357402699999997822e+02 3.331040699999999788e+02
6.372745499999997492e+02 3.306833100000000059e+02
6.392141899999998031e+02 3.253112199999999916e+02
6.395511299999998300e+02 3.224936700000000087e+02
6.394230999999998630e+02 3.196809000000000083e+02
6.387920399999998153e+02 3.169368100000000368e+02
6.376276199999998653e+02 3.143312800000000493e+02
6.358936999999998534e+02 3.119282300000000419e+02
6.335579999999998790e+02 3.097975000000000136e+02
6.311882099999999127e+02 3.081194100000000162e+02
6.285677899999999454e+02 3.068751500000000192e+02
6.257744699999999511e+02 3.060912500000000023e+02
6.228859099999999671e+02 3.058001399999999990e+02
6.228859099999999671e+02 3.058001100000000179e+02
