5.599073499999999513e+02 2.455497499999999889e+02
5.565402899999999136e+02 2.456480499999999836e+02
5.535190599999999677e+02 2.463941399999999931e+02
5.508527399999999261e+02 2.477061099999999954e+02
5.485561799999999266e+02 2.495021700000000067e+02
5.466443399999999428e+02 2.516985400000000084e+02
5.451282099999999673e+02 2.542113899999999944e+02
5.440207500000000209e+02 2.569588600000000156e+02
5.433368300000000772e+02 2.598591400000000249e+02
5.430874800000000278e+02 2.628284200000000510e+02
5.432876200000000608e+02 2.657829000000000406e+02
5.439501600000000963e+02 2.686427000000000476e+02
5.450861100000000761e+02 2.713239800000000628e+02
5.467123600000001034e+02 2.737430200000000582e+02
5.488398900000000822e+02 2.758179100000000403e+02
5.514816500000000588e+02 2.774648900000000253e+02
5.546506100000000288e+02 2.786020700000000261e+02
5.577886899999999741e+02 2.794516500000000292e+02
5.608019699999999830e+02 2.796313400000000229e+02
5.636522999999999683e+02 2.792108800000000315e+02
5.663074799999999414e+02 2.782542500000000132e+02
5.687332499999999982e+02 2.768312400000000366e+02
5.708953900000000203e+02 2.750097500000000537e+02
5.727617099999999937e+02 2.728537200000000666e+02
5.742959899999999607e+02 2.704329500000000621e+02
5.762356300000000147e+02 2.650608600000000479e+02
5.765725700000000415e+02 2.622433100000000650e+02
5.764445500000000493e+02 2.594305400000000645e+02
5.758134900000000016e+02 2.566864500000000362e+02
5.746490599999999631e+02 2.540809200000000487e+02
5.729151499999999260e+02 2.516778700000000413e+02
5.705794499999999516e+02 2.495471300000000383e+02
5.682096599999999853e+02 2.478690600000000472e+02
5.655892400000000180e+02 2.466247900000000470e+02
5.627959200000000237e+02 2.458408900000000585e+02
5.599073500000000649e+02 2.455497800000000552e+02
5.599073499999999513e+02 2.455497499999999889e+02
