4.758691400000000158e+02 1.177880899999999968e+02
4.725020800000000349e+02 1.178863899999999916e+02
4.694808500000000322e+02 1.186324699999999979e+02
4.668145300000000475e+02 1.199444500000000033e+02
4.645179700000000480e+02 1.217405100000000004e+02
4.626061300000000642e+02 1.239368699999999990e+02
4.610900000000000887e+02 1.264497199999999992e+02
4.599825400000000855e+02 1.291972000000000094e+02
4.592986200000000849e+02 1.320974800000000187e+02
4.590492700000000923e+02 1.350667500000000132e+02
4.592494100000000685e+02 1.380212300000000027e+02
4.599119500000000471e+02 1.408810300000000097e+02
4.610479000000000269e+02 1.435623199999999997e+02
4.626741500000000542e+02 1.459813599999999951e+02
4.648016800000000330e+02 1.480562500000000057e+02
4.674434400000000096e+02 1.497032200000000159e+02
4.706124000000000365e+02 1.508404100000000199e+02
4.737504800000000387e+02 1.516899900000000230e+02
4.767637500000000159e+02 1.518696800000000167e+02
4.796140900000000329e+02 1.514492100000000221e+02
4.822692600000000311e+02 1.504925800000000322e+02
4.846950400000000059e+02 1.490695800000000304e+02
4.868571800000000280e+02 1.472480800000000443e+02
4.887235000000000014e+02 1.450920500000000573e+02
4.902577800000000252e+02 1.426712800000000527e+02
4.921974200000000224e+02 1.372992000000000417e+02
4.925343600000000492e+02 1.344816500000000303e+02
4.924063400000000570e+02 1.316688800000000299e+02
4.917752800000000661e+02 1.289247900000000300e+02
4.906108500000000845e+02 1.263192600000000283e+02
4.888769400000001042e+02 1.239162100000000351e+02
4.865412400000001298e+02 1.217854700000000321e+02
4.841714500000001067e+02 1.201073900000000378e+02
4.815510300000000825e+02 1.188631300000000408e+02
4.787577100000000883e+02 1.180792300000000381e+02
4.758691400000000726e+02 1.177881200000000348e+02
4.758691400000000158e+02 1.177880899999999968e+02
