7.153058700000000272e+02 3.954248499999999922e+02
7.119388099999999895e+02 3.955231499999999869e+02
7.089175800000000436e+02 3.962692299999999932e+02
7.062512600000000020e+02 3.975812099999999987e+02
7.039547000000000025e+02 3.993772799999999847e+02
7.020428600000000188e+02 4.015736299999999801e+02
7.005267300000000432e+02 4.040864899999999693e+02
6.994192700000000968e+02 4.068339699999999652e+02
6.987353500000001532e+02 4.097342399999999429e+02
6.984860000000001037e+02 4.127035199999999691e+02
6.986861400000001368e+02 4.156579899999999839e+02
6.993486800000001722e+02 4.185177899999999909e+02
7.004846300000001520e+02 4.211990700000000061e+02
7.021108800000001793e+02 4.236181100000000015e+02
7.042384100000001581e+02 4.256930100000000152e+02
7.068801700000001347e+02 4.273399900000000002e+02
7.100491300000001047e+02 4.284771700000000010e+02
7.131872100000000501e+02 4.293267500000000041e+02
7.162004800000000841e+02 4.295064399999999978e+02
7.190508200000000443e+02 4.290859699999999748e+02
7.217059900000000425e+02 4.281293399999999565e+02
7.241317700000000741e+02 4.267063499999999294e+02
7.262939100000000963e+02 4.248848399999999401e+02
7.281602300000000696e+02 4.227288099999999531e+02
7.296945100000000366e+02 4.203080399999999486e+02
7.316341500000000906e+02 4.149359599999999659e+02
7.319710900000001175e+02 4.121184199999999578e+02
7.318430700000001252e+02 4.093056499999999573e+02
7.312120100000000775e+02 4.065615599999999858e+02
7.300475800000000390e+02 4.039560299999999984e+02
7.283136700000000019e+02 4.015529799999999909e+02
7.259779700000000275e+02 3.994222300000000132e+02
7.236081800000000612e+02 3.977441499999999905e+02
7.209877600000000939e+02 3.964998899999999935e+02
7.181944400000000996e+02 3.957159899999999766e+02
7.153058700000001409e+02 3.954248799999999733e+02
7.153058700000000272e+02 3.954248499999999922e+02
