5.913569400000000087e+02 2.768376400000000217e+02
5.879898699999999963e+02 2.769359400000000164e+02
5.849686500000000251e+02 2.776820200000000227e+02
5.823023200000000088e+02 2.789940000000000282e+02
5.800057699999999841e+02 2.807900600000000395e+02
5.780939300000000003e+02 2.829864200000000665e+02
5.765778000000000247e+02 2.854992700000000809e+02
5.754703299999999899e+02 2.882467400000001021e+02
5.747864100000000462e+02 2.911470300000000861e+02
5.745370599999999968e+02 2.941163000000000807e+02
5.747372000000000298e+02 2.970707800000000702e+02
5.753997400000000653e+02 2.999305800000000772e+02
5.765357000000000198e+02 3.026118500000000608e+02
5.781619400000000724e+02 3.050308900000000563e+02
5.802894700000000512e+02 3.071057900000000700e+02
5.829312400000000025e+02 3.087527600000000803e+02
5.861001899999999978e+02 3.098899500000000558e+02
5.892382699999999431e+02 3.107395300000000589e+02
5.922515499999999520e+02 3.109192200000000526e+02
5.951018799999999374e+02 3.104987500000000296e+02
5.977570599999999104e+02 3.095421200000000113e+02
6.001828299999999672e+02 3.081191200000000094e+02
6.023449699999999893e+02 3.062976199999999949e+02
6.042112999999999374e+02 3.041415900000000079e+02
6.057455799999999044e+02 3.017208200000000033e+02
6.076852199999999584e+02 2.963487499999999955e+02
6.080221599999999853e+02 2.935312000000000126e+02
6.078941300000000183e+02 2.907184300000000121e+02
6.072630699999999706e+02 2.879743399999999838e+02
6.060986500000000206e+02 2.853688099999999963e+02
6.043647300000000087e+02 2.829657599999999888e+02
6.020290300000000343e+02 2.808350199999999859e+02
5.996592400000000680e+02 2.791569399999999632e+02
5.970388200000001007e+02 2.779126799999999662e+02
5.942455000000001064e+02 2.771287799999999493e+02
5.913569400000001224e+02 2.768376599999999712e+02
5.913569400000000087e+02 2.768376400000000217e+02
