6.537890099999999620e+02 3.359051299999999856e+02
6.504219499999999243e+02 3.360034299999999803e+02
6.474007199999999784e+02 3.367495199999999613e+02
6.447343999999999369e+02 3.380614899999999352e+02
6.424378399999999374e+02 3.398575499999999465e+02
6.405259999999999536e+02 3.420539199999999482e+02
6.390098699999999781e+02 3.445667699999999627e+02
6.379024100000000317e+02 3.473142399999999839e+02
6.372184900000000880e+02 3.502145199999999932e+02
6.369691400000000385e+02 3.531838000000000193e+02
6.371692800000000716e+02 3.561382800000000088e+02
6.378318200000001070e+02 3.589980699999999842e+02
6.389677700000000868e+02 3.616793599999999742e+02
6.405940200000001141e+02 3.640983999999999696e+02
6.427215500000000930e+02 3.661732899999999518e+02
6.453633100000000695e+02 3.678202799999999684e+02
6.485322700000000395e+02 3.689574499999999944e+02
6.516703499999999849e+02 3.698070299999999975e+02
6.546836299999999937e+02 3.699867199999999912e+02
6.575339599999999791e+02 3.695662599999999998e+02
6.601891399999999521e+02 3.686096200000000067e+02
6.626149100000000089e+02 3.671866299999999796e+02
6.647770500000000311e+02 3.653651399999999967e+02
6.666433700000000044e+02 3.632091100000000097e+02
6.681776499999999714e+02 3.607883300000000304e+02
6.701172900000000254e+02 3.554162500000000477e+02
6.704542300000000523e+02 3.525987000000000648e+02
6.703262100000000601e+02 3.497859300000000644e+02
6.696951500000000124e+02 3.470418400000000929e+02
6.685307199999999739e+02 3.444363100000001054e+02
6.667968099999999367e+02 3.420332600000000980e+02
6.644611099999999624e+02 3.399025200000000950e+02
6.620913199999999961e+02 3.382244400000000724e+02
6.594709000000000287e+02 3.369801800000000753e+02
6.566775800000000345e+02 3.361962800000000584e+02
6.537890100000000757e+02 3.359051600000000803e+02
6.537890099999999620e+02 3.359051299999999856e+02
