4.644936700000000087e+02 1.592168200000000127e+02
4.611265999999999963e+02 1.593151200000000074e+02
4.581053799999999683e+02 1.600612100000000169e+02
4.554390499999999520e+02 1.613731800000000192e+02
4.531424999999999272e+02 1.631692400000000305e+02
4.512306599999999435e+02 1.653656100000000322e+02
4.497145299999999679e+02 1.678784600000000182e+02
4.486070599999999899e+02 1.706259300000000110e+02
4.479231399999999894e+02 1.735262100000000203e+02
4.476737899999999968e+02 1.764954800000000148e+02
4.478739299999999730e+02 1.794499700000000075e+02
4.485364699999999516e+02 1.823097600000000114e+02
4.496724299999999630e+02 1.849910500000000013e+02
4.512986699999999587e+02 1.874100899999999967e+02
4.534261999999999375e+02 1.894849800000000073e+02
4.560679599999999141e+02 1.911319600000000207e+02
4.592369199999999410e+02 1.922691400000000215e+02
4.623749999999999432e+02 1.931187200000000246e+02
4.653882799999999520e+02 1.932984100000000183e+02
4.682386099999999374e+02 1.928779500000000269e+02
4.708937899999999104e+02 1.919213100000000338e+02
4.733195599999999104e+02 1.904983100000000320e+02
4.754816999999999325e+02 1.886768200000000206e+02
4.773480299999999374e+02 1.865207900000000336e+02
4.788823099999999613e+02 1.841000200000000291e+02
4.808219499999999584e+02 1.787279300000000148e+02
4.811588899999999853e+02 1.759103800000000035e+02
4.810308599999999615e+02 1.730976100000000031e+02
4.803997999999999706e+02 1.703535200000000032e+02
4.792353799999999637e+02 1.677479900000000157e+02
4.775014599999999518e+02 1.653449400000000082e+02
4.751657599999999775e+02 1.632142000000000053e+02
4.727959699999999543e+02 1.615361200000000110e+02
4.701755499999999302e+02 1.602918600000000140e+02
4.673822299999999359e+02 1.595079600000000255e+02
4.644936699999999519e+02 1.592168500000000222e+02
4.644936700000000087e+02 1.592168200000000127e+02
