6.921013400000000502e+02 1.679475500000000068e+02
6.887345100000000002e+02 1.680537300000000016e+02
6.857150400000000445e+02 1.688069000000000131e+02
6.830518100000000459e+02 1.701251400000000160e+02
6.807594700000000785e+02 1.719265900000000045e+02
6.788528000000001157e+02 1.741274300000000039e+02
6.773425700000001370e+02 1.766438300000000083e+02
6.762415600000001632e+02 1.793938899999999990e+02
6.755644500000001926e+02 1.822957700000000045e+02
6.753220700000001671e+02 1.852656300000000158e+02
6.755291400000002113e+02 1.882196300000000235e+02
6.761984000000002197e+02 1.910778700000000185e+02
6.773406300000002602e+02 1.937564700000000073e+02
6.789725600000002714e+02 1.961716900000000123e+02
6.811049600000002329e+02 1.982415799999999990e+02
6.837505700000002662e+02 1.998823600000000056e+02
6.869222000000003163e+02 2.010121000000000038e+02
6.900622500000002901e+02 2.018543099999999981e+02
6.930759500000002618e+02 2.020269199999999898e+02
6.959252900000002455e+02 2.015997699999999782e+02
6.985782100000002401e+02 2.006369099999999719e+02
7.010006300000002284e+02 1.992082199999999830e+02
7.031584900000002563e+02 1.973816499999999792e+02
7.050197500000002719e+02 1.952212399999999661e+02
7.065483500000002550e+02 1.927968799999999590e+02
7.084753700000002254e+02 1.874202599999999563e+02
7.088057000000002290e+02 1.846019299999999532e+02
7.086710700000002134e+02 1.817894599999999627e+02
7.080335700000001680e+02 1.790468699999999558e+02
7.068630300000002080e+02 1.764440699999999538e+02
7.051234800000001997e+02 1.740450999999999624e+02
7.027827900000002046e+02 1.719198499999999683e+02
7.004090600000001814e+02 1.702473399999999799e+02
6.977857300000001715e+02 1.690092299999999739e+02
6.949905800000001364e+02 1.682318899999999644e+02
6.921013400000001639e+02 1.679475599999999531e+02
6.921013400000000502e+02 1.679475500000000068e+02
