4.349396100000000160e+02 1.291862399999999980e+02
4.315725500000000352e+02 1.292845399999999927e+02
4.285513200000000325e+02 1.300306199999999990e+02
4.258850000000000477e+02 1.313426000000000045e+02
4.235884400000000483e+02 1.331386600000000158e+02
4.216766000000000645e+02 1.353350200000000143e+02
4.201604700000000889e+02 1.378478700000000003e+02
4.190530100000000857e+02 1.405953499999999963e+02
4.183690900000000852e+02 1.434956300000000056e+02
4.181197400000000926e+02 1.464649000000000001e+02
4.183198800000000688e+02 1.494193799999999896e+02
4.189824200000000474e+02 1.522791799999999967e+02
4.201183700000000272e+02 1.549604699999999866e+02
4.217446200000000545e+02 1.573795099999999820e+02
4.238721500000000333e+02 1.594543999999999926e+02
4.265139100000000099e+02 1.611013700000000028e+02
4.296828700000000367e+02 1.622385600000000068e+02
4.328209500000000389e+02 1.630881400000000099e+02
4.358342200000000162e+02 1.632678300000000036e+02
4.386845600000000331e+02 1.628473600000000090e+02
4.413397300000000314e+02 1.618907300000000191e+02
4.437655100000000061e+02 1.604677300000000173e+02
4.459276500000000283e+02 1.586462300000000312e+02
4.477939700000000016e+02 1.564902000000000442e+02
4.493282500000000255e+02 1.540694300000000396e+02
4.512678900000000226e+02 1.486973500000000286e+02
4.516048300000000495e+02 1.458798000000000172e+02
4.514768100000000572e+02 1.430670300000000168e+02
4.508457500000000664e+02 1.403229400000000169e+02
4.496813200000000847e+02 1.377174100000000294e+02
4.479474100000001044e+02 1.353143600000000220e+02
4.456117100000001301e+02 1.331836200000000190e+02
4.432419200000001069e+02 1.315055400000000247e+02
4.406215000000000828e+02 1.302612800000000277e+02
4.378281800000000885e+02 1.294773800000000392e+02
4.349396100000000729e+02 1.291862700000000359e+02
4.349396100000000160e+02 1.291862399999999980e+02
