4.035184699999999793e+02 9.877536000000000627e+01
4.001513999999999669e+02 9.887366000000000099e+01
3.971301799999999389e+02 9.961974000000000729e+01
3.944638499999999226e+02 1.009317200000000128e+02
3.921672999999998979e+02 1.027277800000000099e+02
3.902554599999999141e+02 1.049241400000000084e+02
3.887393299999999385e+02 1.074369900000000086e+02
3.876318599999999606e+02 1.101844700000000046e+02
3.869479399999999600e+02 1.130847499999999997e+02
3.866985899999999674e+02 1.160540199999999942e+02
3.868987299999999436e+02 1.190084999999999980e+02
3.875612699999999222e+02 1.218683000000000050e+02
3.886972299999999336e+02 1.245495800000000060e+02
3.903234699999999293e+02 1.269686200000000014e+02
3.924509999999999081e+02 1.290435200000000009e+02
3.950927599999998847e+02 1.306904900000000112e+02
3.982617199999999116e+02 1.318276800000000151e+02
4.013997999999999138e+02 1.326772600000000182e+02
4.044130799999999226e+02 1.328569500000000119e+02
4.072634099999999080e+02 1.324364800000000173e+02
4.099185899999998810e+02 1.314798500000000274e+02
4.123443599999998810e+02 1.300568500000000256e+02
4.145064999999999031e+02 1.282353500000000395e+02
4.163728299999999081e+02 1.260793200000000382e+02
4.179071099999999319e+02 1.236585500000000337e+02
4.198467499999999291e+02 1.182864700000000369e+02
4.201836899999999559e+02 1.154689200000000397e+02
4.200556599999999321e+02 1.126561500000000393e+02
4.194245999999999412e+02 1.099120600000000394e+02
4.182601799999999344e+02 1.073065300000000377e+02
4.165262599999999225e+02 1.049034800000000445e+02
4.141905599999999481e+02 1.027727400000000415e+02
4.118207699999999249e+02 1.010946600000000473e+02
4.092003499999999008e+02 9.985040000000005023e+01
4.064070299999999065e+02 9.906650000000004752e+01
4.035184699999999225e+02 9.877539000000004421e+01
4.035184699999999793e+02 9.877536000000000627e+01
