6.739220900000000256e+02 4.065006000000000199e+02
6.705550200000000132e+02 4.065989000000000146e+02
6.675338000000000420e+02 4.073449800000000209e+02
6.648674700000000257e+02 4.086569600000000264e+02
6.625709200000000010e+02 4.104530300000000125e+02
6.606590800000000172e+02 4.126493800000000078e+02
6.591429500000000417e+02 4.151622399999999971e+02
6.580354900000000953e+02 4.179097199999999930e+02
6.573515600000000632e+02 4.208099899999999707e+02
6.571022100000000137e+02 4.237792699999999968e+02
6.573023500000000467e+02 4.267337400000000116e+02
6.579648900000000822e+02 4.295935400000000186e+02
6.591008500000000367e+02 4.322748200000000338e+02
6.607270900000000893e+02 4.346938600000000292e+02
6.628546200000000681e+02 4.367687600000000430e+02
6.654963900000000194e+02 4.384157400000000280e+02
6.686653400000000147e+02 4.395529200000000287e+02
6.718034199999999601e+02 4.404025000000000318e+02
6.748166999999999689e+02 4.405821900000000255e+02
6.776670299999999543e+02 4.401617200000000025e+02
6.803222099999999273e+02 4.392050899999999842e+02
6.827479799999998704e+02 4.377820999999999572e+02
6.849101199999998926e+02 4.359605899999999679e+02
6.867764499999998407e+02 4.338045599999999808e+02
6.883107299999998077e+02 4.313837899999999763e+02
6.902503699999998616e+02 4.260117099999999937e+02
6.905873099999998885e+02 4.231941699999999855e+02
6.904592899999998963e+02 4.203813999999999851e+02
6.898282199999998738e+02 4.176373099999999567e+02
6.886637999999999238e+02 4.150317799999999693e+02
6.869298799999999119e+02 4.126287299999999618e+02
6.845941799999999375e+02 4.104979799999999841e+02
6.822243899999999712e+02 4.088198999999999614e+02
6.796039700000000039e+02 4.075756399999999644e+02
6.768106500000000096e+02 4.067917399999999475e+02
6.739220900000000256e+02 4.065006299999999442e+02
6.739220900000000256e+02 4.065006000000000199e+02
