7.382271600000000262e+02 4.675604799999999841e+02
7.348600599999999758e+02 4.676587799999999788e+02
7.318388599999999542e+02 4.684048699999999599e+02
7.291725599999999758e+02 4.697168499999999653e+02
7.268759599999999637e+02 4.715129099999999767e+02
7.249641599999999926e+02 4.737092700000000036e+02
7.234480599999999413e+02 4.762221200000000181e+02
7.223405599999999822e+02 4.789695900000000393e+02
7.216566599999999880e+02 4.818698800000000233e+02
7.214072599999999511e+02 4.848391500000000178e+02
7.216074599999999464e+02 4.877936300000000074e+02
7.222699599999999691e+02 4.906534300000000144e+02
7.234059599999999364e+02 4.933347100000000296e+02
7.250321599999999762e+02 4.957537500000000250e+02
7.271596600000000308e+02 4.978286500000000387e+02
7.298014600000000200e+02 4.994756200000000490e+02
7.329704600000000028e+02 5.006128000000000497e+02
7.361084600000000364e+02 5.014623800000000529e+02
7.391217599999999948e+02 5.016420700000000465e+02
7.419720599999999422e+02 5.012216000000000236e+02
7.446272599999999784e+02 5.002649800000000369e+02
7.470530599999999595e+02 4.988419800000000350e+02
7.492151599999999689e+02 4.970204700000000457e+02
7.510815599999999677e+02 4.948644400000000587e+02
7.526157600000000230e+02 4.924436700000000542e+02
7.545554600000000391e+02 4.870715900000000715e+02
7.548923600000000533e+02 4.842540400000000886e+02
7.547643600000000106e+02 4.814412800000000630e+02
7.541332600000000639e+02 4.786971900000000915e+02
7.529688600000000633e+02 4.760916600000001040e+02
7.512349600000001146e+02 4.736886000000001218e+02
7.488992600000001403e+02 4.715578600000001188e+02
7.465294600000000855e+02 4.698797800000000962e+02
7.439090600000000677e+02 4.686355200000000991e+02
7.411157600000000230e+02 4.678516200000000822e+02
7.382271600000000262e+02 4.675605100000000789e+02
7.382271600000000262e+02 4.675604799999999841e+02
