3.706791900000000055e+02 6.949065000000000225e+01
3.673121199999999931e+02 6.958894999999999698e+01
3.642908999999999651e+02 7.033503999999999223e+01
3.616245799999999804e+02 7.164700999999999453e+01
3.593280199999999809e+02 7.344306999999999164e+01
3.574161799999999971e+02 7.563943999999999335e+01
3.559000500000000216e+02 7.815228999999999360e+01
3.547925900000000183e+02 8.089975999999998635e+01
3.541086700000000178e+02 8.380003999999998143e+01
3.538593200000000252e+02 8.676931999999997913e+01
3.540594600000000014e+02 8.972379999999998290e+01
3.547219999999999800e+02 9.258359999999998990e+01
3.558579499999999598e+02 9.526487999999999090e+01
3.574841999999999871e+02 9.768391999999998632e+01
3.596117299999999659e+02 9.975880999999998267e+01
3.622534899999999425e+02 1.014057899999999819e+02
3.654224499999999694e+02 1.025429699999999826e+02
3.685605299999999716e+02 1.033925499999999857e+02
3.715737999999999488e+02 1.035722399999999794e+02
3.744241299999999342e+02 1.031517799999999738e+02
3.770793099999999072e+02 1.021951399999999808e+02
3.795050899999998819e+02 1.007721399999999790e+02
3.816672299999999041e+02 9.895064999999998179e+01
3.835335499999998774e+02 9.679461999999998056e+01
3.850678299999999012e+02 9.437384999999997603e+01
3.870074699999998984e+02 8.900175999999997600e+01
3.873444099999999253e+02 8.618420999999997889e+01
3.872163899999999330e+02 8.337143999999997845e+01
3.865853299999999422e+02 8.062734999999997854e+01
3.854208999999999605e+02 7.802181999999997686e+01
3.836869899999999802e+02 7.561876999999998361e+01
3.813512799999999743e+02 7.348802999999998065e+01
3.789814999999999827e+02 7.180994999999998640e+01
3.763610699999999838e+02 7.056568999999998937e+01
3.735677599999999643e+02 6.978178999999998666e+01
3.706791899999999487e+02 6.949067999999998335e+01
3.706791900000000055e+02 6.949065000000000225e+01
