5.282251999999999725e+02 2.162095400000000041e+02
5.248581299999999601e+02 2.163078399999999988e+02
5.218369099999999889e+02 2.170539200000000051e+02
5.191705899999999474e+02 2.183659000000000106e+02
5.168740299999999479e+02 2.201619600000000219e+02
5.149621899999999641e+02 2.223583200000000204e+02
5.134460599999999886e+02 2.248711700000000064e+02
5.123386000000000422e+02 2.276186500000000024e+02
5.116546800000000417e+02 2.305189300000000117e+02
5.114053300000000490e+02 2.334882000000000062e+02
5.116054700000000253e+02 2.364426799999999957e+02
5.122680100000000039e+02 2.393024800000000027e+02
5.134039599999999837e+02 2.419837599999999895e+02
5.150302100000000110e+02 2.444028099999999881e+02
5.171577399999999898e+02 2.464776999999999987e+02
5.197994999999999663e+02 2.481246700000000089e+02
5.229684599999999364e+02 2.492618600000000129e+02
5.261065399999998817e+02 2.501114400000000160e+02
5.291198099999999158e+02 2.502911300000000097e+02
5.319701399999999012e+02 2.498706600000000151e+02
5.346253199999998742e+02 2.489140300000000252e+02
5.370510999999999058e+02 2.474910300000000234e+02
5.392132399999999279e+02 2.456695300000000373e+02
5.410795599999999013e+02 2.435135000000000502e+02
5.426138399999998683e+02 2.410927300000000457e+02
5.445534799999999223e+02 2.357206500000000347e+02
5.448904199999999491e+02 2.329031000000000233e+02
5.447623999999999569e+02 2.300903300000000229e+02
5.441313399999999092e+02 2.273462400000000230e+02
5.429669099999998707e+02 2.247407100000000355e+02
5.412329899999998588e+02 2.223376600000000280e+02
5.388972899999998845e+02 2.202069200000000251e+02
5.365274999999999181e+02 2.185288400000000308e+02
5.339070799999999508e+02 2.172845800000000338e+02
5.311137599999999566e+02 2.165006800000000453e+02
5.282251999999999725e+02 2.162095700000000420e+02
5.282251999999999725e+02 2.162095400000000041e+02
