7.049659900000000334e+02 4.373415899999999965e+02
7.015989299999999957e+02 4.374398899999999912e+02
6.985777000000000498e+02 4.381859699999999975e+02
6.959113800000000083e+02 4.394979500000000030e+02
6.936148200000000088e+02 4.412940199999999891e+02
6.917029800000000250e+02 4.434903699999999844e+02
6.901868500000000495e+02 4.460032299999999736e+02
6.890793900000001031e+02 4.487507099999999696e+02
6.883954700000001594e+02 4.516509799999999473e+02
6.881461200000001099e+02 4.546202599999999734e+02
6.883462600000001430e+02 4.575747299999999882e+02
6.890088000000001784e+02 4.604345299999999952e+02
6.901447500000001583e+02 4.631158100000000104e+02
6.917710000000001855e+02 4.655348500000000058e+02
6.938985300000001644e+02 4.676097500000000196e+02
6.965402900000001409e+02 4.692567300000000046e+02
6.997092500000001110e+02 4.703939100000000053e+02
7.028473300000000563e+02 4.712434900000000084e+02
7.058606000000000904e+02 4.714231800000000021e+02
7.087109400000000505e+02 4.710027099999999791e+02
7.113661100000000488e+02 4.700460799999999608e+02
7.137918900000000804e+02 4.686230899999999338e+02
7.159540300000001025e+02 4.668015799999999444e+02
7.178203500000000759e+02 4.646455499999999574e+02
7.193546600000000808e+02 4.622247799999999529e+02
7.212942600000001221e+02 4.568526999999999703e+02
7.216312600000001112e+02 4.540351599999999621e+02
7.215031600000000935e+02 4.512223899999999617e+02
7.208721600000001217e+02 4.484782999999999902e+02
7.197076600000001463e+02 4.458727700000000027e+02
7.179737900000001218e+02 4.434697199999999953e+02
7.156380900000001475e+02 4.413389700000000175e+02
7.132683000000001812e+02 4.396608899999999949e+02
7.106478800000002138e+02 4.384166299999999978e+02
7.078545600000002196e+02 4.376327299999999809e+02
7.049659900000002608e+02 4.373416199999999776e+02
7.049659900000000334e+02 4.373415899999999965e+02
