6.434491299999999683e+02 3.778218699999999899e+02
6.400820699999999306e+02 3.779201699999999846e+02
6.370608399999999847e+02 3.786662599999999657e+02
6.343945199999999431e+02 3.799782299999999395e+02
6.320979599999999436e+02 3.817742899999999509e+02
6.301861199999999599e+02 3.839706599999999526e+02
6.286699899999999843e+02 3.864835099999999670e+02
6.275625300000000379e+02 3.892309799999999882e+02
6.268786100000000943e+02 3.921312599999999975e+02
6.266292600000000448e+02 3.951005400000000236e+02
6.268294000000000779e+02 3.980550200000000132e+02
6.274919400000001133e+02 4.009148099999999886e+02
6.286278900000000931e+02 4.035960999999999785e+02
6.302541400000001204e+02 4.060151399999999740e+02
6.323816700000000992e+02 4.080900299999999561e+02
6.350234300000000758e+02 4.097370199999999727e+02
6.381923900000000458e+02 4.108741899999999987e+02
6.413304699999999912e+02 4.117237700000000018e+02
6.443437500000000000e+02 4.119034599999999955e+02
6.471940799999999854e+02 4.114830000000000041e+02
6.498492599999999584e+02 4.105263600000000110e+02
6.522750300000000152e+02 4.091033699999999840e+02
6.544371700000000374e+02 4.072818800000000010e+02
6.563034900000000107e+02 4.051258500000000140e+02
6.578377699999999777e+02 4.027050700000000347e+02
6.597774100000000317e+02 3.973329900000000521e+02
6.601143500000000586e+02 3.945154400000000692e+02
6.599863300000000663e+02 3.917026700000000687e+02
6.593552700000000186e+02 3.889585800000000972e+02
6.581908399999999801e+02 3.863530500000001098e+02
6.564569299999999430e+02 3.839500000000001023e+02
6.541212299999999686e+02 3.818192600000000994e+02
6.517514400000000023e+02 3.801411800000000767e+02
6.491310200000000350e+02 3.788969200000000797e+02
6.463377000000000407e+02 3.781130200000000627e+02
6.434491300000000820e+02 3.778219000000000847e+02
6.434491299999999683e+02 3.778218699999999899e+02
