4.968147000000000162e+02 1.865970000000000084e+02
4.934476300000000037e+02 1.866953000000000031e+02
4.904264099999999758e+02 1.874413800000000094e+02
4.877600799999999595e+02 1.887533600000000149e+02
4.854635299999999347e+02 1.905494200000000262e+02
4.835516899999999509e+02 1.927457900000000279e+02
4.820355599999999754e+02 1.952586400000000140e+02
4.809280999999999722e+02 1.980061100000000067e+02
4.802441799999999716e+02 2.009063900000000160e+02
4.799948199999999474e+02 2.038756600000000105e+02
4.801949599999999236e+02 2.068301400000000001e+02
4.808574999999999022e+02 2.096899400000000071e+02
4.819934599999999136e+02 2.123712299999999971e+02
4.836196999999999093e+02 2.147902699999999925e+02
4.857472299999998882e+02 2.168651600000000030e+02
4.883889999999998963e+02 2.185121400000000165e+02
4.915579499999998916e+02 2.196493200000000172e+02
4.946960299999998938e+02 2.204989000000000203e+02
4.977093099999999026e+02 2.206785900000000140e+02
5.005596399999998880e+02 2.202581300000000226e+02
5.032148199999998610e+02 2.193014900000000296e+02
5.056405899999998610e+02 2.178784900000000277e+02
5.078027299999998831e+02 2.160570000000000164e+02
5.096690599999998881e+02 2.139009600000000262e+02
5.112033399999999119e+02 2.114802000000000248e+02
5.131429799999999659e+02 2.061081100000000106e+02
5.134799199999999928e+02 2.032905599999999993e+02
5.133519000000000005e+02 2.004777899999999988e+02
5.127208299999999781e+02 1.977336999999999989e+02
5.115564099999999712e+02 1.951281700000000114e+02
5.098224899999999593e+02 1.927251200000000040e+02
5.074867899999999850e+02 1.905943800000000010e+02
5.051169999999999618e+02 1.889163000000000068e+02
5.024965799999999376e+02 1.876720400000000097e+02
4.997032599999999434e+02 1.868881400000000212e+02
4.968146999999999593e+02 1.865970300000000179e+02
4.968147000000000162e+02 1.865970000000000084e+02
