4.548609000000000151e+02 1.990122399999999914e+02
4.514938300000000027e+02 1.991105399999999861e+02
4.484726099999999747e+02 1.998566299999999956e+02
4.458062799999999584e+02 2.011685999999999979e+02
4.435097299999999336e+02 2.029646600000000092e+02
4.415978899999999499e+02 2.051610300000000109e+02
4.400817599999999743e+02 2.076738799999999969e+02
4.389742899999999963e+02 2.104213499999999897e+02
4.382903699999999958e+02 2.133216299999999990e+02
4.380410200000000032e+02 2.162908999999999935e+02
4.382411599999999794e+02 2.192453899999999862e+02
4.389036999999999580e+02 2.221051799999999901e+02
4.400396599999999694e+02 2.247864699999999800e+02
4.416658999999999651e+02 2.272055099999999754e+02
4.437934299999999439e+02 2.292803999999999860e+02
4.464351899999999205e+02 2.309273799999999994e+02
4.496041499999999473e+02 2.320645600000000002e+02
4.527422299999999495e+02 2.329141400000000033e+02
4.557555099999999584e+02 2.330938299999999970e+02
4.586058399999999438e+02 2.326733700000000056e+02
4.612610199999999168e+02 2.317167300000000125e+02
4.636867899999999167e+02 2.302937300000000107e+02
4.658489299999999389e+02 2.284722399999999993e+02
4.677152599999999438e+02 2.263162100000000123e+02
4.692495399999999677e+02 2.238954400000000078e+02
4.711891799999999648e+02 2.185233499999999935e+02
4.715261199999999917e+02 2.157057999999999822e+02
4.713980899999999679e+02 2.128930299999999818e+02
4.707670299999999770e+02 2.101489399999999819e+02
4.696026099999999701e+02 2.075434099999999944e+02
4.678686899999999582e+02 2.051403599999999869e+02
4.655329899999999839e+02 2.030096199999999840e+02
4.631631999999999607e+02 2.013315399999999897e+02
4.605427799999999365e+02 2.000872799999999927e+02
4.577494599999999423e+02 1.993033800000000042e+02
4.548608999999999583e+02 1.990122700000000009e+02
4.548609000000000151e+02 1.990122399999999914e+02
