6.125460299999999734e+02 3.477168500000000222e+02
6.091789599999999609e+02 3.478151500000000169e+02
6.061577399999999898e+02 3.485612300000000232e+02
6.034914099999999735e+02 3.498732100000000287e+02
6.011948599999999487e+02 3.516692700000000400e+02
5.992830199999999650e+02 3.538656500000000165e+02
5.977668899999999894e+02 3.563784800000000246e+02
5.966594199999999546e+02 3.591259600000000205e+02
5.959755000000000109e+02 3.620262400000000298e+02
5.957261499999999614e+02 3.649955100000000243e+02
5.959262899999999945e+02 3.679499900000000139e+02
5.965888300000000299e+02 3.708097900000000209e+02
5.977247899999999845e+02 3.734910800000000108e+02
5.993510300000000370e+02 3.759101200000000063e+02
6.014785600000000159e+02 3.779850099999999884e+02
6.041203199999999924e+02 3.796319799999999987e+02
6.072892799999999625e+02 3.807691699999999742e+02
6.104273599999999078e+02 3.816187499999999773e+02
6.134406399999999167e+02 3.817984399999999710e+02
6.162909699999999020e+02 3.813779799999999796e+02
6.189461499999998750e+02 3.804213399999999865e+02
6.213719199999998182e+02 3.789983399999999847e+02
6.235340599999998403e+02 3.771768399999999701e+02
6.254003899999997884e+02 3.750208099999999831e+02
6.269346699999997554e+02 3.726000500000000102e+02
6.288743099999998094e+02 3.672279599999999959e+02
6.292112499999998363e+02 3.644104100000000130e+02
6.290832199999998693e+02 3.615976400000000126e+02
6.284521599999998216e+02 3.588535500000000411e+02
6.272877399999998715e+02 3.562480200000000536e+02
6.255538199999998596e+02 3.538449700000000462e+02
6.232181199999998853e+02 3.517142400000000180e+02
6.208483299999999190e+02 3.500361500000000206e+02
6.182279099999999517e+02 3.487918900000000235e+02
6.154345899999999574e+02 3.480079900000000066e+02
6.125460299999999734e+02 3.477168800000000033e+02
6.125460299999999734e+02 3.477168500000000222e+02
