5.495674699999999575e+02 2.874664900000000216e+02
5.462004099999999198e+02 2.875647900000000163e+02
5.431791799999999739e+02 2.883108799999999974e+02
5.405128599999999324e+02 2.896228499999999713e+02
5.382162999999999329e+02 2.914189099999999826e+02
5.363044599999999491e+02 2.936152799999999843e+02
5.347883299999999736e+02 2.961281299999999987e+02
5.336808700000000272e+02 2.988756000000000199e+02
5.329969500000000835e+02 3.017758800000000292e+02
5.327476000000000340e+02 3.047451600000000553e+02
5.329477400000000671e+02 3.076996400000000449e+02
5.336102800000001025e+02 3.105594400000000519e+02
5.347462300000000823e+02 3.132407200000000671e+02
5.363724800000001096e+02 3.156597600000000625e+02
5.385000100000000884e+02 3.177346500000000447e+02
5.411417700000000650e+02 3.193816300000000297e+02
5.443107300000000350e+02 3.205188100000000304e+02
5.474488099999999804e+02 3.213683900000000335e+02
5.504620899999999892e+02 3.215480800000000272e+02
5.533124199999999746e+02 3.211276200000000358e+02
5.559675999999999476e+02 3.201709900000000175e+02
5.583933700000000044e+02 3.187479800000000409e+02
5.605555100000000266e+02 3.169264900000000580e+02
5.624218299999999999e+02 3.147704600000000710e+02
5.639561099999999669e+02 3.123496900000000664e+02
5.658957500000000209e+02 3.069776000000000522e+02
5.662326900000000478e+02 3.041600500000000693e+02
5.661046700000000556e+02 3.013472800000000689e+02
5.654736100000000079e+02 2.986031900000000405e+02
5.643091799999999694e+02 2.959976600000000531e+02
5.625752699999999322e+02 2.935946100000000456e+02
5.602395699999999579e+02 2.914638700000000426e+02
5.578697799999999916e+02 2.897858000000000516e+02
5.552493600000000242e+02 2.885415300000000798e+02
5.524560400000000300e+02 2.877576300000000629e+02
5.495674700000000712e+02 2.874665200000000596e+02
5.495674699999999575e+02 2.874664900000000216e+02
