4.245997300000000223e+02 1.711029800000000023e+02
4.212326700000000415e+02 1.712012799999999970e+02
4.182114400000000387e+02 1.719473600000000033e+02
4.155451200000000540e+02 1.732593400000000088e+02
4.132485600000000545e+02 1.750554000000000201e+02
4.113367200000000707e+02 1.772517600000000186e+02
4.098205900000000952e+02 1.797646100000000047e+02
4.087131300000000920e+02 1.825120900000000006e+02
4.080292100000000914e+02 1.854123700000000099e+02
4.077798600000000988e+02 1.883816400000000044e+02
4.079800000000000750e+02 1.913361199999999940e+02
4.086425400000000536e+02 1.941959200000000010e+02
4.097784900000000334e+02 1.968772099999999909e+02
4.114047400000000607e+02 1.992962499999999864e+02
4.135322700000000395e+02 2.013711399999999969e+02
4.161740300000000161e+02 2.030181100000000072e+02
4.193429900000000430e+02 2.041553000000000111e+02
4.224810700000000452e+02 2.050048800000000142e+02
4.254943400000000224e+02 2.051845700000000079e+02
4.283446800000000394e+02 2.047641000000000133e+02
4.309998500000000377e+02 2.038074700000000234e+02
4.334256300000000124e+02 2.023844700000000216e+02
4.355877700000000345e+02 2.005629700000000355e+02
4.374540900000000079e+02 1.984069400000000485e+02
4.389883700000000317e+02 1.959861700000000440e+02
4.409280100000000289e+02 1.906140900000000329e+02
4.412649500000000558e+02 1.877965400000000216e+02
4.411369300000000635e+02 1.849837700000000211e+02
4.405058700000000727e+02 1.822396800000000212e+02
4.393414400000000910e+02 1.796341500000000337e+02
4.376075300000001107e+02 1.772311000000000263e+02
4.352718300000001364e+02 1.751003600000000233e+02
4.329020400000001132e+02 1.734222800000000291e+02
4.302816200000000890e+02 1.721780200000000320e+02
4.274883000000000948e+02 1.713941200000000435e+02
4.245997300000000791e+02 1.711030100000000402e+02
4.245997300000000223e+02 1.711029800000000023e+02
