4.871819300000000226e+02 2.281601900000000001e+02
4.838148600000000101e+02 2.282584899999999948e+02
4.807936399999999821e+02 2.290045700000000011e+02
4.781273099999999658e+02 2.303165500000000065e+02
4.758307599999999411e+02 2.321126100000000179e+02
4.739189199999999573e+02 2.343089800000000196e+02
4.724027899999999818e+02 2.368218300000000056e+02
4.712953299999999786e+02 2.395692999999999984e+02
4.706114099999999780e+02 2.424695800000000077e+02
4.703620499999999538e+02 2.454388500000000022e+02
4.705621899999999300e+02 2.483933299999999917e+02
4.712247299999999086e+02 2.512531299999999987e+02
4.723606899999999200e+02 2.539344199999999887e+02
4.739869299999999157e+02 2.563534599999999841e+02
4.761144599999998945e+02 2.584283499999999663e+02
4.787562299999999027e+02 2.600753299999999513e+02
4.819251799999998980e+02 2.612125099999999520e+02
4.850632599999999002e+02 2.620620899999999551e+02
4.880765399999999090e+02 2.622417799999999488e+02
4.909268699999998944e+02 2.618213199999999574e+02
4.935820499999998674e+02 2.608646799999999644e+02
4.960078199999998674e+02 2.594416799999999625e+02
4.981699599999998895e+02 2.576201899999999796e+02
5.000362899999998945e+02 2.554641499999999894e+02
5.015705699999999183e+02 2.530433899999999880e+02
5.035102099999999155e+02 2.476712999999999738e+02
5.038471499999999423e+02 2.448537499999999625e+02
5.037191299999999501e+02 2.420409799999999620e+02
5.030880599999999276e+02 2.392968899999999621e+02
5.019236399999999207e+02 2.366913599999999747e+02
5.001897199999999089e+02 2.342883099999999672e+02
4.978540199999999345e+02 2.321575699999999642e+02
4.954842299999999113e+02 2.304794899999999700e+02
4.928638099999998872e+02 2.292352299999999730e+02
4.900704899999998929e+02 2.284513299999999845e+02
4.871819299999999089e+02 2.281602199999999812e+02
4.871819300000000226e+02 2.281601900000000001e+02
