5.178853199999999788e+02 2.581262800000000084e+02
5.145182499999999663e+02 2.582245800000000031e+02
5.114970299999999384e+02 2.589706600000000094e+02
5.088307099999999537e+02 2.602826400000000149e+02
5.065341499999999542e+02 2.620787000000000262e+02
5.046223099999999704e+02 2.642750600000000532e+02
5.031061799999999948e+02 2.667879100000000676e+02
5.019987199999999916e+02 2.695353900000000635e+02
5.013147999999999911e+02 2.724356700000000728e+02
5.010654499999999985e+02 2.754049400000000674e+02
5.012655899999999747e+02 2.783594200000000569e+02
5.019281299999999533e+02 2.812192200000000639e+02
5.030640799999999331e+02 2.839005000000000791e+02
5.046903299999999604e+02 2.863195500000001061e+02
5.068178599999999392e+02 2.883944400000000883e+02
5.094596199999999158e+02 2.900414100000000985e+02
5.126285799999999426e+02 2.911786000000000740e+02
5.157666599999998880e+02 2.920281800000000771e+02
5.187799299999999221e+02 2.922078700000000708e+02
5.216302599999999074e+02 2.917874000000000478e+02
5.242854399999998805e+02 2.908307700000000295e+02
5.267112199999999120e+02 2.894077700000000277e+02
5.288733599999999342e+02 2.875862700000000132e+02
5.307396799999999075e+02 2.854302400000000262e+02
5.322739599999998745e+02 2.830094700000000216e+02
5.342135999999999285e+02 2.776373900000000390e+02
5.345505399999999554e+02 2.748198400000000561e+02
5.344225199999999631e+02 2.720070700000000556e+02
5.337914599999999155e+02 2.692629800000000841e+02
5.326270299999998770e+02 2.666574500000000967e+02
5.308931099999998651e+02 2.642544000000000892e+02
5.285574099999998907e+02 2.621236600000000863e+02
5.261876199999999244e+02 2.604455800000000636e+02
5.235671999999999571e+02 2.592013200000000666e+02
5.207738799999999628e+02 2.584174200000000496e+02
5.178853199999999788e+02 2.581263100000000463e+02
5.178853199999999788e+02 2.581262800000000084e+02
