3.931785899999999856e+02 1.406921000000000106e+02
3.898115199999999732e+02 1.407904000000000053e+02
3.867902999999999452e+02 1.415364800000000116e+02
3.841239699999999289e+02 1.428484600000000171e+02
3.818274199999999041e+02 1.446445200000000284e+02
3.799155799999999203e+02 1.468408800000000269e+02
3.783994499999999448e+02 1.493537300000000130e+02
3.772919799999999668e+02 1.521012100000000089e+02
3.766080599999999663e+02 1.550014900000000182e+02
3.763587099999999737e+02 1.579707600000000127e+02
3.765588499999999499e+02 1.609252400000000023e+02
3.772213899999999285e+02 1.637850400000000093e+02
3.783573499999999399e+02 1.664663199999999961e+02
3.799835899999999356e+02 1.688853599999999915e+02
3.821111199999999144e+02 1.709602600000000052e+02
3.847528799999998910e+02 1.726072300000000155e+02
3.879218399999999178e+02 1.737444200000000194e+02
3.910599199999999200e+02 1.745940000000000225e+02
3.940731999999999289e+02 1.747736900000000162e+02
3.969235299999999143e+02 1.743532200000000216e+02
3.995787099999998873e+02 1.733965900000000318e+02
4.020044799999998872e+02 1.719735900000000299e+02
4.041666199999999094e+02 1.701520900000000438e+02
4.060329499999999143e+02 1.679960600000000568e+02
4.075672299999999382e+02 1.655752900000000523e+02
4.095068699999999353e+02 1.602032100000000412e+02
4.098438099999999622e+02 1.573856600000000299e+02
4.097157799999999384e+02 1.545728900000000294e+02
4.090847199999999475e+02 1.518288000000000295e+02
4.079202999999999406e+02 1.492232700000000420e+02
4.061863799999999287e+02 1.468202200000000346e+02
4.038506799999999544e+02 1.446894800000000316e+02
4.014808899999999312e+02 1.430114000000000374e+02
3.988604699999999070e+02 1.417671400000000403e+02
3.960671499999999128e+02 1.409832400000000519e+02
3.931785899999999288e+02 1.406921300000000485e+02
3.931785899999999856e+02 1.406921000000000106e+02
