6.965634599999999637e+02 4.810561700000000087e+02
6.931963899999999512e+02 4.811544700000000034e+02
6.901751699999999801e+02 4.819005599999999845e+02
6.875088499999999385e+02 4.832125399999999900e+02
6.852122899999999390e+02 4.850086000000000013e+02
6.833004499999999553e+02 4.872049600000000282e+02
6.817843199999999797e+02 4.897178100000000427e+02
6.806768600000000333e+02 4.924652800000000639e+02
6.799929400000000896e+02 4.953655700000000479e+02
6.797435900000000402e+02 4.983348400000000424e+02
6.799437300000000732e+02 5.012893200000000320e+02
6.806062700000001087e+02 5.041491200000000390e+02
6.817422200000000885e+02 5.068304000000000542e+02
6.833684700000001158e+02 5.092494400000000496e+02
6.854960000000000946e+02 5.113243400000000634e+02
6.881377600000000712e+02 5.129713100000000168e+02
6.913067200000000412e+02 5.141084899999999607e+02
6.944447999999999865e+02 5.149580699999999069e+02
6.974580700000000206e+02 5.151377599999999575e+02
7.003084099999999808e+02 5.147172899999999345e+02
7.029635799999999790e+02 5.137606699999998909e+02
7.053893600000000106e+02 5.123376699999998891e+02
7.075515000000000327e+02 5.105161599999998998e+02
7.094178200000000061e+02 5.083601299999999128e+02
7.109520999999999731e+02 5.059393599999999083e+02
7.128917400000000271e+02 5.005672799999999256e+02
7.132286800000000540e+02 4.977497299999999427e+02
7.131006600000000617e+02 4.949369699999999170e+02
7.124696000000000140e+02 4.921928799999999455e+02
7.113051699999999755e+02 4.895873499999999581e+02
7.095712599999999384e+02 4.871842899999999759e+02
7.072355599999999640e+02 4.850535499999999729e+02
7.048657699999999977e+02 4.833754699999999502e+02
7.022453500000000304e+02 4.821312099999999532e+02
6.994520300000000361e+02 4.813473099999999363e+02
6.965634600000000773e+02 4.810561999999999330e+02
6.965634599999999637e+02 4.810561700000000087e+02
