6.609773400000000265e+02 1.387950500000000034e+02
6.576105099999999766e+02 1.389012299999999982e+02
6.545910499999999956e+02 1.396544000000000096e+02
6.519278100000000222e+02 1.409726400000000126e+02
6.496354700000000548e+02 1.427740800000000263e+02
6.477288000000000920e+02 1.449749300000000289e+02
6.462185700000001134e+02 1.474913300000000334e+02
6.451175600000001396e+02 1.502414000000000271e+02
6.444404500000001690e+02 1.531432800000000327e+02
6.441980700000001434e+02 1.561131300000000408e+02
6.444051500000001624e+02 1.590671300000000485e+02
6.450744000000001961e+02 1.619253700000000435e+02
6.462166400000002113e+02 1.646039800000000355e+02
6.478485600000002478e+02 1.670191900000000373e+02
6.499809600000002092e+02 1.690890900000000272e+02
6.526265800000002173e+02 1.707298600000000306e+02
6.557982000000001790e+02 1.718595900000000256e+02
6.589382500000001528e+02 1.727018200000000263e+02
6.619519500000001244e+02 1.728744300000000180e+02
6.648012900000001082e+02 1.724472700000000316e+02
6.674542100000001028e+02 1.714844100000000253e+02
6.698766300000000911e+02 1.700557200000000364e+02
6.720345000000000937e+02 1.682291500000000326e+02
6.738957500000001346e+02 1.660687500000000227e+02
6.754243500000001177e+02 1.636443900000000156e+02
6.773513700000000881e+02 1.582677600000000098e+02
6.776817000000000917e+02 1.554494200000000035e+02
6.775470700000000761e+02 1.526369699999999909e+02
6.769095700000000306e+02 1.498943599999999776e+02
6.757390300000000707e+02 1.472915799999999820e+02
6.739994900000000371e+02 1.448925999999999874e+02
6.716587900000000673e+02 1.427673499999999933e+02
6.692850600000000441e+02 1.410948400000000049e+02
6.666617300000000341e+02 1.398567299999999989e+02
6.638665799999999990e+02 1.390793899999999894e+02
6.609773400000000265e+02 1.387950599999999781e+02
6.609773400000000265e+02 1.387950500000000034e+02
