6.633022999999999456e+02 4.508372800000000211e+02
6.599352399999999079e+02 4.509355800000000158e+02
6.569140099999999620e+02 4.516816600000000221e+02
6.542476899999999205e+02 4.529936400000000276e+02
6.519511299999999210e+02 4.547897100000000137e+02
6.500392899999999372e+02 4.569860600000000090e+02
6.485231599999999617e+02 4.594989199999999983e+02
6.474157000000000153e+02 4.622463999999999942e+02
6.467317800000000716e+02 4.651466699999999719e+02
6.464824300000000221e+02 4.681159499999999980e+02
6.466825700000000552e+02 4.710704200000000128e+02
6.473451100000000906e+02 4.739302200000000198e+02
6.484810600000000704e+02 4.766115000000000350e+02
6.501073100000000977e+02 4.790305400000000304e+02
6.522348400000000765e+02 4.811054400000000442e+02
6.548766000000000531e+02 4.827524200000000292e+02
6.580455600000000231e+02 4.838896000000000299e+02
6.611836399999999685e+02 4.847391800000000330e+02
6.641969100000000026e+02 4.849188700000000267e+02
6.670472499999999627e+02 4.844984000000000037e+02
6.697024199999999610e+02 4.835417699999999854e+02
6.721281999999999925e+02 4.821187799999999584e+02
6.742903400000000147e+02 4.802972699999999691e+02
6.761566599999999880e+02 4.781412399999999820e+02
6.776909399999999550e+02 4.757204699999999775e+02
6.796305800000000090e+02 4.703483899999999949e+02
6.799675200000000359e+02 4.675308499999999867e+02
6.798395000000000437e+02 4.647180799999999863e+02
6.792084399999999960e+02 4.619739899999999579e+02
6.780440099999999575e+02 4.593684599999999705e+02
6.763100999999999203e+02 4.569654099999999630e+02
6.739743999999999460e+02 4.548346599999999853e+02
6.716046099999999797e+02 4.531565799999999626e+02
6.689841900000000123e+02 4.519123199999999656e+02
6.661908700000000181e+02 4.511284199999999487e+02
6.633023000000000593e+02 4.508373099999999454e+02
6.633022999999999456e+02 4.508372800000000211e+02
