5.708823399999999992e+02 3.612125399999999900e+02
5.675152699999999868e+02 3.613108399999999847e+02
5.644940500000000156e+02 3.620569199999999910e+02
5.618277199999999993e+02 3.633688999999999965e+02
5.595311699999999746e+02 3.651649600000000078e+02
5.576193299999999908e+02 3.673613399999999842e+02
5.561032000000000153e+02 3.698741699999999923e+02
5.549957299999999805e+02 3.726216499999999883e+02
5.543118100000000368e+02 3.755219299999999976e+02
5.540624599999999873e+02 3.784911999999999921e+02
5.542626000000000204e+02 3.814456799999999816e+02
5.549251400000000558e+02 3.843054799999999886e+02
5.560611000000000104e+02 3.869867699999999786e+02
5.576873400000000629e+02 3.894058099999999740e+02
5.598148700000000417e+02 3.914806999999999562e+02
5.624566300000000183e+02 3.931276699999999664e+02
5.656255899999999883e+02 3.942648599999999419e+02
5.687636699999999337e+02 3.951144399999999450e+02
5.717769499999999425e+02 3.952941299999999387e+02
5.746272799999999279e+02 3.948736699999999473e+02
5.772824599999999009e+02 3.939170299999999543e+02
5.797082299999999577e+02 3.924940299999999525e+02
5.818703699999999799e+02 3.906725299999999379e+02
5.837366999999999280e+02 3.885164999999999509e+02
5.852709799999998950e+02 3.860957399999999780e+02
5.872106199999999490e+02 3.807236499999999637e+02
5.875475599999999758e+02 3.779060999999999808e+02
5.874195300000000088e+02 3.750933299999999804e+02
5.867884699999999611e+02 3.723492400000000089e+02
5.856240500000000111e+02 3.697437100000000214e+02
5.838901299999999992e+02 3.673406600000000140e+02
5.815544300000000248e+02 3.652099299999999857e+02
5.791846400000000585e+02 3.635318399999999883e+02
5.765642200000000912e+02 3.622875799999999913e+02
5.737709000000000970e+02 3.615036799999999744e+02
5.708823400000001129e+02 3.612125699999999711e+02
5.708823399999999992e+02 3.612125399999999900e+02
