5.079037799999999834e+02 3.009621799999999894e+02
5.045367200000000025e+02 3.010604799999999841e+02
5.015154899999999998e+02 3.018065699999999651e+02
4.988491700000000151e+02 3.031185399999999390e+02
4.965526100000000156e+02 3.049145999999999503e+02
4.946407700000000318e+02 3.071109699999999521e+02
4.931246400000000563e+02 3.096238199999999665e+02
4.920171800000000530e+02 3.123712899999999877e+02
4.913332600000000525e+02 3.152715699999999970e+02
4.910839100000000599e+02 3.182408500000000231e+02
4.912840500000000361e+02 3.211953300000000127e+02
4.919465900000000147e+02 3.240551300000000197e+02
4.930825399999999945e+02 3.267364100000000349e+02
4.947087900000000218e+02 3.291554500000000303e+02
4.968363200000000006e+02 3.312303400000000124e+02
4.994780799999999772e+02 3.328773199999999974e+02
5.026470400000000041e+02 3.340144999999999982e+02
5.057851200000000063e+02 3.348640800000000013e+02
5.087984000000000151e+02 3.350437699999999950e+02
5.116487300000000005e+02 3.346233100000000036e+02
5.143039099999999735e+02 3.336666799999999853e+02
5.167296799999999166e+02 3.322436700000000087e+02
5.188918199999999388e+02 3.304221800000000258e+02
5.207581399999999121e+02 3.282661500000000387e+02
5.222924199999998791e+02 3.258453800000000342e+02
5.242320599999999331e+02 3.204732900000000200e+02
5.245689999999999600e+02 3.176557400000000371e+02
5.244409799999999677e+02 3.148429700000000366e+02
5.238099199999999200e+02 3.120988800000000083e+02
5.226454899999998815e+02 3.094933500000000208e+02
5.209115799999998444e+02 3.070903000000000134e+02
5.185758799999998701e+02 3.049595600000000104e+02
5.162060899999999037e+02 3.032814900000000193e+02
5.135856699999999364e+02 3.020372200000000475e+02
5.107923499999999422e+02 3.012533200000000306e+02
5.079037799999999265e+02 3.009622100000000273e+02
5.079037799999999834e+02 3.009621799999999894e+02
