6.017854399999999941e+02 3.913175600000000145e+02
5.984183799999999565e+02 3.914158600000000092e+02
5.953971500000000106e+02 3.921619499999999903e+02
5.927308299999999690e+02 3.934739199999999641e+02
5.904342699999999695e+02 3.952699799999999755e+02
5.885224299999999857e+02 3.974663499999999772e+02
5.870063000000000102e+02 3.999791999999999916e+02
5.858988400000000638e+02 4.027266700000000128e+02
5.852149200000001201e+02 4.056269500000000221e+02
5.849655700000000706e+02 4.085962300000000482e+02
5.851657100000001037e+02 4.115507100000000378e+02
5.858282500000001392e+02 4.144105000000000132e+02
5.869642000000001190e+02 4.170917900000000031e+02
5.885904500000001462e+02 4.195108299999999986e+02
5.907179800000001251e+02 4.215857199999999807e+02
5.933597400000001016e+02 4.232327099999999973e+02
5.965287000000000717e+02 4.243698800000000233e+02
5.996667800000000170e+02 4.252194600000000264e+02
6.026800600000000259e+02 4.253991500000000201e+02
6.055303900000000112e+02 4.249786900000000287e+02
6.081855699999999842e+02 4.240220500000000357e+02
6.106113399999999274e+02 4.225990600000000086e+02
6.127734799999999495e+02 4.207775700000000256e+02
6.146397999999999229e+02 4.186215400000000386e+02
6.161740799999998899e+02 4.162007600000000593e+02
6.181137199999999439e+02 4.108286800000000767e+02
6.184506599999999708e+02 4.080111300000000938e+02
6.183226399999999785e+02 4.051983600000000934e+02
6.176915799999999308e+02 4.024542700000000650e+02
6.165271499999998923e+02 3.998487400000000775e+02
6.147932399999998552e+02 3.974456900000000701e+02
6.124575399999998808e+02 3.953149500000000671e+02
6.100877499999999145e+02 3.936368700000000445e+02
6.074673299999999472e+02 3.923926100000000474e+02
6.046740099999999529e+02 3.916087100000000305e+02
6.017854399999999941e+02 3.913175900000000524e+02
6.017854399999999941e+02 3.913175600000000145e+02
