4.455182399999999916e+02 2.416558799999999962e+02
4.421511699999999792e+02 2.417541799999999910e+02
4.391299499999999512e+02 2.425002599999999973e+02
4.364636199999999349e+02 2.438122400000000027e+02
4.341670699999999101e+02 2.456083000000000141e+02
4.322552299999999263e+02 2.478046700000000158e+02
4.307390999999999508e+02 2.503175200000000018e+02
4.296316399999999476e+02 2.530649899999999946e+02
4.289477199999999470e+02 2.559652700000000038e+02
4.286983599999999228e+02 2.589345400000000268e+02
4.288984999999998990e+02 2.618890200000000164e+02
4.295610399999998776e+02 2.647488200000000234e+02
4.306969999999998890e+02 2.674301100000000133e+02
4.323232399999998847e+02 2.698491500000000087e+02
4.344507699999998636e+02 2.719240399999999909e+02
4.370925399999998717e+02 2.735710199999999759e+02
4.402614899999998670e+02 2.747081999999999766e+02
4.433995699999998692e+02 2.755577799999999797e+02
4.464128499999998780e+02 2.757374699999999734e+02
4.492631799999998634e+02 2.753170099999999820e+02
4.519183599999998364e+02 2.743603699999999890e+02
4.543441299999998364e+02 2.729373699999999872e+02
4.565062699999998586e+02 2.711158800000000042e+02
4.583725999999998635e+02 2.689598399999999856e+02
4.599068799999998873e+02 2.665390800000000127e+02
4.618465199999998845e+02 2.611669899999999984e+02
4.621834599999999114e+02 2.583494400000000155e+02
4.620554399999999191e+02 2.555366700000000151e+02
4.614243699999998967e+02 2.527925800000000152e+02
4.602599499999998898e+02 2.501870500000000277e+02
4.585260299999998779e+02 2.477840000000000202e+02
4.561903299999999035e+02 2.456532600000000173e+02
4.538205399999998804e+02 2.439751800000000230e+02
4.512001199999998562e+02 2.427309200000000260e+02
4.484067999999998619e+02 2.419470200000000375e+02
4.455182399999998779e+02 2.416559100000000342e+02
4.455182399999999916e+02 2.416558799999999962e+02
