6.300968800000000556e+02 1.084207499999999982e+02
6.267300600000000941e+02 1.085269299999999930e+02
6.237106000000001131e+02 1.092801099999999934e+02
6.210473600000001397e+02 1.105983399999999932e+02
6.187550200000001723e+02 1.123997899999999959e+02
6.168483500000002095e+02 1.146006399999999985e+02
6.153381200000002309e+02 1.171170400000000029e+02
6.142371100000002571e+02 1.198671000000000078e+02
6.135599900000003117e+02 1.227689800000000133e+02
6.133176100000002862e+02 1.257388400000000104e+02
6.135246900000003052e+02 1.286928400000000181e+02
6.141939400000003388e+02 1.315510700000000099e+02
6.153361900000003288e+02 1.342296800000000019e+02
6.169681000000002769e+02 1.366449000000000069e+02
6.191005000000002383e+02 1.387147899999999936e+02
6.217461200000002464e+02 1.403555599999999970e+02
6.249177400000002081e+02 1.414852999999999952e+02
6.280578100000002451e+02 1.423275099999999895e+02
6.310715000000002419e+02 1.425001299999999844e+02
6.339208300000002509e+02 1.420729799999999727e+02
6.365737600000002203e+02 1.411101199999999665e+02
6.389961900000001833e+02 1.396814299999999776e+02
6.411540400000002364e+02 1.378548499999999706e+02
6.430153000000002521e+02 1.356944499999999607e+02
6.445439000000002352e+02 1.332700899999999535e+02
6.464709300000001804e+02 1.278934699999999509e+02
6.468012400000002344e+02 1.250751299999999446e+02
6.466666200000001936e+02 1.222626699999999431e+02
6.460291200000001481e+02 1.195200699999999472e+02
6.448585900000001629e+02 1.169172799999999484e+02
6.431190300000001798e+02 1.145183099999999428e+02
6.407783400000001848e+02 1.123930599999999487e+02
6.384046100000001616e+02 1.107205499999999461e+02
6.357812700000001769e+02 1.094824299999999511e+02
6.329861200000001418e+02 1.087050899999999558e+02
6.300968800000001693e+02 1.084207599999999587e+02
6.300968800000000556e+02 1.084207499999999982e+02
