4.762216300000000047e+02 2.716219699999999762e+02
4.728545599999999922e+02 2.717202699999999709e+02
4.698333399999999642e+02 2.724663499999999772e+02
4.671670199999999795e+02 2.737783299999999826e+02
4.648704599999999800e+02 2.755743899999999940e+02
4.629586199999999963e+02 2.777707500000000209e+02
4.614424900000000207e+02 2.802836000000000354e+02
4.603350300000000175e+02 2.830310800000000313e+02
4.596511100000000170e+02 2.859313600000000406e+02
4.594017600000000243e+02 2.889006300000000351e+02
4.596019000000000005e+02 2.918551100000000247e+02
4.602644399999999791e+02 2.947149100000000317e+02
4.614003899999999589e+02 2.973961900000000469e+02
4.630266399999999862e+02 2.998152400000000739e+02
4.651541699999999651e+02 3.018901300000000560e+02
4.677959299999999416e+02 3.035371000000000663e+02
4.709648899999999685e+02 3.046742900000000418e+02
4.741029699999999707e+02 3.055238700000000449e+02
4.771162399999999479e+02 3.057035600000000386e+02
4.799665699999999333e+02 3.052830900000000156e+02
4.826217499999999063e+02 3.043264599999999973e+02
4.850475299999998811e+02 3.029034599999999955e+02
4.872096699999999032e+02 3.010819599999999809e+02
4.890759899999998765e+02 2.989259299999999939e+02
4.906102699999999004e+02 2.965051599999999894e+02
4.925499099999998975e+02 2.911330800000000067e+02
4.928868499999999244e+02 2.883155300000000238e+02
4.927588299999999322e+02 2.855027600000000234e+02
4.921277699999999413e+02 2.827586700000000519e+02
4.909633399999999597e+02 2.801531400000000644e+02
4.892294199999999478e+02 2.777500900000000570e+02
4.868937199999999734e+02 2.756193500000000540e+02
4.845239299999999503e+02 2.739412700000000314e+02
4.819035099999999261e+02 2.726970100000000343e+02
4.791101899999999318e+02 2.719131100000000174e+02
4.762216299999999478e+02 2.716220000000000141e+02
4.762216300000000047e+02 2.716219699999999762e+02
