4.131972099999999841e+02 2.125079299999999876e+02
4.098301399999999717e+02 2.126062299999999823e+02
4.068089199999999437e+02 2.133523199999999918e+02
4.041425899999999274e+02 2.146642899999999941e+02
4.018460399999999026e+02 2.164603500000000054e+02
3.999341999999999189e+02 2.186567200000000071e+02
3.984180699999999433e+02 2.211695699999999931e+02
3.973105999999999653e+02 2.239170399999999859e+02
3.966266799999999648e+02 2.268173199999999952e+02
3.963773299999999722e+02 2.297865899999999897e+02
3.965774699999999484e+02 2.327410799999999824e+02
3.972400099999999270e+02 2.356008699999999862e+02
3.983759699999999384e+02 2.382821599999999762e+02
4.000022099999999341e+02 2.407011999999999716e+02
4.021297399999999129e+02 2.427760899999999822e+02
4.047714999999998895e+02 2.444230699999999956e+02
4.079404599999999164e+02 2.455602499999999964e+02
4.110785399999999186e+02 2.464098299999999995e+02
4.140918199999999274e+02 2.465895199999999932e+02
4.169421499999999128e+02 2.461690600000000018e+02
4.195973299999998858e+02 2.452124200000000087e+02
4.220230999999998858e+02 2.437894200000000069e+02
4.241852399999999079e+02 2.419679299999999955e+02
4.260515699999999129e+02 2.398119000000000085e+02
4.275858499999999367e+02 2.373911300000000040e+02
4.295254899999999338e+02 2.320190400000000182e+02
4.298624299999999607e+02 2.292014900000000068e+02
4.297343999999999369e+02 2.263887200000000064e+02
4.291033399999999460e+02 2.236446300000000065e+02
4.279389199999999391e+02 2.210391000000000190e+02
4.262049999999999272e+02 2.186360500000000116e+02
4.238692999999999529e+02 2.165053100000000086e+02
4.214995099999999297e+02 2.148272300000000143e+02
4.188790899999999056e+02 2.135829700000000173e+02
4.160857699999999113e+02 2.127990700000000288e+02
4.131972099999999273e+02 2.125079600000000255e+02
4.131972099999999841e+02 2.125079299999999876e+02
