5.393533700000000408e+02 3.322500699999999938e+02
5.359863000000000284e+02 3.323483699999999885e+02
5.329650800000000572e+02 3.330944499999999948e+02
5.302987500000000409e+02 3.344064300000000003e+02
5.280022000000000162e+02 3.362024900000000116e+02
5.260903600000000324e+02 3.383988500000000386e+02
5.245742300000000569e+02 3.409117000000000530e+02
5.234667600000000220e+02 3.436591700000000742e+02
5.227828400000000784e+02 3.465594600000000582e+02
5.225334900000000289e+02 3.495287300000000528e+02
5.227336300000000620e+02 3.524832100000000423e+02
5.233961700000000974e+02 3.553430100000000493e+02
5.245321300000000520e+02 3.580242800000000329e+02
5.261583700000001045e+02 3.604433200000000284e+02
5.282859000000000833e+02 3.625182200000000421e+02
5.309276700000000346e+02 3.641651900000000524e+02
5.340966200000000299e+02 3.653023800000000278e+02
5.372346999999999753e+02 3.661519600000000310e+02
5.402479799999999841e+02 3.663316500000000246e+02
5.430983099999999695e+02 3.659111800000000017e+02
5.457534899999999425e+02 3.649545499999999834e+02
5.481792599999998856e+02 3.635315499999999815e+02
5.503413999999999078e+02 3.617100499999999670e+02
5.522077299999998559e+02 3.595540199999999800e+02
5.537420099999998229e+02 3.571332499999999754e+02
5.556816499999998769e+02 3.517611799999999675e+02
5.560185899999999037e+02 3.489436299999999846e+02
5.558905599999999367e+02 3.461308599999999842e+02
5.552594999999998890e+02 3.433867699999999559e+02
5.540950799999999390e+02 3.407812399999999684e+02
5.523611599999999271e+02 3.383781899999999609e+02
5.500254599999999527e+02 3.362474499999999580e+02
5.476556699999999864e+02 3.345693699999999353e+02
5.450352500000000191e+02 3.333251099999999383e+02
5.422419300000000248e+02 3.325412099999999214e+02
5.393533700000000408e+02 3.322500899999999433e+02
5.393533700000000408e+02 3.322500699999999938e+02
