5.611181400000000394e+02 4.033496200000000158e+02
5.577510700000000270e+02 4.034479200000000105e+02
5.547298500000000558e+02 4.041940000000000168e+02
5.520635200000000395e+02 4.055059800000000223e+02
5.497669700000000148e+02 4.073020400000000336e+02
5.478551300000000310e+02 4.094984200000000101e+02
5.463390000000000555e+02 4.120112500000000182e+02
5.452315300000000207e+02 4.147587300000000141e+02
5.445476100000000770e+02 4.176590100000000234e+02
5.442982600000000275e+02 4.206282800000000179e+02
5.444984000000000606e+02 4.235827600000000075e+02
5.451609400000000960e+02 4.264425600000000145e+02
5.462969000000000506e+02 4.291238500000000045e+02
5.479231400000001031e+02 4.315428899999999999e+02
5.500506700000000819e+02 4.336177799999999820e+02
5.526924300000000585e+02 4.352647499999999923e+02
5.558613900000000285e+02 4.364019399999999678e+02
5.589994699999999739e+02 4.372515199999999709e+02
5.620127499999999827e+02 4.374312099999999646e+02
5.648630799999999681e+02 4.370107499999999732e+02
5.675182599999999411e+02 4.360541099999999801e+02
5.699440299999998842e+02 4.346311099999999783e+02
5.721061699999999064e+02 4.328096099999999637e+02
5.739724999999998545e+02 4.306535799999999767e+02
5.755067799999998215e+02 4.282328200000000038e+02
5.774464199999998755e+02 4.228607299999999896e+02
5.777833599999999024e+02 4.200431800000000067e+02
5.776553299999999354e+02 4.172304100000000062e+02
5.770242699999998877e+02 4.144863199999999779e+02
5.758598499999999376e+02 4.118807899999999904e+02
5.741259299999999257e+02 4.094777399999999830e+02
5.717902299999999514e+02 4.073470099999999547e+02
5.694204399999999850e+02 4.056689199999999573e+02
5.668000200000000177e+02 4.044246599999999603e+02
5.640067000000000235e+02 4.036407599999999434e+02
5.611181400000000394e+02 4.033496499999999401e+02
5.611181400000000394e+02 4.033496200000000158e+02
