5.979696900000000142e+02 7.952764899999999670e+01
5.946028700000000526e+02 7.963383899999999471e+01
5.915834000000000970e+02 8.038700899999999194e+01
5.889201700000000983e+02 8.170523899999999173e+01
5.866278300000001309e+02 8.350668899999999439e+01
5.847211500000000797e+02 8.570752899999999386e+01
5.832109200000001010e+02 8.822392899999999827e+01
5.821099200000001019e+02 9.097399899999999207e+01
5.814328000000001566e+02 9.387587899999999763e+01
5.811904200000001310e+02 9.684572899999999152e+01
5.813974900000001753e+02 9.979973899999998821e+01
5.820667500000001837e+02 1.026579699999999917e+02
5.832089900000001990e+02 1.053365799999999979e+02
5.848409100000002354e+02 1.077517899999999997e+02
5.869733000000002221e+02 1.098216800000000006e+02
5.896189300000002049e+02 1.114624600000000072e+02
5.927905400000001919e+02 1.125922000000000054e+02
5.959306100000002289e+02 1.134344099999999997e+02
5.989443000000002257e+02 1.136070299999999946e+02
6.017936400000002095e+02 1.131798699999999940e+02
6.044465700000001789e+02 1.122170099999999877e+02
6.068689900000001671e+02 1.107883199999999846e+02
6.090268500000001950e+02 1.089617499999999808e+02
6.108881100000002107e+02 1.068013399999999820e+02
6.124166900000002443e+02 1.043769799999999748e+02
6.143437200000001894e+02 9.900035899999997469e+01
6.146740500000001930e+02 9.618202899999997157e+01
6.145394200000001774e+02 9.336955899999996689e+01
6.139019200000001319e+02 9.062696899999997413e+01
6.127313800000001720e+02 8.802417899999997530e+01
6.109918300000001636e+02 8.562519899999998074e+01
6.086511300000001938e+02 8.349994899999998665e+01
6.062774200000002338e+02 8.182743899999998405e+01
6.036540800000002491e+02 8.058932899999997801e+01
6.008589300000002140e+02 7.981198899999998275e+01
5.979696900000002415e+02 7.952765899999998567e+01
5.979696900000000142e+02 7.952764899999999670e+01
