4.981395800000000236e+02 3.430992600000000152e+02
4.947725200000000427e+02 3.431975600000000099e+02
4.917512900000000400e+02 3.439436499999999910e+02
4.890849700000000553e+02 3.452556199999999649e+02
4.867884100000000558e+02 3.470516799999999762e+02
4.848765700000000720e+02 3.492480499999999779e+02
4.833604400000000965e+02 3.517608999999999924e+02
4.822529800000000932e+02 3.545083700000000135e+02
4.815690600000000927e+02 3.574086500000000228e+02
4.813197100000001001e+02 3.603779300000000489e+02
4.815198500000000763e+02 3.633324100000000385e+02
4.821823900000000549e+02 3.661922100000000455e+02
4.833183400000000347e+02 3.688734900000000607e+02
4.849445900000000620e+02 3.712925300000000561e+02
4.870721200000000408e+02 3.733674200000000383e+02
4.897138800000000174e+02 3.750144000000000233e+02
4.928828400000000443e+02 3.761515800000000240e+02
4.960209200000000465e+02 3.770011600000000271e+02
4.990342000000000553e+02 3.771808500000000208e+02
5.018845300000000407e+02 3.767603900000000294e+02
5.045397100000000137e+02 3.758037600000000111e+02
5.069654800000000137e+02 3.743807500000000346e+02
5.091276200000000358e+02 3.725592600000000516e+02
5.109939400000000091e+02 3.704032300000000646e+02
5.125282200000000330e+02 3.679824600000000601e+02
5.144678600000000870e+02 3.626103700000000458e+02
5.148048000000001139e+02 3.597928200000000629e+02
5.146767800000001216e+02 3.569800500000000625e+02
5.140457200000000739e+02 3.542359600000000910e+02
5.128812900000000354e+02 3.516304300000001035e+02
5.111473800000000551e+02 3.492273800000000961e+02
5.088116800000000808e+02 3.470966400000000931e+02
5.064418900000000576e+02 3.454185700000001020e+02
5.038214700000000335e+02 3.441743000000001302e+02
5.010281500000000392e+02 3.433904000000001133e+02
4.981395800000000236e+02 3.430992900000001100e+02
4.981395800000000236e+02 3.430992600000000152e+02
