3.186756199999999808e+02 1.249030800000000028e+02
3.153085499999999683e+02 1.250013799999999975e+02
3.122873299999999404e+02 1.257474699999999928e+02
3.096210099999999557e+02 1.270594399999999951e+02
3.073244499999999562e+02 1.288555000000000064e+02
3.054126099999999724e+02 1.310518700000000081e+02
3.038964799999999968e+02 1.335647199999999941e+02
3.027890199999999936e+02 1.363121899999999869e+02
3.021050999999999931e+02 1.392124699999999962e+02
3.018557500000000005e+02 1.421817499999999939e+02
3.020558899999999767e+02 1.451362299999999834e+02
3.027184299999999553e+02 1.479960299999999904e+02
3.038543799999999351e+02 1.506773099999999772e+02
3.054806299999999624e+02 1.530963499999999726e+02
3.076081599999999412e+02 1.551712399999999832e+02
3.102499199999999178e+02 1.568182199999999966e+02
3.134188799999999446e+02 1.579553999999999974e+02
3.165569599999999468e+02 1.588049800000000005e+02
3.195702299999999241e+02 1.589846699999999942e+02
3.224205599999999095e+02 1.585642100000000028e+02
3.250757399999998825e+02 1.576075700000000097e+02
3.275015199999998572e+02 1.561845700000000079e+02
3.296636599999998793e+02 1.543630799999999965e+02
3.315299799999998527e+02 1.522070500000000095e+02
3.330642599999998765e+02 1.497862800000000050e+02
3.350038999999998737e+02 1.444141900000000192e+02
3.353408399999999006e+02 1.415966400000000078e+02
3.352128199999999083e+02 1.387838700000000074e+02
3.345817599999999175e+02 1.360397800000000075e+02
3.334173299999999358e+02 1.334342500000000200e+02
3.316834199999999555e+02 1.310312000000000126e+02
3.293477099999999496e+02 1.289004600000000096e+02
3.269779299999999580e+02 1.272223800000000153e+02
3.243574999999999591e+02 1.259781200000000183e+02
3.215641899999999396e+02 1.251942200000000156e+02
3.186756199999999239e+02 1.249031100000000123e+02
3.186756199999999808e+02 1.249030800000000028e+02
