5.295891699999999673e+02 3.743871500000000196e+02
5.262220999999999549e+02 3.744854500000000144e+02
5.232008799999999837e+02 3.752315300000000207e+02
5.205345499999999674e+02 3.765435100000000261e+02
5.182379999999999427e+02 3.783395700000000375e+02
5.163261599999999589e+02 3.805359300000000644e+02
5.148100299999999834e+02 3.830487800000000789e+02
5.137025599999999486e+02 3.857962500000001000e+02
5.130186400000000049e+02 3.886965400000000841e+02
5.127692899999999554e+02 3.916658100000000786e+02
5.129694299999999885e+02 3.946202900000000682e+02
5.136319700000000239e+02 3.974800900000000752e+02
5.147679299999999785e+02 4.001613600000000588e+02
5.163941700000000310e+02 4.025804000000000542e+02
5.185217000000000098e+02 4.046553000000000679e+02
5.211634699999999611e+02 4.063022700000000782e+02
5.243324199999999564e+02 4.074394600000000537e+02
5.274704999999999018e+02 4.082890400000000568e+02
5.304837799999999106e+02 4.084687300000000505e+02
5.333341099999998960e+02 4.080482600000000275e+02
5.359892899999998690e+02 4.070916300000000092e+02
5.384150599999998121e+02 4.056686300000000074e+02
5.405771999999998343e+02 4.038471299999999928e+02
5.424435299999997824e+02 4.016911000000000058e+02
5.439778099999997494e+02 3.992703300000000013e+02
5.459174499999998034e+02 3.938982599999999934e+02
5.462543899999998303e+02 3.910807100000000105e+02
5.461263599999998632e+02 3.882679400000000101e+02
5.454952999999998156e+02 3.855238500000000386e+02
5.443308799999998655e+02 3.829183200000000511e+02
5.425969599999998536e+02 3.805152700000000436e+02
5.402612599999998793e+02 3.783845300000000407e+02
5.378914699999999129e+02 3.767064500000000180e+02
5.352710499999999456e+02 3.754621900000000210e+02
5.324777299999999514e+02 3.746782900000000041e+02
5.295891699999999673e+02 3.743871700000000260e+02
5.295891699999999673e+02 3.743871500000000196e+02
