6.224941999999999780e+02 4.621333700000000135e+02
6.191271299999999655e+02 4.622316700000000083e+02
6.161059099999999944e+02 4.629777500000000146e+02
6.134395799999999781e+02 4.642897300000000200e+02
6.111430299999999534e+02 4.660858000000000061e+02
6.092311899999999696e+02 4.682821500000000015e+02
6.077150599999999940e+02 4.707950099999999907e+02
6.066076000000000477e+02 4.735424899999999866e+02
6.059236700000000155e+02 4.764427599999999643e+02
6.056743199999999661e+02 4.794120399999999904e+02
6.058744599999999991e+02 4.823665100000000052e+02
6.065370000000000346e+02 4.852263100000000122e+02
6.076729599999999891e+02 4.879075900000000274e+02
6.092992000000000417e+02 4.903266300000000228e+02
6.114267300000000205e+02 4.924015300000000366e+02
6.140684999999999718e+02 4.940485100000000216e+02
6.172374499999999671e+02 4.951856900000000223e+02
6.203755299999999124e+02 4.960352700000000254e+02
6.233888099999999213e+02 4.962149600000000191e+02
6.262391399999999066e+02 4.957944899999999961e+02
6.288943199999998797e+02 4.948378599999999778e+02
6.313200899999999365e+02 4.934148699999999508e+02
6.334822299999999586e+02 4.915933599999999615e+02
6.353485599999999067e+02 4.894373299999999745e+02
6.368828399999998737e+02 4.870165599999999699e+02
6.388224799999999277e+02 4.816444799999999873e+02
6.391594199999999546e+02 4.788269399999999791e+02
6.390313999999999623e+02 4.760141699999999787e+02
6.384003299999999399e+02 4.732700800000000072e+02
6.372359099999999899e+02 4.706645500000000197e+02
6.355019899999999780e+02 4.682615000000000123e+02
6.331662900000000036e+02 4.661307500000000346e+02
6.307965000000000373e+02 4.644526700000000119e+02
6.281760800000000700e+02 4.632084100000000149e+02
6.253827600000000757e+02 4.624245099999999979e+02
6.224942000000000917e+02 4.621333999999999946e+02
6.224941999999999780e+02 4.621333700000000135e+02
