5.920212400000000343e+02 4.334546399999999835e+02
5.886541799999999967e+02 4.335529399999999782e+02
5.856329500000000507e+02 4.342990299999999593e+02
5.829666300000000092e+02 4.356109999999999332e+02
5.806700700000000097e+02 4.374070599999999445e+02
5.787582300000000259e+02 4.396034299999999462e+02
5.772421000000000504e+02 4.421162799999999606e+02
5.761346400000001040e+02 4.448637499999999818e+02
5.754507200000001603e+02 4.477640299999999911e+02
5.752013700000001108e+02 4.507333100000000172e+02
5.754015100000001439e+02 4.536877900000000068e+02
5.760640500000001794e+02 4.565475799999999822e+02
5.772000000000001592e+02 4.592288699999999722e+02
5.788262500000001864e+02 4.616479099999999676e+02
5.809537800000001653e+02 4.637227999999999497e+02
5.835955400000001418e+02 4.653697899999999663e+02
5.867645000000001119e+02 4.665069599999999923e+02
5.899025800000000572e+02 4.673565399999999954e+02
5.929158600000000661e+02 4.675362299999999891e+02
5.957661900000000514e+02 4.671157699999999977e+02
5.984213700000000244e+02 4.661591300000000047e+02
6.008471400000000813e+02 4.647361399999999776e+02
6.030092800000001034e+02 4.629146499999999946e+02
6.048756000000000768e+02 4.607586200000000076e+02
6.064098800000000438e+02 4.583378400000000283e+02
6.083495200000000978e+02 4.529657600000000457e+02
6.086864600000001246e+02 4.501482100000000628e+02
6.085584400000001324e+02 4.473354400000000624e+02
6.079273800000000847e+02 4.445913500000000340e+02
6.067629500000000462e+02 4.419858200000000465e+02
6.050290400000000091e+02 4.395827700000000391e+02
6.026933400000000347e+02 4.374520300000000361e+02
6.003235500000000684e+02 4.357739500000000135e+02
5.977031300000001011e+02 4.345296900000000164e+02
5.949098100000001068e+02 4.337457899999999995e+02
5.920212400000001480e+02 4.334546700000000214e+02
5.920212400000000343e+02 4.334546399999999835e+02
