4.664574299999999880e+02 3.137590500000000020e+02
4.630903599999999756e+02 3.138573499999999967e+02
4.600691399999999476e+02 3.146034300000000030e+02
4.574028199999999629e+02 3.159154100000000085e+02
4.551062599999999634e+02 3.177114700000000198e+02
4.531944199999999796e+02 3.199078300000000468e+02
4.516782900000000041e+02 3.224206800000000612e+02
4.505708300000000008e+02 3.251681600000000572e+02
4.498869100000000003e+02 3.280684400000000664e+02
4.496375600000000077e+02 3.310377100000000610e+02
4.498376999999999839e+02 3.339921900000000505e+02
4.505002399999999625e+02 3.368519900000000575e+02
4.516361899999999423e+02 3.395332700000000727e+02
4.532624399999999696e+02 3.419523200000000998e+02
4.553899699999999484e+02 3.440272100000000819e+02
4.580317299999999250e+02 3.456741800000000922e+02
4.612006899999999519e+02 3.468113700000000676e+02
4.643387699999999541e+02 3.476609500000000708e+02
4.673520399999999313e+02 3.478406400000000644e+02
4.702023699999999167e+02 3.474201700000000415e+02
4.728575499999998897e+02 3.464635400000000232e+02
4.752833299999998644e+02 3.450405400000000213e+02
4.774454699999998866e+02 3.432190400000000068e+02
4.793117899999998599e+02 3.410630100000000198e+02
4.808460699999998837e+02 3.386422400000000152e+02
4.827857099999998809e+02 3.332701600000000326e+02
4.831226499999999078e+02 3.304526100000000497e+02
4.829946299999999155e+02 3.276398400000000493e+02
4.823635699999999247e+02 3.248957500000000209e+02
4.811991399999999430e+02 3.222902200000000335e+02
4.794652199999999311e+02 3.198871700000000260e+02
4.771295199999999568e+02 3.177564300000000230e+02
4.747597299999999336e+02 3.160783500000000004e+02
4.721393099999999095e+02 3.148340900000000033e+02
4.693459899999999152e+02 3.140501899999999864e+02
4.664574299999999312e+02 3.137590799999999831e+02
4.664574299999999880e+02 3.137590500000000020e+02
