7.476674900000000434e+02 5.960635300000000143e+02
7.443004200000000310e+02 5.959652300000000196e+02
7.412792200000000093e+02 5.952191500000000133e+02
7.386128700000000435e+02 5.939071599999999762e+02
7.363163200000000188e+02 5.921110900000001038e+02
7.344044800000000350e+02 5.899147299999999632e+02
7.328883600000000342e+02 5.874018700000000308e+02
7.317808899999999994e+02 5.846544200000000728e+02
7.310969800000000305e+02 5.817541300000000319e+02
7.308475300000000061e+02 5.787848500000000058e+02
7.310478500000000395e+02 5.758303599999999278e+02
7.317103600000000370e+02 5.729705799999999272e+02
7.328463400000000547e+02 5.702893100000000004e+02
7.344725900000000820e+02 5.678702599999999165e+02
7.366001300000000356e+02 5.657953700000000481e+02
7.392418600000000879e+02 5.641483699999999999e+02
7.424108500000000959e+02 5.630112199999999802e+02
7.455489100000000917e+02 5.621616199999999708e+02
7.485621800000001258e+02 5.619820899999999710e+02
7.514125100000001112e+02 5.624025699999999688e+02
7.540677000000000589e+02 5.633591999999999871e+02
7.564934800000000905e+02 5.647821900000000142e+02
7.586556000000000495e+02 5.666036599999999908e+02
7.605219299999999976e+02 5.687596899999999778e+02
7.620562300000000278e+02 5.711804799999999886e+02
7.639958400000000438e+02 5.765525499999999965e+02
7.643326000000000704e+02 5.793701100000000679e+02
7.642044700000000148e+02 5.821828800000000683e+02
7.635733999999999924e+02 5.849269600000000082e+02
7.624089699999999539e+02 5.875324900000000525e+02
7.606750700000000052e+02 5.899355600000000095e+02
7.583393600000000561e+02 5.920662999999999556e+02
7.559695600000000013e+02 5.937443700000000035e+02
7.533491400000000340e+02 5.949886300000000574e+02
7.505558399999999892e+02 5.957725399999999354e+02
7.476672599999999420e+02 5.960635700000000270e+02
7.476674900000000434e+02 5.960635300000000143e+02
