6.141777399999999716e+02 3.625639800000000150e+02
6.108107099999999718e+02 3.624656800000000203e+02
6.077894699999999375e+02 3.617196000000000140e+02
6.051231299999999464e+02 3.604076100000000338e+02
6.028265699999999470e+02 3.586115400000000477e+02
6.009147399999999379e+02 3.564151900000000524e+02
5.993986199999999371e+02 3.539023300000000631e+02
5.982911399999999276e+02 3.511548400000000356e+02
5.976072299999999586e+02 3.482545800000000327e+02
5.973577899999999090e+02 3.452853099999999813e+02
5.975580999999998539e+02 3.423308499999999412e+02
5.982206499999998641e+02 3.394710299999999279e+02
5.993565899999998692e+02 3.367897599999998874e+02
6.009828399999998965e+02 3.343707099999999173e+02
6.031103799999998500e+02 3.322958299999999099e+02
6.057521199999998771e+02 3.306488199999998869e+02
6.089210999999999103e+02 3.295116399999999430e+02
6.120591599999999062e+02 3.286620799999999463e+02
6.150724299999999403e+02 3.284825499999999465e+02
6.179227599999999256e+02 3.289030199999999695e+02
6.205779599999999618e+02 3.298596599999999626e+02
6.230037299999999050e+02 3.312826499999999896e+02
6.251658899999998766e+02 3.331041599999999789e+02
6.270321799999999257e+02 3.352601899999999659e+02
6.285664799999999559e+02 3.376809399999999641e+02
6.305060899999999720e+02 3.430530400000000100e+02
6.308432299999999486e+02 3.458705700000000434e+02
6.307150999999998930e+02 3.486833300000000690e+02
6.300840299999998706e+02 3.514274200000000974e+02
6.289195999999998321e+02 3.540329500000000849e+02
6.271856999999998834e+02 3.564360100000000671e+02
6.248499899999999343e+02 3.585667600000000448e+02
6.224802299999998922e+02 3.602448300000000359e+02
6.198598099999999249e+02 3.614890900000000329e+02
6.170664699999999812e+02 3.622730000000000246e+02
6.141778899999999339e+02 3.625640200000000277e+02
6.141777399999999716e+02 3.625639800000000150e+02
