8.095641100000000279e+02 5.357843000000000302e+02
8.061970400000000154e+02 5.356859999999999218e+02
8.031757999999999811e+02 5.349399200000000292e+02
8.005094900000000280e+02 5.336279700000000048e+02
7.982129400000000032e+02 5.318319099999998798e+02
7.963011000000000195e+02 5.296355499999999665e+02
7.947849400000000060e+02 5.271226899999999205e+02
7.936775000000000091e+02 5.243751999999999498e+02
7.929935600000000022e+02 5.214749399999998332e+02
7.927441099999999778e+02 5.185056299999998828e+02
7.929444300000000112e+02 5.155511699999999564e+02
7.936069800000000214e+02 5.126913899999999558e+02
7.947429100000000517e+02 5.100100799999999026e+02
7.963691700000000537e+02 5.075910699999998883e+02
7.984967000000000326e+02 5.055161499999998682e+02
8.011384800000000723e+02 5.038691799999998580e+02
8.043074300000000676e+02 5.027319999999998572e+02
8.074454900000000634e+02 5.018823999999998478e+02
8.104588000000001102e+02 5.017028699999998480e+02
8.133091300000000956e+02 5.021233399999998710e+02
8.159642800000001444e+02 5.030799799999998640e+02
8.183900600000001759e+02 5.045029699999998911e+02
8.205522100000001728e+02 5.063244799999998804e+02
8.224185400000001209e+02 5.084805099999998674e+02
8.239528000000001384e+02 5.109012999999998783e+02
8.258924600000001419e+02 5.162733699999998862e+02
8.262292100000001938e+02 5.190909299999998439e+02
8.261010900000002266e+02 5.219036899999998695e+02
8.254700600000002169e+02 5.246477799999998979e+02
8.243056200000002036e+02 5.272533099999998285e+02
8.225716900000002170e+02 5.296563299999999117e+02
8.202360200000001669e+02 5.317871199999999590e+02
8.178662200000001121e+02 5.334651899999998932e+02
8.152457900000000564e+02 5.347094499999998334e+02
8.124524600000000873e+02 5.354933199999998124e+02
8.095639200000000528e+02 5.357843499999999040e+02
8.095641100000000279e+02 5.357843000000000302e+02
