5.244421099999999569e+02 4.501787600000000111e+02
5.210750399999999445e+02 4.500804600000000164e+02
5.180537999999999101e+02 4.493343800000000101e+02
5.153874899999999570e+02 4.480223900000000299e+02
5.130909399999999323e+02 4.462263200000000438e+02
5.111790999999999485e+02 4.440299600000000169e+02
5.096629399999999350e+02 4.415171500000000151e+02
5.085554999999999382e+02 4.387696599999999876e+02
5.078715599999999313e+02 4.358693599999999719e+02
5.076221099999999069e+02 4.329000899999999774e+02
5.078224299999998834e+02 4.299456299999999942e+02
5.084849799999998936e+02 4.270858099999999808e+02
5.096209499999998798e+02 4.244045399999999972e+02
5.112471699999998691e+02 4.219854899999999702e+02
5.133746999999998479e+02 4.199106099999999628e+02
5.160164799999998877e+02 4.182636399999999526e+02
5.191854299999998830e+02 4.171264599999999518e+02
5.223234899999998788e+02 4.162768499999999676e+02
5.253367999999999256e+02 4.160973299999999426e+02
5.281871299999999110e+02 4.165177999999999656e+02
5.308422799999999597e+02 4.174744399999999587e+02
5.332680599999999913e+02 4.188974299999999857e+02
5.354302099999999882e+02 4.207189300000000003e+02
5.372965399999999363e+02 4.228749700000000189e+02
5.388308399999999665e+02 4.252957100000000423e+02
5.407704599999999573e+02 4.306678200000000629e+02
5.411075899999999592e+02 4.334853500000000395e+02
5.409794699999999921e+02 4.362981500000000210e+02
5.403483999999999696e+02 4.390422300000000178e+02
5.391839599999999564e+02 4.416477700000000368e+02
5.374500699999999824e+02 4.440507900000000632e+02
5.351143600000000333e+02 4.461815400000000409e+02
5.327445599999999786e+02 4.478596100000000320e+02
5.301241299999999228e+02 4.491038700000000290e+02
5.273307999999999538e+02 4.498877800000000207e+02
5.244422599999999193e+02 4.501788000000000238e+02
5.244421099999999569e+02 4.501787600000000111e+02
