8.428252700000000459e+02 5.044261999999999944e+02
8.394581699999999955e+02 5.043278999999999996e+02
8.364369599999999991e+02 5.035818199999999933e+02
8.337706600000000208e+02 5.022698300000000131e+02
8.314740600000000086e+02 5.004737600000000270e+02
8.295622299999999996e+02 4.982774000000000001e+02
8.280461099999999988e+02 4.957645400000000109e+02
8.269386700000000019e+02 4.930170899999999961e+02
8.262547299999999950e+02 4.901168000000000120e+02
8.260052799999999706e+02 4.871475199999999859e+02
8.262052099999999655e+02 4.841930299999999647e+02
8.268677699999999504e+02 4.813332499999999641e+02
8.280036999999999807e+02 4.786519799999999805e+02
8.296299599999999828e+02 4.762329299999999535e+02
8.317574899999999616e+02 4.741579999999999586e+02
8.343992700000000013e+02 4.725110399999999800e+02
8.375682100000000219e+02 4.713738500000000045e+02
8.407062799999999925e+02 4.705242900000000077e+02
8.437195500000000266e+02 4.703447600000000079e+02
8.465699100000000499e+02 4.707652400000000057e+02
8.492250999999999976e+02 4.717218300000000113e+02
8.516508000000000038e+02 4.731448599999999942e+02
8.538129999999999882e+02 4.749663699999999835e+02
8.556793000000000120e+02 4.771223999999999705e+02
8.572136000000000422e+02 4.795431499999999687e+02
8.591532000000000835e+02 4.849152599999999893e+02
8.594900000000001228e+02 4.877327799999999911e+02
8.593619000000001051e+02 4.905455499999999915e+02
8.587308000000001584e+02 4.932896299999999883e+02
8.575664000000001579e+02 4.958951599999999758e+02
8.558325000000002092e+02 4.982982299999999896e+02
8.534968000000002348e+02 5.004289699999999925e+02
8.511270000000001801e+02 5.021070399999999836e+02
8.485066000000001623e+02 5.033512999999999806e+02
8.457132500000001301e+02 5.041352099999999723e+02
8.428247000000001208e+02 5.044262399999999502e+02
8.428252700000000459e+02 5.044261999999999944e+02
