3.124065200000000004e+02 6.993885800000000472e+02
3.090394499999999880e+02 6.992902799999999388e+02
3.060182100000000105e+02 6.985442000000000462e+02
3.033519000000000005e+02 6.972322199999999839e+02
3.010553499999999758e+02 6.954361799999999221e+02
2.991435099999999920e+02 6.932397899999999709e+02
2.976273600000000101e+02 6.907269699999999375e+02
2.965199200000000133e+02 6.879794799999999668e+02
2.958359700000000316e+02 6.850792199999999639e+02
2.955865300000000389e+02 6.821099099999998998e+02
2.957864600000000337e+02 6.791554499999999734e+02
2.964490100000000439e+02 6.762956399999999348e+02
2.975849500000000489e+02 6.736143599999999196e+02
2.992112100000000510e+02 6.711953099999999495e+02
3.013387400000000298e+02 6.691204299999999421e+02
3.039805200000000127e+02 6.674734599999999318e+02
3.071494600000000332e+02 6.663362799999999879e+02
3.102875300000000607e+02 6.654866799999999785e+02
3.133008300000000759e+02 6.653071499999998650e+02
3.161511600000000612e+02 6.657276199999998880e+02
3.188063200000000847e+02 6.666842599999998811e+02
3.212320900000000847e+02 6.681072499999999081e+02
3.233942500000000564e+02 6.699287599999998974e+02
3.252605800000000613e+02 6.720847899999998845e+02
3.267948400000000788e+02 6.745055399999998826e+02
3.287344900000000507e+02 6.798776499999999032e+02
3.290716300000000274e+02 6.826952099999998609e+02
3.289435000000000286e+02 6.855079699999998866e+02
3.283124300000000062e+02 6.882520599999998012e+02
3.271480000000000246e+02 6.908575899999998455e+02
3.254141000000000190e+02 6.932606499999998277e+02
3.230783900000000131e+02 6.953913599999998496e+02
3.207085900000000152e+02 6.970694699999999102e+02
3.180881699999999910e+02 6.983137299999998504e+02
3.152948700000000031e+02 6.990975999999998294e+02
3.124062900000000127e+02 6.993886299999999210e+02
3.124065200000000004e+02 6.993885800000000472e+02
