3.668551600000000121e+02 5.977310899999999947e+02
3.634880899999999997e+02 5.976327900000000000e+02
3.604668899999999780e+02 5.968867099999999937e+02
3.578005499999999870e+02 5.955747200000000703e+02
3.555039899999999875e+02 5.937786900000000969e+02
3.535921500000000037e+02 5.915823000000000320e+02
3.520760300000000029e+02 5.890694800000001123e+02
3.509685600000000250e+02 5.863219900000000280e+02
3.502846499999999992e+02 5.834216900000000123e+02
3.500351999999999748e+02 5.804524599999999737e+02
3.502351400000000012e+02 5.774979600000000346e+02
3.508976499999999987e+02 5.746381499999999960e+02
3.520336300000000165e+02 5.719568699999999808e+02
3.536598800000000438e+02 5.695378200000000106e+02
3.557873800000000415e+02 5.674629400000000032e+02
3.584291600000000244e+02 5.658159699999999930e+02
3.615981000000000449e+02 5.646787899999999354e+02
3.647362000000000535e+02 5.638291899999999259e+02
3.677494700000000307e+02 5.636496600000000399e+02
3.705998000000000161e+02 5.640701300000000629e+02
3.732549999999999955e+02 5.650267699999999422e+02
3.756807699999999954e+02 5.664497599999999693e+02
3.778428900000000112e+02 5.682712699999999586e+02
3.797092200000000162e+02 5.704273000000000593e+02
3.812435199999999895e+02 5.728480500000000575e+02
3.831831300000000056e+02 5.782201499999999896e+02
3.835202699999999822e+02 5.810376799999999093e+02
3.833921399999999835e+02 5.838504799999999477e+02
3.827611099999999738e+02 5.865945699999999761e+02
3.815966799999999921e+02 5.892001000000000204e+02
3.798627799999999866e+02 5.916031199999999899e+02
3.775270699999999806e+02 5.937338700000000244e+02
3.751572699999999827e+02 5.954119399999999587e+02
3.725368499999999585e+02 5.966561999999998989e+02
3.697435499999999706e+02 5.974401100000000042e+02
3.668549699999999802e+02 5.977311299999998937e+02
3.668551600000000121e+02 5.977310899999999947e+02
