5.117875500000000102e+02 4.065537100000000237e+02
5.084204799999999977e+02 4.064554100000000290e+02
5.053992400000000202e+02 4.057093000000000416e+02
5.027329400000000419e+02 4.043973500000000172e+02
5.004363800000000424e+02 4.026012800000000311e+02
4.985245400000000586e+02 4.004048800000000483e+02
4.970083900000000767e+02 3.978920600000000718e+02
4.959009500000000799e+02 3.951445700000000443e+02
4.952170000000000982e+02 3.922443100000000413e+02
4.949675600000001054e+02 3.892750400000000468e+02
4.951674900000001003e+02 3.863205500000000256e+02
4.958300400000001105e+02 3.834607700000000250e+02
4.969659800000001155e+02 3.807794600000000287e+02
4.985922400000001176e+02 3.783604100000000017e+02
5.007197700000000964e+02 3.762855200000000195e+02
5.033615100000001235e+02 3.746385200000000282e+02
5.065304900000000998e+02 3.735013300000000527e+02
5.096685600000001273e+02 3.726517700000000559e+02
5.126818600000001425e+02 3.724722400000000562e+02
5.155321900000001278e+02 3.728926800000000412e+02
5.181873500000001513e+02 3.738493100000000595e+02
5.206131200000002082e+02 3.752723800000000551e+02
5.227752800000001798e+02 3.770938500000000317e+02
5.246416100000001279e+02 3.792498800000000188e+02
5.261758700000001454e+02 3.816706700000000296e+02
5.281155200000001742e+02 3.870427400000000375e+02
5.284526600000001508e+02 3.898603000000000520e+02
5.283245300000000952e+02 3.926730600000000777e+02
5.276934600000000728e+02 3.954171500000001060e+02
5.265290300000000343e+02 3.980226800000000935e+02
5.247951300000000856e+02 4.004257400000000757e+02
5.224594200000001365e+02 4.025564500000000976e+02
5.200896200000000817e+02 4.042345600000001014e+02
5.174692000000001144e+02 4.054788200000000984e+02
5.146759000000000697e+02 4.062627300000000901e+02
5.117873200000000793e+02 4.065537600000000680e+02
5.117875500000000102e+02 4.065537100000000237e+02
