5.708292099999999891e+02 8.161116939999999431e+02
5.674623699999999644e+02 8.160054840000000240e+02
5.644429499999999962e+02 8.152523039999999810e+02
5.617796600000000353e+02 8.139340339999999969e+02
5.594873400000000174e+02 8.121326040000000148e+02
5.575806800000000294e+02 8.099317439999999806e+02
5.560704600000000255e+02 8.074153740000000425e+02
5.549694500000000517e+02 8.046653139999999667e+02
5.542923100000000431e+02 8.017634339999999611e+02
5.540500400000000809e+02 7.987935539999999719e+02
5.542571600000001126e+02 7.958395540000000210e+02
5.549264300000000958e+02 7.929813239999999723e+02
5.560686800000000858e+02 7.903027339999999867e+02
5.577005700000000843e+02 7.878875040000000354e+02
5.598329800000001342e+02 7.858176039999999603e+02
5.624786100000001170e+02 7.841768339999999853e+02
5.656502400000001671e+02 7.830470940000000155e+02
5.687903100000002041e+02 7.822048640000000432e+02
5.718039500000002135e+02 7.820321440000000166e+02
5.746533000000001721e+02 7.824593039999999746e+02
5.773062300000001414e+02 7.834221740000000409e+02
5.797286800000001676e+02 7.848508739999999761e+02
5.818865200000001323e+02 7.866774440000000368e+02
5.837477900000001227e+02 7.888378239999999550e+02
5.852763800000001311e+02 7.912622039999999970e+02
5.872034100000000763e+02 7.966388040000000501e+02
5.875337400000000798e+02 7.994571640000000343e+02
5.873991900000000896e+02 8.022696240000000216e+02
5.867616600000001199e+02 8.050122039999999970e+02
5.855911400000001095e+02 8.076150039999999990e+02
5.838515800000001263e+02 8.100139840000000504e+02
5.815108800000001565e+02 8.121392140000000381e+02
5.791371800000001713e+02 8.138117340000000013e+02
5.765138100000001486e+02 8.150498639999999568e+02
5.737186600000001135e+02 8.158272040000000516e+02
5.708294400000000905e+02 8.161114240000000564e+02
5.708292099999999891e+02 8.161116939999999431e+02
