3.339227300000000014e+02 6.277485299999999597e+02
3.305556599999999889e+02 6.276502299999999650e+02
3.275344599999999673e+02 6.269041600000000471e+02
3.248681099999999446e+02 6.255921700000000101e+02
3.225715599999999199e+02 6.237961000000000240e+02
3.206597199999999361e+02 6.215997399999999971e+02
3.191435999999999353e+02 6.190868800000000647e+02
3.180361299999999574e+02 6.163394299999999930e+02
3.173522199999999316e+02 6.134391299999999774e+02
3.171027699999999072e+02 6.104698600000000397e+02
3.173030899999998837e+02 6.075153700000000754e+02
3.179655999999998812e+02 6.046555900000000747e+02
3.191015699999998674e+02 6.019742800000000216e+02
3.207278299999998694e+02 5.995552700000000641e+02
3.228553599999998482e+02 5.974803799999999683e+02
3.254970999999998753e+02 5.958333800000000338e+02
3.286660799999998517e+02 5.946961900000001151e+02
3.318041499999998791e+02 5.938466300000000047e+02
3.348174199999998564e+02 5.936671000000001186e+02
3.376677499999998417e+02 5.940875800000001163e+02
3.403229399999998463e+02 5.950442100000000210e+02
3.427487199999998211e+02 5.964672000000000480e+02
3.449108299999998053e+02 5.982887100000000373e+02
3.467771699999997850e+02 6.004447400000001380e+02
3.483114599999997836e+02 6.028654900000001362e+02
3.502510799999997744e+02 6.082375600000000304e+02
3.505878399999998010e+02 6.110551200000001018e+02
3.504597099999998022e+02 6.138678800000000138e+02
3.498286399999997798e+02 6.166119700000000421e+02
3.486642099999997981e+02 6.192175000000000864e+02
3.469303099999997926e+02 6.216205600000000686e+02
3.445945999999997866e+02 6.237513100000001032e+02
3.422248399999998014e+02 6.254293800000000374e+02
3.396044199999997772e+02 6.266736400000000913e+02
3.368110799999997766e+02 6.274575500000000829e+02
3.339224999999997863e+02 6.277485800000000609e+02
3.339227300000000014e+02 6.277485299999999597e+02
