4.492869200000000092e+02 4.668040700000000243e+02
4.459198499999999967e+02 4.667057700000000295e+02
4.428986499999999751e+02 4.659596500000000106e+02
4.402322999999999524e+02 4.646476999999999862e+02
4.379357499999999277e+02 4.628516300000000001e+02
4.360239099999999439e+02 4.606552699999999732e+02
4.345077899999999431e+02 4.581424199999999587e+02
4.334003199999999651e+02 4.553949299999999312e+02
4.327164099999999394e+02 4.524946699999999282e+02
4.324669599999999150e+02 4.495253999999999337e+02
4.326672799999998915e+02 4.465708999999999378e+02
4.333297899999998890e+02 4.437111199999999371e+02
4.344657699999999068e+02 4.410298099999999408e+02
4.360920199999999340e+02 4.386107999999999265e+02
4.382195199999999318e+02 4.365358799999999064e+02
4.408612899999999399e+02 4.348889099999998962e+02
4.440302399999999352e+02 4.337517299999998954e+02
4.471683399999999438e+02 4.329021699999998987e+02
4.501816099999999210e+02 4.327226399999998989e+02
4.530319399999999064e+02 4.331430699999999092e+02
4.556871299999999110e+02 4.340997099999999023e+02
4.581129099999998857e+02 4.355227399999998852e+02
4.602750299999999015e+02 4.373442099999998618e+02
4.621413599999999064e+02 4.395002399999998488e+02
4.636756199999999239e+02 4.419210299999998597e+02
4.656152699999998958e+02 4.472930999999998676e+02
4.659520299999999224e+02 4.501106599999998821e+02
4.658238999999999237e+02 4.529234199999999078e+02
4.651928299999999012e+02 4.556675099999998793e+02
4.640283999999999196e+02 4.582730399999998667e+02
4.622944999999999141e+02 4.606760999999998489e+02
4.599587899999999081e+02 4.628068499999998267e+02
4.575890299999999229e+02 4.644849199999998177e+02
4.549686099999998987e+02 4.657291799999998148e+02
4.521752699999998981e+02 4.665130899999998064e+02
4.492866899999999077e+02 4.668041099999998096e+02
4.492869200000000092e+02 4.668040700000000243e+02
