4.812144700000000057e+02 4.364720300000000179e+02
4.778473999999999933e+02 4.363737300000000232e+02
4.748261600000000158e+02 4.356276500000000169e+02
4.721598500000000058e+02 4.343156600000000367e+02
4.698632999999999811e+02 4.325196300000000633e+02
4.679514599999999973e+02 4.303232700000000364e+02
4.664353100000000154e+02 4.278104100000000471e+02
4.653278700000000185e+02 4.250629200000000196e+02
4.646439200000000369e+02 4.221626300000000356e+02
4.643944800000000441e+02 4.191933900000000222e+02
4.645944100000000390e+02 4.162389000000000010e+02
4.652569600000000491e+02 4.133790799999999876e+02
4.663929000000000542e+02 4.106978100000000040e+02
4.680191600000000562e+02 4.082787999999999897e+02
4.701466900000000351e+02 4.062038699999999949e+02
4.727884700000000180e+02 4.045569100000000162e+02
4.759574100000000385e+02 4.034197200000000407e+02
4.790954800000000660e+02 4.025701600000000440e+02
4.821087800000000811e+02 4.023906300000000442e+02
4.849591100000000665e+02 4.028111100000000420e+02
4.876142700000000900e+02 4.037677000000000476e+02
4.900400400000000900e+02 4.051907300000000305e+02
4.922022000000000617e+02 4.070122000000000071e+02
4.940685300000000666e+02 4.091682299999999941e+02
4.956027900000000841e+02 4.115890200000000050e+02
4.975424400000000560e+02 4.169610900000000129e+02
4.978795800000000327e+02 4.197786500000000274e+02
4.977514500000000339e+02 4.225914200000000278e+02
4.971203800000000115e+02 4.253355000000000246e+02
4.959559500000000298e+02 4.279410300000000120e+02
4.942220500000000243e+02 4.303441000000000258e+02
4.918863400000000183e+02 4.324748000000000161e+02
4.895165400000000204e+02 4.341529100000000199e+02
4.868961199999999963e+02 4.353971700000000169e+02
4.841028200000000083e+02 4.361810500000000275e+02
4.812142400000000180e+02 4.364720700000000306e+02
4.812144700000000057e+02 4.364720300000000179e+02
