4.753771499999999719e+02 9.045098239999999805e+02
4.720103099999999472e+02 9.044036240000000362e+02
4.689908499999999663e+02 9.036504439999999931e+02
4.663275999999999613e+02 9.023321740000000091e+02
4.640352799999999434e+02 9.005307440000000270e+02
4.621285899999999174e+02 8.983298839999999927e+02
4.606183599999999387e+02 8.958135139999999410e+02
4.595173499999999649e+02 8.930634539999999788e+02
4.588402499999999691e+02 8.901615739999999732e+02
4.585979799999999500e+02 8.871916939999999840e+02
4.588050999999999249e+02 8.842377239999999574e+02
4.594743699999999080e+02 8.813794639999999845e+02
4.606166199999998980e+02 8.787008739999999989e+02
4.622485499999999092e+02 8.762856339999999591e+02
4.643809199999998896e+02 8.742157439999999724e+02
4.670265499999998724e+02 8.725749736000000212e+02
4.701981799999998657e+02 8.714452336000000514e+02
4.733382099999998900e+02 8.706030035999999654e+02
4.763518899999999121e+02 8.704302836000000525e+02
4.792012399999999275e+02 8.708574436000000105e+02
4.818541699999999537e+02 8.718203135999999631e+02
4.842766199999999799e+02 8.732489735999999994e+02
4.864344600000000014e+02 8.750755840000000489e+02
4.882957299999999918e+02 8.772359639999999672e+02
4.898243200000000002e+02 8.796603440000000091e+02
4.917513500000000022e+02 8.850369439999999486e+02
4.920816800000000057e+02 8.878553040000000465e+02
4.919471300000000156e+02 8.906677640000000338e+02
4.913096400000000017e+02 8.934103340000000344e+02
4.901390799999999786e+02 8.960131440000000111e+02
4.883995199999999954e+02 8.984121239999999489e+02
4.860588199999999688e+02 9.005373540000000503e+02
4.836851199999999835e+02 9.022098740000000134e+02
4.810617899999999736e+02 9.034480039999999690e+02
4.782666399999999953e+02 9.042253439999999500e+02
4.753773800000000165e+02 9.045095639999999548e+02
4.753771499999999719e+02 9.045098239999999805e+02
