2.924200900000000161e+02 6.145343100000000049e+02
2.890530300000000352e+02 6.144360100000000102e+02
2.860317900000000577e+02 6.136899300000000039e+02
2.833654800000000478e+02 6.123779799999999796e+02
2.810689300000000230e+02 6.105819199999999682e+02
2.791570900000000393e+02 6.083855599999999413e+02
2.776409700000000385e+02 6.058727000000000089e+02
2.765334900000000289e+02 6.031252099999999245e+02
2.758495500000000220e+02 6.002249500000000353e+02
2.756000999999999976e+02 5.972556799999999839e+02
2.758004099999999994e+02 5.943011799999999312e+02
2.764629699999999843e+02 5.914413999999999305e+02
2.775989399999999705e+02 5.887600899999999911e+02
2.792251599999999598e+02 5.863410799999999199e+02
2.813526899999999387e+02 5.842661599999998998e+02
2.839944699999999216e+02 5.826191899999998896e+02
2.871634099999999421e+02 5.814820099999999456e+02
2.903014799999999696e+02 5.806324499999999489e+02
2.933147799999999847e+02 5.804525399999999991e+02
2.961651099999999701e+02 5.808730100000000220e+02
2.988202699999999936e+02 5.818296499999999014e+02
3.012460499999999683e+02 5.832526399999999285e+02
3.034081999999999653e+02 5.850741499999999178e+02
3.052745299999999702e+02 5.872301800000000185e+02
3.068087899999999877e+02 5.896509699999999157e+02
3.087484499999999912e+02 5.950230400000000373e+02
3.090851999999999862e+02 5.978405999999999949e+02
3.089570799999999622e+02 6.006533600000000206e+02
3.083260099999999397e+02 6.033974500000000489e+02
3.071616099999999392e+02 6.060029799999999796e+02
3.054276799999999525e+02 6.084060000000000628e+02
3.030919699999999466e+02 6.105367499999999836e+02
3.007221999999999298e+02 6.122148600000000442e+02
2.981017799999999056e+02 6.134591199999999844e+02
2.953084499999998798e+02 6.142429900000000771e+02
2.924198999999998705e+02 6.145340200000000550e+02
2.924200900000000161e+02 6.145343100000000049e+02
