7.788999499999999898e+02 5.662455499999999802e+02
7.755328799999999774e+02 5.661472499999999854e+02
7.725116399999999430e+02 5.654011699999999792e+02
7.698453299999999899e+02 5.640891799999999421e+02
7.675487799999999652e+02 5.622931100000000697e+02
7.656369399999999814e+02 5.600967499999999291e+02
7.641207799999999679e+02 5.575838999999999714e+02
7.630133399999999710e+02 5.548364099999998871e+02
7.623293999999999642e+02 5.519361499999999978e+02
7.620799499999999398e+02 5.489668799999999464e+02
7.622798899999999094e+02 5.460123799999998937e+02
7.629424399999999196e+02 5.431525999999998930e+02
7.640784099999999626e+02 5.404713299999999663e+02
7.657046299999999519e+02 5.380522799999998824e+02
7.678321699999999055e+02 5.359773599999998623e+02
7.704739399999998568e+02 5.343303899999998521e+02
7.736428899999998521e+02 5.331932099999999082e+02
7.767809499999998479e+02 5.323436399999998230e+02
7.797942599999998947e+02 5.321641199999999117e+02
7.826445899999998801e+02 5.325845899999999347e+02
7.852997399999999288e+02 5.335412199999998393e+02
7.877255199999999604e+02 5.349641799999999421e+02
7.898876699999999573e+02 5.367857199999998556e+02
7.917539999999999054e+02 5.389417499999999563e+02
7.932882699999998977e+02 5.413624999999999545e+02
7.952279199999999264e+02 5.467345699999998487e+02
7.955650499999999283e+02 5.495521299999999201e+02
7.954369299999999612e+02 5.523648999999999205e+02
7.948058199999999260e+02 5.551089899999999489e+02
7.936414199999999255e+02 5.577145199999999932e+02
7.919074899999999388e+02 5.601175799999998617e+02
7.895718199999998888e+02 5.622483199999999215e+02
7.872020199999998340e+02 5.639263999999999442e+02
7.845815999999998667e+02 5.651706500000000233e+02
7.817882599999999229e+02 5.659545699999999897e+02
7.788997199999998884e+02 5.662455899999999929e+02
7.788999499999999898e+02 5.662455499999999802e+02
