4.050293800000000033e+02 6.127396499999999833e+02
4.016623099999999909e+02 6.126413499999999885e+02
3.986411099999999692e+02 6.118952699999999822e+02
3.959747599999999466e+02 6.105832900000000336e+02
3.936782099999999218e+02 6.087872200000000475e+02
3.917663699999999380e+02 6.065908600000000206e+02
3.902502499999999372e+02 6.040779999999999745e+02
3.891427699999999277e+02 6.013305500000000166e+02
3.884588699999999335e+02 5.984302500000000009e+02
3.882094199999999091e+02 5.954609800000000632e+02
3.884097399999998856e+02 5.925065200000000232e+02
3.890722499999998831e+02 5.896467099999999846e+02
3.902082199999998693e+02 5.869654299999999694e+02
3.918344799999998713e+02 5.845463799999999992e+02
3.939620099999998502e+02 5.824714999999999918e+02
3.966037499999998772e+02 5.808244999999999436e+02
3.997727299999998536e+02 5.796873499999999240e+02
4.029107999999998810e+02 5.788377499999999145e+02
4.059240699999998583e+02 5.786582200000000284e+02
4.087743999999998437e+02 5.790786900000000514e+02
4.114295899999998483e+02 5.800353299999999308e+02
4.138553699999998230e+02 5.814583199999999579e+02
4.160174799999998072e+02 5.832797900000000482e+02
4.178838099999998121e+02 5.854358199999999215e+02
4.194181099999997855e+02 5.878566100000000461e+02
4.213577299999997763e+02 5.932286799999999403e+02
4.216944899999998029e+02 5.960462400000000116e+02
4.215663599999998041e+02 5.988590000000000373e+02
4.209353299999997944e+02 6.016030900000000656e+02
4.197708899999997811e+02 6.042086200000001099e+02
4.180369599999997945e+02 6.066116799999999785e+02
4.157012899999998012e+02 6.087424300000000130e+02
4.133314899999998033e+02 6.104205000000000609e+02
4.107110599999998044e+02 6.116647600000000011e+02
4.079177299999997786e+02 6.124486699999999928e+02
4.050291899999998009e+02 6.127397000000000844e+02
4.050293800000000033e+02 6.127396499999999833e+02
