5.090579700000000116e+02 8.763554739999999583e+02
5.056911299999999869e+02 8.762492640000000392e+02
5.026716700000000060e+02 8.754960839999999962e+02
5.000084600000000137e+02 8.741778639999999996e+02
4.977161000000000399e+02 8.723764235999999528e+02
4.958094400000000519e+02 8.701755636000000322e+02
4.942992200000000480e+02 8.676591535999999678e+02
4.931982000000000426e+02 8.649090935699999818e+02
4.925210600000000341e+02 8.620072136000000000e+02
4.922788000000000466e+02 8.590373736000000235e+02
4.924859100000000467e+02 8.560833735999999590e+02
4.931551900000000614e+02 8.532251440000000002e+02
4.942974400000000514e+02 8.505465140000000019e+02
4.959293700000000626e+02 8.481313239999999496e+02
4.980617400000000430e+02 8.460614239999999882e+02
5.007073700000000258e+02 8.444206540000000132e+02
5.038790000000000191e+02 8.432909140000000434e+02
5.070190699999999993e+02 8.424486839999999575e+02
5.100327500000000214e+02 8.422759640000000445e+02
5.128821000000000367e+02 8.427031240000000025e+02
5.155349800000000187e+02 8.436659939999999551e+02
5.179574400000000196e+02 8.450946940000000041e+02
5.201152799999999843e+02 8.469212639999999510e+02
5.219765499999999747e+02 8.490816439999999830e+02
5.235051399999999830e+02 8.515060240000000249e+02
5.254321699999999282e+02 8.568826235999999881e+02
5.257624999999999318e+02 8.597009835999999723e+02
5.256279499999999416e+02 8.625134435999999596e+02
5.249904599999999846e+02 8.652560535999999729e+02
5.238198999999999614e+02 8.678588336000000254e+02
5.220803300000000036e+02 8.702578135999999631e+02
5.197396700000000465e+02 8.723830335999999761e+02
5.173659400000000232e+02 8.740555540000000292e+02
5.147426100000000133e+02 8.752936939999999595e+02
5.119474600000000351e+02 8.760710239999999658e+02
5.090582000000000562e+02 8.763552439999999706e+02
5.090579700000000116e+02 8.763554739999999583e+02
