6.467645599999999604e+02 3.332027399999999489e+02
6.433974899999999479e+02 3.331044399999999541e+02
6.403762899999999263e+02 3.323583599999999478e+02
6.377099499999999352e+02 3.310463699999999108e+02
6.354133899999999358e+02 3.292502999999999247e+02
6.335015599999999267e+02 3.270539699999999357e+02
6.319854399999999259e+02 3.245411699999999655e+02
6.308779599999999164e+02 3.217936700000000201e+02
6.301940499999999474e+02 3.188933700000000044e+02
6.299446099999998978e+02 3.159240700000000288e+02
6.301449199999998427e+02 3.129696700000000646e+02
6.308074699999998529e+02 3.101098700000001145e+02
6.319434099999998580e+02 3.074285700000001498e+02
6.335696599999998853e+02 3.050094700000001922e+02
6.356971999999998388e+02 3.029345700000002353e+02
6.383389399999998659e+02 3.012876700000002756e+02
6.415079199999998991e+02 3.001504700000002686e+02
6.446459899999998697e+02 2.993008700000002591e+02
6.476592499999998154e+02 2.991213700000002973e+02
6.505095799999998007e+02 2.995417700000002696e+02
6.531647799999998369e+02 3.004984700000002249e+02
6.555905499999998938e+02 3.019214700000002267e+02
6.577526699999998527e+02 3.037429700000002413e+02
6.596189999999998008e+02 3.058989700000001903e+02
6.611532999999998310e+02 3.083197700000001760e+02
6.630929099999998471e+02 3.136918700000002218e+02
6.634300499999998237e+02 3.165093700000002173e+02
6.633019199999997682e+02 3.193221700000002556e+02
6.626708499999997457e+02 3.220662700000002587e+02
6.615064199999997072e+02 3.246717700000002651e+02
6.597725199999997585e+02 3.270748700000002600e+02
6.574368099999998094e+02 3.292055200000002060e+02
6.550670099999997547e+02 3.308836300000001529e+02
6.524466299999998000e+02 3.321278800000001183e+02
6.496532899999998563e+02 3.329117600000000721e+02
6.467647099999998090e+02 3.332027800000000752e+02
6.467645599999999604e+02 3.332027399999999489e+02
