5.441245000000000118e+02 3.778825100000000248e+02
5.407574299999999994e+02 3.777842100000000300e+02
5.377361899999999650e+02 3.770381300000000238e+02
5.350698499999999740e+02 3.757261100000000056e+02
5.327732899999999745e+02 3.739300400000000195e+02
5.308614599999999655e+02 3.717336799999999926e+02
5.293453399999999647e+02 3.692208200000000033e+02
5.282378599999999551e+02 3.664733699999999885e+02
5.275539499999999862e+02 3.635730699999999729e+02
5.273044999999999618e+02 3.606037999999999784e+02
5.275044399999999314e+02 3.576493099999999572e+02
5.281669899999999416e+02 3.547895299999999565e+02
5.293029299999999466e+02 3.521082499999999413e+02
5.309291799999999739e+02 3.496891999999999143e+02
5.330567199999999275e+02 3.476143199999999069e+02
5.356984599999999546e+02 3.459673099999998840e+02
5.388674399999999878e+02 3.448301699999998391e+02
5.420055099999999584e+02 3.439805699999998296e+02
5.450188099999999167e+02 3.438010399999998299e+02
5.478691399999999021e+02 3.442215099999998529e+02
5.505242999999999256e+02 3.451781499999998459e+02
5.529500699999998687e+02 3.466011399999998730e+02
5.551122299999998404e+02 3.484226099999998496e+02
5.569785599999997885e+02 3.505786399999998366e+02
5.585128199999998060e+02 3.529994299999998475e+02
5.604524699999998347e+02 3.583714999999998554e+02
5.607892299999998613e+02 3.611890599999998699e+02
5.606610999999998057e+02 3.640018199999998956e+02
5.600300699999997960e+02 3.667459099999998671e+02
5.588656399999997575e+02 3.693514399999998545e+02
5.571316999999997961e+02 3.717544999999998367e+02
5.547960299999997460e+02 3.738852499999998145e+02
5.524262299999996912e+02 3.755633199999998055e+02
5.498058099999997239e+02 3.768076199999998153e+02
5.470124699999997802e+02 3.775915299999998069e+02
5.441239299999997456e+02 3.778825499999998101e+02
5.441245000000000118e+02 3.778825100000000248e+02
