3.966882899999999950e+02 5.698336400000000594e+02
3.933212199999999825e+02 5.697353399999999510e+02
3.902999800000000050e+02 5.689892600000000584e+02
3.876336800000000267e+02 5.676772799999999961e+02
3.853371200000000272e+02 5.658812100000000100e+02
3.834252800000000434e+02 5.636848499999999831e+02
3.819091300000000615e+02 5.611719900000000507e+02
3.808016900000000646e+02 5.584245399999999790e+02
3.801177400000000830e+02 5.555242399999999634e+02
3.798683000000000902e+02 5.525549699999999120e+02
3.800686100000000920e+02 5.496005099999999857e+02
3.807311600000001022e+02 5.467407000000000608e+02
3.818671400000001199e+02 5.440594200000000455e+02
3.834933500000001345e+02 5.416403699999999617e+02
3.856208900000001449e+02 5.395654899999999543e+02
3.882626600000001531e+02 5.379185199999999440e+02
3.914316100000001484e+02 5.367813400000000001e+02
3.945697100000001569e+02 5.359317399999999907e+02
3.975829800000001342e+02 5.357522099999998773e+02
4.004333100000001195e+02 5.361726799999999002e+02
4.030885000000001241e+02 5.371293200000000070e+02
4.055142400000001430e+02 5.385523100000000341e+02
4.076764000000001715e+02 5.403738200000000234e+02
4.095427300000001765e+02 5.425298499999998967e+02
4.110770300000001498e+02 5.449505999999998949e+02
4.130166400000001659e+02 5.503227099999999155e+02
4.133534000000001924e+02 5.531402299999999741e+02
4.132252700000001937e+02 5.559530299999998988e+02
4.125942000000001713e+02 5.586971199999999271e+02
4.114297700000001896e+02 5.613026499999998578e+02
4.096958700000001841e+02 5.637056699999999410e+02
4.073602000000001908e+02 5.658364199999998618e+02
4.049904000000001929e+02 5.675144899999999097e+02
4.023699800000001687e+02 5.687587499999999636e+02
3.995766400000001681e+02 5.695426599999998416e+02
3.966881000000001904e+02 5.698336899999999332e+02
3.966882899999999950e+02 5.698336400000000594e+02
