5.554434199999999464e+02 4.211278199999999856e+02
5.520763499999999340e+02 4.210295199999999909e+02
5.490551099999998996e+02 4.202834399999999846e+02
5.463888099999999213e+02 4.189714500000000044e+02
5.440922499999999218e+02 4.171754200000000310e+02
5.421804099999999380e+02 4.149790200000000482e+02
5.406642599999998993e+02 4.124662000000000717e+02
5.395568199999999024e+02 4.097187100000000441e+02
5.388728699999999208e+02 4.068184500000000412e+02
5.386234299999998711e+02 4.038491400000000340e+02
5.388233599999998660e+02 4.008946900000000255e+02
5.394859099999998762e+02 3.980348700000000122e+02
5.406218499999998812e+02 3.953536000000000286e+02
5.422481099999998833e+02 3.929345500000000015e+02
5.443756399999998621e+02 3.908596600000000194e+02
5.470174199999999018e+02 3.892127000000000407e+02
5.501863599999999224e+02 3.880755100000000652e+02
5.533244699999999057e+02 3.872259100000000558e+02
5.563377299999998513e+02 3.870463800000000560e+02
5.591880599999998367e+02 3.874668600000000538e+02
5.618432599999998729e+02 3.884234900000000721e+02
5.642689899999999170e+02 3.898464900000000739e+02
5.664311499999998887e+02 3.916679900000000885e+02
5.682974799999998368e+02 3.938240200000000755e+02
5.698317399999998543e+02 3.962447700000000737e+02
5.717713899999998830e+02 4.016168800000000942e+02
5.721085299999998597e+02 4.044344000000000960e+02
5.719803999999998041e+02 4.072472000000000776e+02
5.713493299999997816e+02 4.099912900000000491e+02
5.701848999999997432e+02 4.125968200000000365e+02
5.684509699999997565e+02 4.149998500000000377e+02
5.661152899999997317e+02 4.171305900000000406e+02
5.637454899999996769e+02 4.188086700000000633e+02
5.611250699999997096e+02 4.200529200000000856e+02
5.583317699999996648e+02 4.208368400000001088e+02
5.554431899999996176e+02 4.211278600000001120e+02
5.554434199999999464e+02 4.211278199999999856e+02
