3.536244599999999991e+02 5.576480300000000625e+02
3.502573899999999867e+02 5.575497299999999541e+02
3.472361899999999650e+02 5.568036099999999351e+02
3.445698499999999740e+02 5.554916599999999107e+02
3.422732899999999745e+02 5.536955900000000383e+02
3.403614599999999655e+02 5.514992299999998977e+02
3.388453399999999647e+02 5.489863799999999401e+02
3.377378599999999551e+02 5.462388899999998557e+02
3.370539099999999735e+02 5.433386299999999665e+02
3.368044699999999807e+02 5.403693599999999151e+02
3.370047799999999825e+02 5.374148599999998623e+02
3.376673299999999927e+02 5.345550799999998617e+02
3.388033100000000104e+02 5.318737699999999222e+02
3.404295200000000250e+02 5.294547599999998511e+02
3.425570600000000354e+02 5.273798399999998310e+02
3.451988300000000436e+02 5.257328699999998207e+02
3.483677800000000389e+02 5.245956899999998768e+02
3.515058800000000474e+02 5.237461299999998801e+02
3.545191500000000246e+02 5.235665999999998803e+02
3.573694800000000100e+02 5.239870299999998906e+02
3.600246700000000146e+02 5.249436699999998837e+02
3.624504100000000335e+02 5.263666999999998097e+02
3.646125700000000052e+02 5.281881699999999000e+02
3.664789000000000101e+02 5.303441999999997734e+02
3.680131600000000276e+02 5.327649899999998979e+02
3.699528099999999995e+02 5.381370499999998174e+02
3.702895700000000261e+02 5.409546199999997498e+02
3.701614400000000273e+02 5.437673799999997755e+02
3.695303800000000365e+02 5.465114699999998038e+02
3.683659800000000359e+02 5.491169999999997344e+02
3.666320400000000177e+02 5.515200599999998303e+02
3.642963300000000118e+02 5.536508099999997512e+02
3.619265700000000265e+02 5.553288799999997991e+02
3.593061500000000024e+02 5.565731399999997393e+02
3.565128100000000018e+02 5.573570499999997310e+02
3.536242700000000241e+02 5.576480699999997341e+02
3.536244599999999991e+02 5.576480300000000625e+02
