5.850456100000000106e+02 3.908319399999999746e+02
5.816785399999999981e+02 3.907336399999999799e+02
5.786573300000000017e+02 3.899875599999999736e+02
5.759909900000000107e+02 3.886755699999999933e+02
5.736944399999999860e+02 3.868795000000000073e+02
5.717826000000000022e+02 3.846831399999999803e+02
5.702664800000000014e+02 3.821702799999999911e+02
5.691590400000000045e+02 3.794227899999999636e+02
5.684750999999999976e+02 3.765225399999999354e+02
5.682256499999999733e+02 3.735532299999999282e+02
5.684259599999999182e+02 3.705987699999999450e+02
5.690885199999999031e+02 3.677389499999999316e+02
5.702244499999999334e+02 3.650576799999999480e+02
5.718507099999999355e+02 3.626386299999999210e+02
5.739782399999999143e+02 3.605637499999999136e+02
5.766200199999999541e+02 3.589167399999998906e+02
5.797889599999999746e+02 3.577795899999998710e+02
5.829270299999999452e+02 3.569299899999998615e+02
5.859402999999999793e+02 3.567504699999998365e+02
5.887906299999999646e+02 3.571709399999998595e+02
5.914458199999999124e+02 3.581275799999998526e+02
5.938715999999999440e+02 3.595505699999998797e+02
5.960337099999999282e+02 3.613720699999998942e+02
5.979000399999998763e+02 3.635280999999998812e+02
5.994343399999999065e+02 3.659488499999998794e+02
6.013739999999999100e+02 3.713209599999999000e+02
6.017107499999999618e+02 3.741384899999998765e+02
6.015826299999999947e+02 3.769512899999998581e+02
6.009515599999999722e+02 3.796953699999998548e+02
5.997871599999999717e+02 3.823008999999998423e+02
5.980532299999999850e+02 3.847039699999998561e+02
5.957175200000000359e+02 3.868347099999998591e+02
5.933477199999999812e+02 3.885127899999998817e+02
5.907273299999999381e+02 3.897570399999999040e+02
5.879339999999999691e+02 3.905409599999999273e+02
5.850454199999999219e+02 3.908319799999999304e+02
5.850456100000000106e+02 3.908319399999999746e+02
