7.408370300000000270e+02 5.515501799999999548e+02
7.374699299999999766e+02 5.514518800000000738e+02
7.344487299999999550e+02 5.507057999999999538e+02
7.317823799999999892e+02 5.493938100000000304e+02
7.294858299999999645e+02 5.475977400000000443e+02
7.275739899999999807e+02 5.454013800000000174e+02
7.260578699999999799e+02 5.428885299999999461e+02
7.249504299999999830e+02 5.401410399999999754e+02
7.242664899999999761e+02 5.372407799999999725e+02
7.240170399999999518e+02 5.342715100000000348e+02
7.242173499999998967e+02 5.313170499999999947e+02
7.248799099999998816e+02 5.284572299999999814e+02
7.260158399999999119e+02 5.257759599999999409e+02
7.276420999999999140e+02 5.233569099999999708e+02
7.297696299999998928e+02 5.212820299999999634e+02
7.324114099999999326e+02 5.196350199999999404e+02
7.355803499999999531e+02 5.184978399999999965e+02
7.387184199999999237e+02 5.176482699999999113e+02
7.417316899999999578e+02 5.174687499999998863e+02
7.445820199999999431e+02 5.178892199999999093e+02
7.472372099999998909e+02 5.188458499999999276e+02
7.496629899999999225e+02 5.202688499999999294e+02
7.518250999999999067e+02 5.220903499999999440e+02
7.536914299999998548e+02 5.242463799999999310e+02
7.552257299999998850e+02 5.266671299999999292e+02
7.571653899999998885e+02 5.320392399999999498e+02
7.575021399999999403e+02 5.348567699999998695e+02
7.573740199999999732e+02 5.376695299999998952e+02
7.567429499999999507e+02 5.404136199999999235e+02
7.555785499999999502e+02 5.430191499999998541e+02
7.538446199999999635e+02 5.454222099999999500e+02
7.515089100000000144e+02 5.475529499999998961e+02
7.491391399999999976e+02 5.492310299999999188e+02
7.465187200000000303e+02 5.504752899999998590e+02
7.437253900000000613e+02 5.512591999999999643e+02
7.408368400000000520e+02 5.515502199999998538e+02
7.408370300000000270e+02 5.515501799999999548e+02
