8.030600200000000086e+02 4.925411799999999971e+02
7.996929499999999962e+02 4.924428800000000024e+02
7.966717399999999998e+02 4.916967999999999961e+02
7.940054400000000214e+02 4.903848100000000159e+02
7.917088499999999840e+02 4.885887800000000425e+02
7.897970500000000129e+02 4.863924200000000155e+02
7.882809300000000121e+02 4.838795600000000263e+02
7.871734500000000025e+02 4.811320699999999988e+02
7.864895500000000084e+02 4.782317800000000148e+02
7.862400999999999840e+02 4.752625100000000202e+02
7.864404099999999289e+02 4.723080500000000370e+02
7.871029299999999012e+02 4.694482300000000237e+02
7.882388999999999442e+02 4.667669600000000401e+02
7.898651199999999335e+02 4.643479100000000130e+02
7.919926099999998996e+02 4.622730300000000057e+02
7.946344299999999521e+02 4.606260599999999954e+02
7.978034099999999853e+02 4.594888700000000199e+02
8.009413999999999305e+02 4.586392700000000104e+02
8.039547099999999773e+02 4.584597499999999854e+02
8.068049999999999500e+02 4.588802200000000084e+02
8.094601899999998977e+02 4.598368600000000015e+02
8.118860099999999420e+02 4.612598500000000286e+02
8.140481199999999262e+02 4.630813500000000431e+02
8.159144899999998870e+02 4.652373800000000301e+02
8.174487099999998918e+02 4.676581700000000410e+02
8.193884099999999080e+02 4.730302400000000489e+02
8.197251599999999598e+02 4.758478000000000634e+02
8.195970399999999927e+02 4.786605700000000638e+02
8.189659299999999575e+02 4.814046500000000606e+02
8.178015299999999570e+02 4.840101900000000796e+02
8.160676399999999830e+02 4.864132500000000618e+02
8.137319300000000339e+02 4.885439900000000648e+02
8.113621600000000171e+02 4.902220700000000875e+02
8.087417400000000498e+02 4.914663200000001098e+02
8.059484400000000051e+02 4.922502000000001203e+02
8.030598300000000336e+02 4.925412200000001235e+02
8.030600200000000086e+02 4.925411799999999971e+02
