6.526466500000000224e+02 6.860391500000000633e+02
6.492795800000000099e+02 6.859408499999999549e+02
6.462583399999999756e+02 6.851947400000000243e+02
6.435920300000000225e+02 6.838827900000000000e+02
6.412954799999999977e+02 6.820867200000000139e+02
6.393836400000000140e+02 6.798903600000001006e+02
6.378674800000000005e+02 6.773775000000000546e+02
6.367600400000000036e+02 6.746300500000000966e+02
6.360761400000000094e+02 6.717297600000000557e+02
6.358266899999999850e+02 6.687604800000000296e+02
6.360270100000000184e+02 6.658059900000000653e+02
6.366895200000000159e+02 6.629462200000000394e+02
6.378254900000000589e+02 6.602649000000001251e+02
6.394517100000000482e+02 6.578458900000000540e+02
6.415792400000000271e+02 6.557710100000000466e+02
6.442210200000000668e+02 6.541240000000000236e+02
6.473899700000000621e+02 6.529868200000000797e+02
6.505280700000000706e+02 6.521372499999999945e+02
6.535413400000001047e+02 6.519577300000000832e+02
6.563916700000000901e+02 6.523782000000001062e+02
6.590468600000000379e+02 6.533348000000000866e+02
6.614726000000000568e+02 6.547578300000000127e+02
6.636347500000000537e+02 6.565793000000001030e+02
6.655010800000000017e+02 6.587353300000000900e+02
6.670353499999999940e+02 6.611561100000001261e+02
6.689750000000000227e+02 6.665282200000000330e+02
6.693117600000000493e+02 6.693457400000000916e+02
6.691836299999999937e+02 6.721585000000000036e+02
6.685525599999999713e+02 6.749025900000000320e+02
6.673881299999999328e+02 6.775081200000000763e+02
6.656542299999999841e+02 6.799111900000000333e+02
6.633185200000000350e+02 6.820419300000000931e+02
6.609487199999999802e+02 6.837200000000000273e+02
6.583283000000000129e+02 6.849642600000000812e+02
6.555349999999999682e+02 6.857481700000000728e+02
6.526464199999999209e+02 6.860392000000000507e+02
6.526466500000000224e+02 6.860391500000000633e+02
