8.218706700000000183e+02 5.774809599999999818e+02
8.185038700000000063e+02 5.773747499999999491e+02
8.154844000000000506e+02 5.766215700000000197e+02
8.128211600000000772e+02 5.753033399999999347e+02
8.105288400000000593e+02 5.735018700000000536e+02
8.086221400000000585e+02 5.713010500000000320e+02
8.071119200000000546e+02 5.687846399999999676e+02
8.060109000000001060e+02 5.660345800000000054e+02
8.053337600000000975e+02 5.631326999999998861e+02
8.050915000000001100e+02 5.601628599999999096e+02
8.052986100000000533e+02 5.572088599999999587e+02
8.059678900000000112e+02 5.543505900000000111e+02
8.071101400000000012e+02 5.516720000000000255e+02
8.087420299999999997e+02 5.492567699999999604e+02
8.108744400000000496e+02 5.471868699999999990e+02
8.135200700000000325e+02 5.455461000000000240e+02
8.166917000000000826e+02 5.444163599999999406e+02
8.198317300000001069e+02 5.435741699999998673e+02
8.228454500000001417e+02 5.434014499999998407e+02
8.256947600000000875e+02 5.438285699999998997e+02
8.283476900000000569e+02 5.447914399999999659e+02
8.307701400000000831e+02 5.462201399999999012e+02
8.329279800000000478e+02 5.480467099999998482e+02
8.347892500000000382e+02 5.502070899999998801e+02
8.363178400000000465e+02 5.526314699999998084e+02
8.382448699999999917e+02 5.580081099999998742e+02
8.385751999999999953e+02 5.608264299999998457e+02
8.384406500000000051e+02 5.636388899999998330e+02
8.378031600000000481e+02 5.663814999999998463e+02
8.366326000000000249e+02 5.689842799999998988e+02
8.348930300000000670e+02 5.713832599999998365e+02
8.325523300000000972e+02 5.735085199999998622e+02
8.301786400000000867e+02 5.751809999999998126e+02
8.275553100000000768e+02 5.764191399999998566e+02
8.247601200000000290e+02 5.771964699999998629e+02
8.218709000000000060e+02 5.774806899999998677e+02
8.218706700000000183e+02 5.774809599999999818e+02
