7.707195799999999508e+02 5.200888199999999415e+02
7.673525499999999511e+02 5.199905200000000605e+02
7.643313099999999167e+02 5.192444399999999405e+02
7.616649699999999257e+02 5.179324599999999919e+02
7.593684099999999262e+02 5.161363900000000058e+02
7.574565799999999172e+02 5.139400299999999788e+02
7.559404599999999164e+02 5.114271699999999896e+02
7.548329799999999068e+02 5.086796799999999621e+02
7.541490699999999379e+02 5.057794199999999591e+02
7.538996299999998882e+02 5.028101499999999646e+02
7.540999399999998332e+02 4.998556899999999814e+02
7.547624899999998433e+02 4.969958799999999997e+02
7.558984299999998484e+02 4.943145999999999844e+02
7.575246799999998757e+02 4.918955599999999890e+02
7.596522199999998293e+02 4.898206700000000069e+02
7.622939599999998563e+02 4.881736700000000155e+02
7.654629399999998896e+02 4.870364800000000400e+02
7.686010099999998602e+02 4.861869200000000433e+02
7.716142699999998058e+02 4.860073900000000435e+02
7.744646399999998039e+02 4.864278600000000665e+02
7.771197999999998274e+02 4.873845000000000596e+02
7.795455699999997705e+02 4.888074900000000866e+02
7.817077299999997422e+02 4.906290000000000759e+02
7.835740199999997913e+02 4.927850300000000630e+02
7.851083199999998214e+02 4.952057800000000611e+02
7.870479399999998122e+02 5.005778900000000817e+02
7.873850699999998142e+02 5.033954100000000835e+02
7.872569399999997586e+02 5.062081700000001092e+02
7.866259499999997615e+02 5.089522600000001376e+02
7.854614799999997103e+02 5.115577900000001250e+02
7.837275799999997616e+02 5.139608500000001641e+02
7.813918699999998125e+02 5.160916000000000849e+02
7.790221099999997705e+02 5.177696700000001329e+02
7.764016899999998031e+02 5.190139300000000731e+02
7.736083499999998594e+02 5.197978400000000647e+02
7.707197699999998122e+02 5.200888700000000426e+02
7.707195799999999508e+02 5.200888199999999415e+02
