4.645577000000000112e+02 8.658956736000000092e+02
4.611906400000000303e+02 8.657973736000000144e+02
4.581693900000000212e+02 8.650513035999999829e+02
4.555030900000000429e+02 8.637393135700000357e+02
4.532065300000000434e+02 8.619432835999999725e+02
4.512947000000000344e+02 8.597468836000000465e+02
4.497785400000000209e+02 8.572340236000000004e+02
4.486711000000000240e+02 8.544865736000000425e+02
4.479872000000000298e+02 8.515862740000000031e+02
4.477377500000000055e+02 8.486170039999999517e+02
4.479376800000000003e+02 8.456625540000000001e+02
4.486001999999999725e+02 8.428027339999999867e+02
4.497361699999999587e+02 8.401214639999999463e+02
4.513624299999999607e+02 8.377024139999999761e+02
4.534899199999999837e+02 8.356275239999999940e+02
4.561316999999999666e+02 8.339805539999999837e+02
4.593006399999999871e+02 8.328433740000000398e+02
4.624387499999999704e+02 8.319937740000000304e+02
4.654520099999999729e+02 8.318142440000000306e+02
4.683023499999999899e+02 8.322347240000000284e+02
4.709574999999999818e+02 8.331913540000000467e+02
4.733833199999999692e+02 8.346143439999999600e+02
4.755454299999999535e+02 8.364358539999999493e+02
4.774117599999999584e+02 8.385918840000000500e+02
4.789460199999999759e+02 8.410126340000000482e+02
4.808856799999999794e+02 8.463847439999999551e+02
4.812228099999999813e+02 8.492022640000000138e+02
4.810946899999999573e+02 8.520150640000000521e+02
4.804636199999999349e+02 8.547591535999999905e+02
4.792991799999999216e+02 8.573646836000000349e+02
4.775652899999999477e+02 8.597677036000000044e+02
4.752295799999999417e+02 8.618984536000000389e+02
4.728598099999999249e+02 8.635765235699999494e+02
4.702393499999999449e+02 8.648207835700000032e+02
4.674460599999999317e+02 8.656046936000000187e+02
4.645574799999999414e+02 8.658957235999999966e+02
4.645577000000000112e+02 8.658956736000000092e+02
