5.602185299999999870e+02 7.722149540000000343e+02
5.568514699999999493e+02 7.721166540000000396e+02
5.538302199999999402e+02 7.713705740000000333e+02
5.511639199999999619e+02 7.700585839999999962e+02
5.488673599999999624e+02 7.682625140000000101e+02
5.469555299999999534e+02 7.660661640000000716e+02
5.454393699999999399e+02 7.635533000000000357e+02
5.443319299999999430e+02 7.608058499999999640e+02
5.436479899999999361e+02 7.579055500000000620e+02
5.433985399999999117e+02 7.549362800000000107e+02
5.435988499999998567e+02 7.519817800000000716e+02
5.442614099999998416e+02 7.491220000000000709e+02
5.453973799999998846e+02 7.464406900000000178e+02
5.470235999999998739e+02 7.440216800000000603e+02
5.491511299999998528e+02 7.419467600000000402e+02
5.517929099999998925e+02 7.402997900000000300e+02
5.549618499999999131e+02 7.391626100000000861e+02
5.580999199999998837e+02 7.383130499999999756e+02
5.611132199999998420e+02 7.381335200000000896e+02
5.639635499999998274e+02 7.385539499999999862e+02
5.666187099999998509e+02 7.395106299999999919e+02
5.690444899999998825e+02 7.409336200000000190e+02
5.712066399999998794e+02 7.427550899999999956e+02
5.730729699999998275e+02 7.449111199999999826e+02
5.746072299999998449e+02 7.473319099999999935e+02
5.765468899999998484e+02 7.527039800000000014e+02
5.768836399999999003e+02 7.555215400000000727e+02
5.767555199999999331e+02 7.583342999999999847e+02
5.761244899999999234e+02 7.610783900000000131e+02
5.749600499999999101e+02 7.636839200000000574e+02
5.732261199999999235e+02 7.660869840000000295e+02
5.708904499999998734e+02 7.682177340000000640e+02
5.685206399999998439e+02 7.698958039999999983e+02
5.659002199999998766e+02 7.711400640000000521e+02
5.631068899999999076e+02 7.719239740000000438e+02
5.602183399999998983e+02 7.722149940000000470e+02
5.602185299999999870e+02 7.722149540000000343e+02
