4.962959000000000174e+02 8.345819639999999708e+02
4.929288300000000049e+02 8.344836639999999761e+02
4.899076299999999833e+02 8.337375839999999698e+02
4.872412799999999606e+02 8.324255940000000464e+02
4.849447299999999359e+02 8.306295239999999467e+02
4.830328899999999521e+02 8.284331640000000334e+02
4.815167699999999513e+02 8.259203139999999621e+02
4.804092999999999734e+02 8.231728239999999914e+02
4.797253899999999476e+02 8.202725639999999885e+02
4.794759399999999232e+02 8.173032839999999624e+02
4.796758799999999496e+02 8.143487939999999981e+02
4.803384299999999598e+02 8.114890139999999974e+02
4.814743699999999649e+02 8.088077439999999569e+02
4.831006199999999922e+02 8.063886939999999868e+02
4.852281600000000026e+02 8.043137739999999667e+02
4.878698899999999981e+02 8.026668039999999564e+02
4.910388800000000060e+02 8.015296240000000125e+02
4.941769400000000019e+02 8.006800540000000410e+02
4.971902099999999791e+02 8.005005340000000160e+02
5.000405399999999645e+02 8.009210040000000390e+02
5.026957299999999691e+02 8.018776040000000194e+02
5.051215099999999438e+02 8.033006340000000591e+02
5.072836299999999596e+02 8.051221339999999600e+02
5.091499599999999646e+02 8.072781340000000228e+02
5.106842599999999379e+02 8.096989140000000589e+02
5.126239099999999098e+02 8.150709839999999531e+02
5.129610399999999117e+02 8.178885440000000244e+02
5.128329199999999446e+02 8.207013140000000249e+02
5.122018499999999221e+02 8.234454040000000532e+02
5.110374199999999405e+02 8.260509339999999838e+02
5.093034799999999223e+02 8.284539939999999660e+02
5.069678099999999290e+02 8.305847340000000258e+02
5.045980099999999311e+02 8.322628140000000485e+02
5.019775899999999069e+02 8.335070640000000139e+02
4.991842899999999190e+02 8.342909839999999804e+02
4.962957099999999286e+02 8.345820039999999835e+02
4.962959000000000174e+02 8.345819639999999708e+02
