4.235543400000000247e+02 8.515930939999999509e+02
4.201872700000000123e+02 8.514947939999999562e+02
4.171660300000000348e+02 8.507486740000000509e+02
4.144997300000000564e+02 8.494367340000000013e+02
4.122031700000000569e+02 8.476406640000000152e+02
4.102913000000000352e+02 8.454443039999999883e+02
4.087751800000000344e+02 8.429314440000000559e+02
4.076677400000000375e+02 8.401839539999999715e+02
4.069838000000000306e+02 8.372836939999999686e+02
4.067343500000000063e+02 8.343144240000000309e+02
4.069346600000000080e+02 8.313599239999999782e+02
4.075972100000000182e+02 8.285001139999999396e+02
4.087331500000000233e+02 8.258188440000000128e+02
4.103594100000000253e+02 8.233998239999999669e+02
4.124869400000000041e+02 8.213249039999999468e+02
4.151287199999999871e+02 8.196779340000000502e+02
4.182976600000000076e+02 8.185407539999999926e+02
4.214357300000000350e+02 8.176911939999999959e+02
4.244489900000000375e+02 8.175116639999999961e+02
4.272993200000000229e+02 8.179320940000000064e+02
4.299545200000000023e+02 8.188887339999999995e+02
4.323802900000000022e+02 8.203117640000000392e+02
4.345424500000000307e+02 8.221332340000000158e+02
4.364087800000000357e+02 8.242892640000000029e+02
4.379430400000000532e+02 8.267100540000000137e+02
4.398826900000000251e+02 8.320821240000000216e+02
4.402198300000000017e+02 8.348996839999999793e+02
4.400917000000000030e+02 8.377124440000000050e+02
4.394606299999999806e+02 8.404565340000000333e+02
4.382961999999999989e+02 8.430620639999999639e+02
4.365622999999999934e+02 8.454651239999999461e+02
4.342265899999999874e+02 8.475958739999999807e+02
4.318567899999999895e+02 8.492739440000000286e+02
4.292363699999999653e+02 8.505182039999999688e+02
4.264430699999999774e+02 8.513021139999999605e+02
4.235544899999999870e+02 8.515931339999999636e+02
4.235543400000000247e+02 8.515930939999999509e+02
