5.821102300000000014e+02 7.007469499999999698e+02
5.787431699999999637e+02 7.006486499999999751e+02
5.757219299999999294e+02 6.999025699999999688e+02
5.730556199999999762e+02 6.985905800000000454e+02
5.707590699999999515e+02 6.967945499999999583e+02
5.688472299999999677e+02 6.945981899999999314e+02
5.673310699999999542e+02 6.920853299999999990e+02
5.662236299999999574e+02 6.893378400000000283e+02
5.655396899999999505e+02 6.864375499999999874e+02
5.652902399999999261e+02 6.834683099999999740e+02
5.654901799999998957e+02 6.805138200000000097e+02
5.661527299999999059e+02 6.776539999999999964e+02
5.672886699999999109e+02 6.749727299999999559e+02
5.689149199999999382e+02 6.725536799999999857e+02
5.710424499999999171e+02 6.704787899999998899e+02
5.736842299999999568e+02 6.688318299999999681e+02
5.768531799999999521e+02 6.676946399999999358e+02
5.799912799999999606e+02 6.668450399999999263e+02
5.830045499999999947e+02 6.666655099999999265e+02
5.858548799999999801e+02 6.670859899999999243e+02
5.885100300000000288e+02 6.680426199999999426e+02
5.909358100000000604e+02 6.694656199999999444e+02
5.930979600000000573e+02 6.712871199999999590e+02
5.949642900000000054e+02 6.734431499999998323e+02
5.964985599999999977e+02 6.758639399999999569e+02
5.984382100000000264e+02 6.812360099999998511e+02
5.987753400000000283e+02 6.840535699999999224e+02
5.986472200000000612e+02 6.868663299999998344e+02
5.980161900000000514e+02 6.896104199999998627e+02
5.968517500000000382e+02 6.922159499999999070e+02
5.951178200000000516e+02 6.946190099999998893e+02
5.927821100000001024e+02 6.967497199999999111e+02
5.904123400000000856e+02 6.984278299999998580e+02
5.877919200000001183e+02 6.996720899999999119e+02
5.849985900000001493e+02 7.004559699999998656e+02
5.821100400000001400e+02 7.007469899999998688e+02
5.821102300000000014e+02 7.007469499999999698e+02
