4.550432200000000194e+02 8.218149039999999559e+02
4.516761500000000069e+02 8.217166039999999612e+02
4.486549100000000294e+02 8.209705239999999549e+02
4.459886100000000511e+02 8.196585340000000315e+02
4.436920500000000516e+02 8.178624640000000454e+02
4.417802200000000425e+02 8.156661139999999932e+02
4.402641000000000417e+02 8.131532539999999472e+02
4.391566200000000322e+02 8.104058039999999892e+02
4.384726800000000253e+02 8.075055039999999735e+02
4.382232300000000009e+02 8.045362340000000358e+02
4.384231700000000274e+02 8.015817739999999958e+02
4.390857200000000375e+02 7.987219539999999824e+02
4.402216900000000237e+02 7.960406839999999420e+02
4.418479100000000130e+02 7.936216339999999718e+02
4.439754399999999919e+02 7.915467539999999644e+02
4.466172199999999748e+02 7.898997839999999542e+02
4.497861599999999953e+02 7.887625639999999976e+02
4.529242300000000228e+02 7.879130040000000008e+02
4.559375300000000379e+02 7.877334740000000011e+02
4.587878600000000233e+02 7.881539440000000241e+02
4.614430200000000468e+02 7.891105840000000171e+02
4.638688000000000216e+02 7.905335740000000442e+02
4.660309500000000185e+02 7.923550840000000335e+02
4.678972800000000234e+02 7.945111140000000205e+02
4.694315400000000409e+02 7.969318640000000187e+02
4.713712000000000444e+02 8.023039639999999508e+02
4.717083300000000463e+02 8.051214939999999842e+02
4.715802100000000223e+02 8.079342540000000099e+02
4.709491399999999999e+02 8.106783440000000382e+02
4.697846999999999866e+02 8.132838739999999689e+02
4.680508100000000127e+02 8.156869339999999511e+02
4.657151000000000067e+02 8.178176839999999856e+02
4.633452900000000341e+02 8.194957540000000336e+02
4.607248700000000099e+02 8.207400139999999737e+02
4.579315799999999967e+02 8.215239239999999654e+02
4.550430000000000064e+02 8.218149439999999686e+02
4.550432200000000194e+02 8.218149039999999559e+02
