6.455815599999999677e+02 6.424546500000000151e+02
6.422144899999999552e+02 6.423563500000000204e+02
6.391932499999999209e+02 6.416102700000000141e+02
6.365269499999999425e+02 6.402982799999999770e+02
6.342303899999999430e+02 6.385022099999999909e+02
6.323185599999999340e+02 6.363058499999999640e+02
6.308024399999999332e+02 6.337930000000000064e+02
6.296949599999999236e+02 6.310455400000000736e+02
6.290110199999999168e+02 6.281452500000000327e+02
6.287615699999998924e+02 6.251759799999999814e+02
6.289618799999998373e+02 6.222214800000000423e+02
6.296244299999998475e+02 6.193617000000000417e+02
6.307604099999998652e+02 6.166804300000000012e+02
6.323866299999998546e+02 6.142613800000000310e+02
6.345141599999998334e+02 6.121864900000000489e+02
6.371559399999998732e+02 6.105395300000000134e+02
6.403248799999998937e+02 6.094023399999999810e+02
6.434629499999998643e+02 6.085527399999999716e+02
6.464762499999998226e+02 6.083732199999999466e+02
6.493265799999998080e+02 6.087936899999999696e+02
6.519817399999998315e+02 6.097503199999999879e+02
6.544075199999998631e+02 6.111733199999999897e+02
6.565696699999998600e+02 6.129948199999998906e+02
6.584359999999998081e+02 6.151508499999999913e+02
6.599702599999998256e+02 6.175715999999999894e+02
6.619099199999998291e+02 6.229436699999998837e+02
6.622466699999998809e+02 6.257612399999999298e+02
6.621185499999999138e+02 6.285739999999999554e+02
6.614875199999999040e+02 6.313180899999999838e+02
6.603230799999998908e+02 6.339236199999999144e+02
6.585891499999999041e+02 6.363266799999998966e+02
6.562534699999998793e+02 6.384574199999999564e+02
6.538836699999998245e+02 6.401354999999998654e+02
6.512632499999998572e+02 6.413797499999999445e+02
6.484699199999998882e+02 6.421636699999999109e+02
6.455813699999998789e+02 6.424546899999999141e+02
6.455815599999999677e+02 6.424546500000000151e+02
