5.499836199999999735e+02 7.304315300000000661e+02
5.466165599999999358e+02 7.303332299999999577e+02
5.435953099999999267e+02 7.295871500000000651e+02
5.409290099999999484e+02 7.282751600000000280e+02
5.386324599999999236e+02 7.264790800000000672e+02
5.367206199999999399e+02 7.242827099999999518e+02
5.352044999999999391e+02 7.217698599999999942e+02
5.340970199999999295e+02 7.190224100000000362e+02
5.334130799999999226e+02 7.161221100000000206e+02
5.331636299999998982e+02 7.131528400000000829e+02
5.333635699999998678e+02 7.101983800000000429e+02
5.340261199999998780e+02 7.073385600000000295e+02
5.351620899999999210e+02 7.046572899999999890e+02
5.367883099999999104e+02 7.022382400000000189e+02
5.389158399999998892e+02 7.001633600000000115e+02
5.415576199999999290e+02 6.985163900000000012e+02
5.447265699999999242e+02 6.973792100000000573e+02
5.478646299999999201e+02 6.965296100000000479e+02
5.508779399999999669e+02 6.963500799999999344e+02
5.537282699999999522e+02 6.967705499999999574e+02
5.563834200000000010e+02 6.977271899999999505e+02
5.588092000000000326e+02 6.991501799999999776e+02
5.609713500000000295e+02 7.009716799999999921e+02
5.628376799999999776e+02 7.031277199999999539e+02
5.643719499999999698e+02 7.055484699999999521e+02
5.663115999999999985e+02 7.109205699999999979e+02
5.666487300000000005e+02 7.137380999999999176e+02
5.665206100000000333e+02 7.165508999999999560e+02
5.658895400000000109e+02 7.192949799999998959e+02
5.647250999999999976e+02 7.219005199999999149e+02
5.629911700000000110e+02 7.243035399999998845e+02
5.606554999999999609e+02 7.264342899999999190e+02
5.582856999999999061e+02 7.281123799999999164e+02
5.556652699999998504e+02 7.293566399999999703e+02
5.528719399999998814e+02 7.301405499999999620e+02
5.499833999999998468e+02 7.304315699999999651e+02
5.499836199999999735e+02 7.304315300000000661e+02
