5.188713699999999562e+02 7.605599600000000464e+02
5.155043099999999185e+02 7.604616600000000517e+02
5.124830699999998842e+02 7.597155800000000454e+02
5.098167599999998743e+02 7.584035900000000083e+02
5.075202099999998495e+02 7.566075200000000223e+02
5.056083699999998657e+02 7.544111699999999701e+02
5.040922499999998649e+02 7.518983100000000377e+02
5.029847699999998554e+02 7.491508599999999660e+02
5.023008299999998485e+02 7.462505599999999504e+02
5.020513799999998241e+02 7.432812900000000127e+02
5.022513199999998506e+02 7.403267900000000736e+02
5.029138699999998607e+02 7.374670100000000730e+02
5.040498399999998469e+02 7.347857400000000325e+02
5.056760599999998362e+02 7.323666900000000624e+02
5.078035899999998151e+02 7.302918099999999413e+02
5.104453699999997980e+02 7.286447900000000573e+02
5.136143199999997933e+02 7.275076500000000124e+02
5.167523799999997891e+02 7.266580699999999524e+02
5.197656899999998359e+02 7.264785400000000664e+02
5.226160199999998213e+02 7.268990099999999757e+02
5.252711699999998700e+02 7.278556300000000192e+02
5.276969499999999016e+02 7.292786300000000210e+02
5.298590999999998985e+02 7.311001400000000103e+02
5.317254299999998466e+02 7.332561699999999973e+02
5.332596999999998388e+02 7.356769199999999955e+02
5.351993499999998676e+02 7.410490199999999277e+02
5.355364799999998695e+02 7.438665499999999611e+02
5.354083599999999024e+02 7.466793499999999995e+02
5.347772899999998799e+02 7.494234400000000278e+02
5.336128599999998414e+02 7.520289699999999584e+02
5.318789199999998800e+02 7.544319899999999279e+02
5.295432499999998299e+02 7.565627399999999625e+02
5.271734499999997752e+02 7.582408100000000104e+02
5.245530299999998078e+02 7.594850699999999506e+02
5.217596899999998641e+02 7.602689799999999423e+02
5.188711499999998296e+02 7.605599999999999454e+02
5.188713699999999562e+02 7.605599600000000464e+02
