5.109090199999999982e+02 7.186434000000000424e+02
5.075419499999999857e+02 7.185451000000000477e+02
5.045207100000000082e+02 7.177989900000000034e+02
5.018544100000000299e+02 7.164870399999999790e+02
4.995578500000000304e+02 7.146909700000001067e+02
4.976460100000000466e+02 7.124946100000000797e+02
4.961298600000000647e+02 7.099817500000000337e+02
4.950224200000000678e+02 7.072342600000000630e+02
4.943384700000000862e+02 7.043340000000000600e+02
4.940890300000000934e+02 7.013647300000000087e+02
4.942893400000000952e+02 6.984102400000000443e+02
4.949518900000001054e+02 6.955504600000000437e+02
4.960878300000001104e+02 6.928691500000001042e+02
4.977140800000001377e+02 6.904501400000001468e+02
4.998416200000001481e+02 6.883752100000001519e+02
5.024833600000001752e+02 6.867282500000001164e+02
5.056523400000001516e+02 6.855910600000000841e+02
5.087904100000001790e+02 6.847415000000000873e+02
5.118037100000001942e+02 6.845619700000000876e+02
5.146540400000002364e+02 6.849824100000000726e+02
5.173092000000002599e+02 6.859390400000000909e+02
5.197349700000002031e+02 6.873620700000001307e+02
5.218971300000001747e+02 6.891835400000001073e+02
5.237634600000001228e+02 6.913395700000000943e+02
5.252977200000001403e+02 6.937603600000001052e+02
5.272373700000001691e+02 6.991324300000001131e+02
5.275741300000001957e+02 7.019499900000000707e+02
5.274460000000001401e+02 7.047627500000000964e+02
5.268149300000001176e+02 7.075068400000001247e+02
5.256505000000000791e+02 7.101123700000000554e+02
5.239166000000001304e+02 7.125154300000001513e+02
5.215808900000001813e+02 7.146461800000000721e+02
5.192110900000001266e+02 7.163242500000001201e+02
5.165906700000001592e+02 7.175685100000000602e+02
5.137973700000001145e+02 7.183524200000000519e+02
5.109087900000001241e+02 7.186434500000000298e+02
5.109090199999999982e+02 7.186434000000000424e+02
