6.019442199999999730e+02 6.309805099999999811e+02
5.985771599999999353e+02 6.308822099999999864e+02
5.955559499999999389e+02 6.301361000000000558e+02
5.928896099999999478e+02 6.288241500000000315e+02
5.905930599999999231e+02 6.270280800000000454e+02
5.886812199999999393e+02 6.248317200000000184e+02
5.871650999999999385e+02 6.223188600000000861e+02
5.860576199999999290e+02 6.195713700000001154e+02
5.853737199999999348e+02 6.166711099999999988e+02
5.851242699999999104e+02 6.137018400000000611e+02
5.853245799999998553e+02 6.107473500000000968e+02
5.859870999999998276e+02 6.078875300000000834e+02
5.871230699999998706e+02 6.052062600000001567e+02
5.887493299999998726e+02 6.027872100000000728e+02
5.908768599999998514e+02 6.007123200000000907e+02
5.935185999999998785e+02 5.990653500000000804e+02
5.966875399999998990e+02 5.979281700000001365e+02
5.998256499999998823e+02 5.970786100000000260e+02
6.028389099999998280e+02 5.968990800000001400e+02
6.056892499999997881e+02 5.973195200000000114e+02
6.083444399999997358e+02 5.982761500000001433e+02
6.107702199999997674e+02 5.996991800000000694e+02
6.129323299999997516e+02 6.015206500000000460e+02
6.147986599999996997e+02 6.036766800000000330e+02
6.163329199999997172e+02 6.060974700000000439e+02
6.182725799999997207e+02 6.114695400000000518e+02
6.186093299999997726e+02 6.142871000000000095e+02
6.184812099999998054e+02 6.170998600000000351e+02
6.178501399999997830e+02 6.198439500000000635e+02
6.166857099999997445e+02 6.224494799999999941e+02
6.149518099999997958e+02 6.248525400000000900e+02
6.126160999999998467e+02 6.269832900000000109e+02
6.102462999999997919e+02 6.286613600000000588e+02
6.076258799999998246e+02 6.299056199999999990e+02
6.048325799999997798e+02 6.306895299999999907e+02
6.019439999999997326e+02 6.309805599999999686e+02
6.019442199999999730e+02 6.309805099999999811e+02
