7.604886299999999437e+02 4.825834199999999896e+02
7.571215599999999313e+02 4.824851199999999949e+02
7.541003199999998969e+02 4.817390399999999886e+02
7.514340199999999186e+02 4.804270500000000084e+02
7.491374599999999191e+02 4.786309800000000223e+02
7.472256299999999101e+02 4.764346600000000080e+02
7.457094699999998966e+02 4.739217699999999809e+02
7.446020299999998997e+02 4.711743099999999913e+02
7.439181199999999308e+02 4.682740200000000073e+02
7.436686699999999064e+02 4.653047399999999811e+02
7.438689899999999398e+02 4.623502899999999727e+02
7.445315399999999499e+02 4.594904699999999593e+02
7.456675199999999677e+02 4.568091999999999757e+02
7.472937299999999823e+02 4.543901499999999487e+02
7.494212699999999359e+02 4.523152599999999666e+02
7.520630399999998872e+02 4.506682999999999879e+02
7.552319899999998825e+02 4.495311100000000124e+02
7.583700899999998910e+02 4.486815100000000029e+02
7.613833599999999251e+02 4.485019899999999780e+02
7.642336899999999105e+02 4.489224600000000009e+02
7.668888399999999592e+02 4.498790900000000192e+02
7.693146199999999908e+02 4.513020900000000211e+02
7.714767799999999625e+02 4.531235900000000356e+02
7.733431099999999105e+02 4.552796200000000226e+02
7.748773699999999280e+02 4.577004100000000335e+02
7.768170199999999568e+02 4.630724800000000414e+02
7.771537799999999834e+02 4.658900000000000432e+02
7.770256499999999278e+02 4.687028000000000247e+02
7.763945799999999053e+02 4.714468900000000531e+02
7.752301499999998668e+02 4.740524200000000405e+02
7.734962499999999181e+02 4.764554500000000417e+02
7.711605399999999690e+02 4.785861900000000446e+02
7.687907399999999143e+02 4.802643000000000484e+02
7.661703199999999470e+02 4.815085600000000454e+02
7.633770199999999022e+02 4.822924400000000560e+02
7.604884399999998550e+02 4.825834600000000592e+02
7.604886299999999437e+02 4.825834199999999896e+02
