7.595038600000000315e+02 6.382686499999999796e+02
7.561370100000000321e+02 6.381624400000000605e+02
7.531175500000000511e+02 6.374092600000000175e+02
7.504543100000000777e+02 6.360910400000000209e+02
7.481619800000000851e+02 6.342896000000000640e+02
7.462552900000000591e+02 6.320887400000000298e+02
7.447450700000000552e+02 6.295723299999999654e+02
7.436440900000000056e+02 6.268222700000000032e+02
7.429669499999999971e+02 6.239203899999999976e+02
7.427246800000000349e+02 6.209505500000000211e+02
7.429318000000000666e+02 6.179965499999999565e+02
7.436010400000000118e+02 6.151383200000000215e+02
7.447432900000000018e+02 6.124596900000000232e+02
7.463752100000000382e+02 6.100444999999999709e+02
7.485076200000000881e+02 6.079746000000000095e+02
7.511532200000000330e+02 6.063338300000000345e+02
7.543248399999999947e+02 6.052040899999999510e+02
7.574649100000000317e+02 6.043618599999999788e+02
7.604786000000000286e+02 6.041891399999999521e+02
7.633279400000000123e+02 6.046163000000000238e+02
7.659808699999999817e+02 6.055791699999999764e+02
7.684033200000000079e+02 6.070078399999999874e+02
7.705611700000000610e+02 6.088344100000000481e+02
7.724223900000000640e+02 6.109948200000001179e+02
7.739509900000000471e+02 6.134192000000000462e+02
7.758780199999999923e+02 6.187958000000000993e+02
7.762083499999999958e+02 6.216141200000000708e+02
7.760738000000000056e+02 6.244265800000000581e+02
7.754362999999999602e+02 6.271692000000000462e+02
7.742657799999999497e+02 6.297720100000000230e+02
7.725262199999999666e+02 6.321709900000000744e+02
7.701855199999999968e+02 6.342962100000000873e+02
7.678117899999999736e+02 6.359687300000000505e+02
7.651884499999999889e+02 6.372068300000000818e+02
7.623932999999999538e+02 6.379841600000000881e+02
7.595040799999999308e+02 6.382683800000000929e+02
7.595038600000000315e+02 6.382686499999999796e+02
