5.421284799999999677e+02 6.891377999999999702e+02
5.387614099999999553e+02 6.890394999999999754e+02
5.357401699999999209e+02 6.882934199999999691e+02
5.330738199999999551e+02 6.869814300000000458e+02
5.307772699999999304e+02 6.851853999999999587e+02
5.288654299999999466e+02 6.829890100000000075e+02
5.273493099999999458e+02 6.804761899999999741e+02
5.262418399999999110e+02 6.777287000000000035e+02
5.255579299999999421e+02 6.748284400000000005e+02
5.253084799999999177e+02 6.718591699999999491e+02
5.255084199999998873e+02 6.689046700000000101e+02
5.261709699999998975e+02 6.660448499999999967e+02
5.273069099999999025e+02 6.633635799999999563e+02
5.289331599999999298e+02 6.609445399999999609e+02
5.310606999999998834e+02 6.588696499999999787e+02
5.337024699999998347e+02 6.572226799999999685e+02
5.368714199999998300e+02 6.560854999999999109e+02
5.400094799999998258e+02 6.552358999999999014e+02
5.430227899999998726e+02 6.550563699999999017e+02
5.458731199999998580e+02 6.554768399999999247e+02
5.485282799999998815e+02 6.564334799999999177e+02
5.509540499999998246e+02 6.578564699999999448e+02
5.531162099999997963e+02 6.596779799999999341e+02
5.549825399999997444e+02 6.618340099999999211e+02
5.565167999999997619e+02 6.642547599999999193e+02
5.584564499999997906e+02 6.696268599999998514e+02
5.587932099999998172e+02 6.724444299999998975e+02
5.586650799999997616e+02 6.752571899999998095e+02
5.580340099999997392e+02 6.780012799999998379e+02
5.568696199999997134e+02 6.806068099999998822e+02
5.551356799999997520e+02 6.830098699999998644e+02
5.527999699999998029e+02 6.851405799999998862e+02
5.504302099999997608e+02 6.868186899999998332e+02
5.478097899999997935e+02 6.880629499999998870e+02
5.450164499999998498e+02 6.888468199999998660e+02
5.421279099999998152e+02 6.891378399999998692e+02
5.421284799999999677e+02 6.891377999999999702e+02
