7.193629399999999805e+02 4.672224199999999996e+02
7.159958699999999681e+02 4.671241200000000049e+02
7.129746299999999337e+02 4.663780399999999986e+02
7.103083199999999806e+02 4.650660500000000184e+02
7.080117699999999559e+02 4.632699800000000323e+02
7.060999299999999721e+02 4.610736200000000053e+02
7.045837799999999334e+02 4.585607600000000161e+02
7.034763399999999365e+02 4.558133100000000013e+02
7.027923899999999549e+02 4.529130200000000173e+02
7.025429399999999305e+02 4.499437399999999911e+02
7.027428799999999001e+02 4.469892899999999827e+02
7.034054299999999103e+02 4.441294699999999693e+02
7.045413699999999153e+02 4.414481999999999857e+02
7.061676199999999426e+02 4.390291499999999587e+02
7.082951599999998962e+02 4.369542599999999766e+02
7.109369299999998475e+02 4.353072599999999852e+02
7.141058799999998428e+02 4.341701099999999656e+02
7.172439499999998134e+02 4.333205099999999561e+02
7.202572499999997717e+02 4.331409799999999564e+02
7.231075399999997444e+02 4.335614599999999541e+02
7.257626999999997679e+02 4.345180899999999724e+02
7.281884799999997995e+02 4.359410799999999995e+02
7.303506299999997964e+02 4.377625899999999888e+02
7.322169599999997445e+02 4.399186199999999758e+02
7.337512199999997620e+02 4.423393699999999740e+02
7.356908799999997655e+02 4.477114799999999946e+02
7.360280099999997674e+02 4.505289999999999964e+02
7.358998799999997118e+02 4.533417699999999968e+02
7.352688499999997020e+02 4.560858499999999935e+02
7.341044199999996636e+02 4.586913799999999810e+02
7.323704799999997022e+02 4.610944499999999948e+02
7.300348099999996521e+02 4.632251899999999978e+02
7.276650099999995973e+02 4.649032599999999888e+02
7.250445899999996300e+02 4.661475199999999859e+02
7.222512499999996862e+02 4.669314299999999776e+02
7.193627499999996644e+02 4.672224599999999555e+02
7.193629399999999805e+02 4.672224199999999996e+02
