7.298828999999999496e+02 6.674054200000000492e+02
7.265160599999999249e+02 6.672992199999999912e+02
7.234965999999999440e+02 6.665460299999999734e+02
7.208333899999998948e+02 6.652278099999999768e+02
7.185410699999998769e+02 6.634263700000000199e+02
7.166343699999998762e+02 6.612255400000000236e+02
7.151241499999998723e+02 6.587091299999999592e+02
7.140231399999998985e+02 6.559590699999999970e+02
7.133460299999999279e+02 6.530571800000000167e+02
7.131037699999999404e+02 6.500873400000000402e+02
7.133108799999998837e+02 6.471333399999999756e+02
7.139801199999998289e+02 6.442751100000000406e+02
7.151223699999998189e+02 6.415964799999999286e+02
7.167542999999998301e+02 6.391812899999999900e+02
7.188867099999998800e+02 6.371113900000000285e+02
7.215322999999998501e+02 6.354706300000000283e+02
7.247038899999998876e+02 6.343408500000000458e+02
7.278439599999999245e+02 6.334986599999999726e+02
7.308576399999999467e+02 6.333259299999999712e+02
7.337069899999999052e+02 6.337531000000000176e+02
7.363599199999998746e+02 6.347159299999999575e+02
7.387823299999998881e+02 6.361446300000000065e+02
7.409401799999999412e+02 6.379711999999999534e+02
7.428014399999999569e+02 6.401316199999999981e+02
7.443300399999999399e+02 6.425559599999999136e+02
7.462570699999998851e+02 6.479325999999999794e+02
7.465873999999998887e+02 6.507509199999999510e+02
7.464528399999999237e+02 6.535633799999999383e+02
7.458153499999999667e+02 6.563059899999999516e+02
7.446447899999999436e+02 6.589087600000000293e+02
7.429052699999999732e+02 6.613077399999999670e+02
7.405645700000000033e+02 6.634329900000000180e+02
7.381908399999999801e+02 6.651055099999999811e+02
7.355674999999999955e+02 6.663435999999999240e+02
7.327723499999999603e+02 6.671209400000000187e+02
7.298831299999999374e+02 6.674051600000000235e+02
7.298828999999999496e+02 6.674054200000000492e+02
