6.580072699999999486e+02 5.259384400000000142e+02
6.546401999999999362e+02 5.258401400000000194e+02
6.516189999999999145e+02 5.250940299999999752e+02
6.489526599999999235e+02 5.237820799999999508e+02
6.466560999999999240e+02 5.219860100000000784e+02
6.447442699999999149e+02 5.197896499999999378e+02
6.432281499999999141e+02 5.172767900000000054e+02
6.421206699999999046e+02 5.145292999999999211e+02
6.414367599999999356e+02 5.116290499999999497e+02
6.411873199999998860e+02 5.086597699999999236e+02
6.413876299999998309e+02 5.057052799999999024e+02
6.420501399999998284e+02 5.028454999999999018e+02
6.431861199999998462e+02 5.001641899999999055e+02
6.448123699999998735e+02 4.977451799999998912e+02
6.469399099999998271e+02 4.956702499999998963e+02
6.495816499999998541e+02 4.940232899999999177e+02
6.527506299999998873e+02 4.928860999999999422e+02
6.558886899999998832e+02 4.920365399999999454e+02
6.589019599999999173e+02 4.918570099999999456e+02
6.617522899999999026e+02 4.922774499999999307e+02
6.644074899999999388e+02 4.932340799999999490e+02
6.668332599999998820e+02 4.946570799999999508e+02
6.689953799999998409e+02 4.964785799999999654e+02
6.708617099999997890e+02 4.986346099999999524e+02
6.723960099999998192e+02 5.010553999999999633e+02
6.743356199999998353e+02 5.064274699999999712e+02
6.746727599999998120e+02 5.092450299999999856e+02
6.745446299999997564e+02 5.120577900000000682e+02
6.739135599999997339e+02 5.148018799999999828e+02
6.727491299999996954e+02 5.174074100000000271e+02
6.710152299999997467e+02 5.198104799999999841e+02
6.686795199999997976e+02 5.219411800000000312e+02
6.663097199999997429e+02 5.236192899999999781e+02
6.636892999999997755e+02 5.248635500000000320e+02
6.608959999999997308e+02 5.256474299999999857e+02
6.580074199999996836e+02 5.259384499999999889e+02
6.580072699999999486e+02 5.259384400000000142e+02
