5.898341599999999971e+02 5.885602900000000091e+02
5.864670999999999594e+02 5.884619900000000143e+02
5.834458499999999503e+02 5.877159200000000965e+02
5.807795099999999593e+02 5.864039300000000594e+02
5.784829899999999725e+02 5.846078600000000733e+02
5.765711599999999635e+02 5.824115000000000464e+02
5.750549999999999500e+02 5.798986800000000130e+02
5.739475199999999404e+02 5.771511900000000423e+02
5.732636199999999462e+02 5.742508900000000267e+02
5.730141699999999219e+02 5.712816199999999753e+02
5.732144799999998668e+02 5.683271700000000237e+02
5.738770399999998517e+02 5.654673500000000104e+02
5.750129699999998820e+02 5.627860800000000836e+02
5.766392299999998841e+02 5.603670600000000377e+02
5.787667599999998629e+02 5.582921400000000176e+02
5.814085399999999026e+02 5.566451700000000073e+02
5.845774799999999232e+02 5.555079900000000634e+02
5.877155499999998938e+02 5.546583900000000540e+02
5.907288499999998521e+02 5.544788599999999406e+02
5.935791799999998375e+02 5.548993399999999383e+02
5.962343399999998610e+02 5.558559700000000703e+02
5.986601199999998926e+02 5.572789600000000974e+02
6.008222699999998895e+02 5.591004700000000867e+02
6.026885999999998376e+02 5.612564999999999600e+02
6.042228599999998551e+02 5.636772900000000845e+02
6.061625199999998586e+02 5.690493599999999788e+02
6.064992699999999104e+02 5.718668800000000374e+02
6.063711499999999432e+02 5.746796799999999621e+02
6.057400799999999208e+02 5.774237699999999904e+02
6.045756799999999203e+02 5.800292999999999211e+02
6.028417499999999336e+02 5.824323200000000043e+02
6.005060399999999845e+02 5.845630699999999251e+02
5.981362699999999677e+02 5.862411399999999730e+02
5.955158500000000004e+02 5.874854000000000269e+02
5.927225200000000314e+02 5.882693099999999049e+02
5.898339700000000221e+02 5.885603399999999965e+02
5.898341599999999971e+02 5.885602900000000091e+02
