4.465554500000000075e+02 7.771468640000000505e+02
4.431883799999999951e+02 7.770485639999999421e+02
4.401671400000000176e+02 7.763024840000000495e+02
4.375008000000000266e+02 7.749904940000000124e+02
4.352042800000000398e+02 7.731944640000000391e+02
4.332924400000000560e+02 7.709981040000000121e+02
4.317762900000000741e+02 7.684852539999999408e+02
4.306688100000000645e+02 7.657377639999999701e+02
4.299849000000000387e+02 7.628374999999999773e+02
4.297354500000000144e+02 7.598682300000000396e+02
4.299357699999999909e+02 7.569137299999999868e+02
4.305983200000000011e+02 7.540539099999999735e+02
4.317342600000000061e+02 7.513726400000000467e+02
4.333605100000000334e+02 7.489535900000000765e+02
4.354880500000000438e+02 7.468787100000000692e+02
4.381297900000000709e+02 7.452317400000000589e+02
4.412987700000000473e+02 7.440945600000000013e+02
4.444368300000000431e+02 7.432449599999999919e+02
4.474501400000000331e+02 7.430654299999999921e+02
4.503004700000000184e+02 7.434859000000000151e+02
4.529556200000000104e+02 7.444425400000000081e+02
4.553813999999999851e+02 7.458655300000000352e+02
4.575435599999999567e+02 7.476870300000000498e+02
4.594098899999999617e+02 7.498430700000000115e+02
4.609441499999999792e+02 7.522638500000000477e+02
4.628837999999999511e+02 7.576359200000000556e+02
4.632205599999999777e+02 7.604534899999999880e+02
4.630924299999999789e+02 7.632662500000000136e+02
4.624613599999999565e+02 7.660103440000000319e+02
4.612969299999999748e+02 7.686158740000000762e+02
4.595630299999999693e+02 7.710189340000000584e+02
4.572273199999999633e+02 7.731496439999999666e+02
4.548575199999999654e+02 7.748277540000000272e+02
4.522370999999999412e+02 7.760720039999999926e+02
4.494437999999999533e+02 7.768558840000000600e+02
4.465552199999999630e+02 7.771469039999999495e+02
4.465554500000000075e+02 7.771468640000000505e+02
