5.572731999999999744e+02 6.180313499999999749e+02
5.539061299999999619e+02 6.179330499999999802e+02
5.508848899999999276e+02 6.171869300000000749e+02
5.482185899999999492e+02 6.158749800000000505e+02
5.459220299999999497e+02 6.140789100000000644e+02
5.440101999999999407e+02 6.118825600000000122e+02
5.424940799999999399e+02 6.093697000000000799e+02
5.413865999999999303e+02 6.066222099999999955e+02
5.407026899999999614e+02 6.037219500000001062e+02
5.404532399999999370e+02 6.007526800000000549e+02
5.406535599999999704e+02 5.977981800000000021e+02
5.413160699999999679e+02 5.949383700000000772e+02
5.424520499999999856e+02 5.922570900000000620e+02
5.440782600000000002e+02 5.898380400000000918e+02
5.462057999999999538e+02 5.877631599999999708e+02
5.488475699999999051e+02 5.861161899999999605e+02
5.520165199999999004e+02 5.849790100000000166e+02
5.551546199999999089e+02 5.841294500000000198e+02
5.581678899999999430e+02 5.839495400000000700e+02
5.610182199999999284e+02 5.843700100000000930e+02
5.636734099999998762e+02 5.853266499999999724e+02
5.660991899999999077e+02 5.867496399999999994e+02
5.682613099999998667e+02 5.885711499999999887e+02
5.701276399999998148e+02 5.907271800000000894e+02
5.716618999999998323e+02 5.931479300000000876e+02
5.736015499999998610e+02 5.985200400000001082e+02
5.739386899999998377e+02 6.013376000000000658e+02
5.738105599999997821e+02 6.041503600000000915e+02
5.731794899999997597e+02 6.068944500000001199e+02
5.720150599999997212e+02 6.094999800000000505e+02
5.702811599999997725e+02 6.119030400000001464e+02
5.679454499999998234e+02 6.140337500000000546e+02
5.655756499999997686e+02 6.157118200000001025e+02
5.629552299999998013e+02 6.169561200000000554e+02
5.601619299999997565e+02 6.177399900000001480e+02
5.572733499999997093e+02 6.180310200000001259e+02
5.572731999999999744e+02 6.180313499999999749e+02
