4.330109299999999735e+02 7.370693499999999858e+02
4.296438999999999737e+02 7.369710499999999911e+02
4.266226499999999646e+02 7.362249699999999848e+02
4.239563499999999863e+02 7.349129800000000614e+02
4.216597600000000057e+02 7.331169199999999364e+02
4.197479200000000219e+02 7.309205600000000231e+02
4.182318000000000211e+02 7.284077300000000150e+02
4.171243600000000242e+02 7.256602599999999939e+02
4.164404200000000174e+02 7.227599599999999782e+02
4.161909699999999930e+02 7.197906900000000405e+02
4.163912799999999947e+02 7.168362300000000005e+02
4.170538399999999797e+02 7.139764099999999871e+02
4.181897699999999531e+02 7.112951399999999467e+02
4.198160299999999552e+02 7.088760899999999765e+02
4.219435599999999340e+02 7.068012099999999691e+02
4.245853399999999169e+02 7.051542399999999589e+02
4.277542799999999374e+02 7.040170599999999013e+02
4.308923499999999649e+02 7.031674599999998918e+02
4.339056199999999421e+02 7.029879300000000057e+02
4.367559799999999655e+02 7.034083999999999151e+02
4.394111399999999890e+02 7.043650399999999081e+02
4.418369199999999637e+02 7.057880299999999352e+02
4.439990699999999606e+02 7.076095299999999497e+02
4.458653599999999528e+02 7.097655699999999115e+02
4.473996599999999262e+02 7.121863199999999097e+02
4.493393199999999297e+02 7.175584199999998418e+02
4.496760699999999247e+02 7.203759499999998752e+02
4.495479499999999007e+02 7.231887499999999136e+02
4.489168799999998782e+02 7.259328299999999672e+02
4.477524399999998650e+02 7.285383499999999231e+02
4.460185099999998783e+02 7.309413799999999810e+02
4.436828399999998851e+02 7.330721299999999019e+02
4.413130399999998872e+02 7.347501999999999498e+02
4.386926099999998883e+02 7.359944599999998900e+02
4.358993199999998751e+02 7.367783699999998817e+02
4.330107399999998847e+02 7.370693899999998848e+02
4.330109299999999735e+02 7.370693499999999858e+02
