6.783999999999999773e+02 4.568022100000000023e+02
6.750329399999999396e+02 4.567039100000000076e+02
6.720116899999999305e+02 4.559578300000000013e+02
6.693453899999999521e+02 4.546458400000000211e+02
6.670488299999999526e+02 4.528497700000000350e+02
6.651369999999999436e+02 4.506534500000000207e+02
6.636208399999999301e+02 4.481406000000000063e+02
6.625133999999999332e+02 4.453931099999999788e+02
6.618294599999999264e+02 4.424928499999999758e+02
6.615800099999999020e+02 4.395235399999999686e+02
6.617803199999998469e+02 4.365690799999999854e+02
6.624428799999998319e+02 4.337092599999999720e+02
6.635788499999998749e+02 4.310279899999999884e+02
6.652050699999998642e+02 4.286089399999999614e+02
6.673325999999998430e+02 4.265340599999999540e+02
6.699743799999998828e+02 4.248870899999999438e+02
6.731433199999999033e+02 4.237499099999999430e+02
6.762813899999998739e+02 4.229003099999999336e+02
6.792946899999998323e+02 4.227207799999999338e+02
6.821450199999998176e+02 4.231412499999999568e+02
6.848001799999998411e+02 4.240978899999999499e+02
6.872259599999998727e+02 4.255208799999999769e+02
6.893881099999998696e+02 4.273423899999999662e+02
6.912544399999998177e+02 4.294984199999999532e+02
6.927886999999998352e+02 4.319191999999999325e+02
6.947283599999998387e+02 4.372912699999999404e+02
6.950651099999998905e+02 4.401087999999999170e+02
6.949369899999999234e+02 4.429215999999998985e+02
6.943059199999999009e+02 4.456656899999999268e+02
6.931414799999998877e+02 4.482712199999999143e+02
6.914075499999999010e+02 4.506742399999999407e+02
6.890718799999998510e+02 4.528049899999999184e+02
6.867020799999997962e+02 4.544830999999999221e+02
6.840816499999997404e+02 4.557273599999999192e+02
6.812883199999997714e+02 4.565112299999998982e+02
6.783997799999997369e+02 4.568022499999999013e+02
6.783999999999999773e+02 4.568022100000000023e+02
