3.745709800000000200e+02 7.980023840000000064e+02
3.712039100000000076e+02 7.979040840000000117e+02
3.681826700000000301e+02 7.971579739999999674e+02
3.655163700000000517e+02 7.958460240000000567e+02
3.632198100000000522e+02 7.940499540000000707e+02
3.613079700000000685e+02 7.918535940000000437e+02
3.597918200000000866e+02 7.893407339999999976e+02
3.586843800000000897e+02 7.865932840000000397e+02
3.580004700000000639e+02 7.836929840000000240e+02
3.577510200000000395e+02 7.807237139999999727e+02
3.579513400000000161e+02 7.777692240000000083e+02
3.586138500000000136e+02 7.749094440000000077e+02
3.597498300000000313e+02 7.722281339999999545e+02
3.613760400000000459e+02 7.698091239999999971e+02
3.635035800000000563e+02 7.677342340000000149e+02
3.661453500000000645e+02 7.660872339999999667e+02
3.693143000000000598e+02 7.649500440000000481e+02
3.724524000000000683e+02 7.641004840000000513e+02
3.754656700000000455e+02 7.639209499999999480e+02
3.783159900000000562e+02 7.643414239999999609e+02
3.809711600000000544e+02 7.652980639999999539e+02
3.833969400000000292e+02 7.667210539999999810e+02
3.855590900000000261e+02 7.685425239999999576e+02
3.874254300000000057e+02 7.706985540000000583e+02
3.889596900000000232e+02 7.731193439999999555e+02
3.908993399999999951e+02 7.784914139999999634e+02
3.912361000000000217e+02 7.813089740000000347e+02
3.911079700000000230e+02 7.841217339999999467e+02
3.904769000000000005e+02 7.868658239999999751e+02
3.893124700000000189e+02 7.894713540000000194e+02
3.875785700000000134e+02 7.918744140000000016e+02
3.852428600000000074e+02 7.940051640000000361e+02
3.828730600000000095e+02 7.956832339999999704e+02
3.802526399999999853e+02 7.969274940000000242e+02
3.774593299999999658e+02 7.977114040000000159e+02
3.745707499999999754e+02 7.980024339999999938e+02
3.745709800000000200e+02 7.980023840000000064e+02
