4.050205599999999890e+02 7.682397240000000238e+02
4.016534599999999955e+02 7.681414240000000291e+02
3.986322499999999991e+02 7.673953440000000228e+02
3.959659100000000080e+02 7.660833539999999857e+02
3.936693599999999833e+02 7.642873200000000224e+02
3.917575199999999995e+02 7.620909599999999955e+02
3.902413999999999987e+02 7.595781100000000379e+02
3.891339199999999892e+02 7.568306199999999535e+02
3.884500199999999950e+02 7.539303199999999379e+02
3.882005699999999706e+02 7.509610500000000002e+02
3.884008799999999724e+02 7.480065899999999601e+02
3.890634299999999826e+02 7.451467700000000605e+02
3.901993699999999876e+02 7.424655000000000200e+02
3.918256299999999896e+02 7.400464500000000498e+02
3.939531599999999685e+02 7.379715700000000425e+02
3.965948999999999955e+02 7.363246000000000322e+02
3.997638799999999719e+02 7.351874199999999746e+02
4.029019499999999994e+02 7.343378199999999651e+02
4.059152100000000019e+02 7.341582900000000791e+02
4.087655399999999872e+02 7.345787599999999884e+02
4.114207399999999666e+02 7.355353999999999814e+02
4.138465099999999666e+02 7.369583900000000085e+02
4.160086699999999382e+02 7.387798900000000231e+02
4.178749999999999432e+02 7.409359299999999848e+02
4.194092599999999607e+02 7.433567100000000210e+02
4.213489099999999326e+02 7.487287800000000288e+02
4.216856699999999591e+02 7.515463399999999865e+02
4.215575399999999604e+02 7.543591099999999869e+02
4.209264799999999696e+02 7.571031900000000405e+02
4.197620399999999563e+02 7.597087300000000596e+02
4.180281499999999824e+02 7.621117500000000291e+02
4.156924399999999764e+02 7.642425000000000637e+02
4.133226300000000037e+02 7.659205739999999878e+02
4.107022099999999796e+02 7.671648639999999659e+02
4.079089099999999917e+02 7.679487440000000333e+02
4.050203399999999760e+02 7.682397640000000365e+02
4.050205599999999890e+02 7.682397240000000238e+02
