7.095421099999999797e+02 4.265242999999999824e+02
7.061750499999999420e+02 4.264259999999999877e+02
7.031538099999999076e+02 4.256799199999999814e+02
7.004874999999999545e+02 4.243679399999999760e+02
6.981909499999999298e+02 4.225718699999999899e+02
6.962791099999999460e+02 4.203755099999999629e+02
6.947629499999999325e+02 4.178626499999999737e+02
6.936555099999999356e+02 4.151151999999999589e+02
6.929715699999999288e+02 4.122148999999999432e+02
6.927221199999999044e+02 4.092456299999999487e+02
6.929220599999998740e+02 4.062911699999999655e+02
6.935846099999998842e+02 4.034313599999999838e+02
6.947205499999998892e+02 4.007500799999999685e+02
6.963467999999999165e+02 3.983310299999999415e+02
6.984743399999998701e+02 3.962561499999999342e+02
7.011161099999998214e+02 3.946091799999999239e+02
7.042850599999998167e+02 3.934719999999999231e+02
7.074231599999998252e+02 3.926223999999999137e+02
7.104364299999998593e+02 3.924428699999999139e+02
7.132867599999998447e+02 3.928633399999999369e+02
7.159419099999998934e+02 3.938199799999999300e+02
7.183676899999999250e+02 3.952429699999999571e+02
7.205298399999999219e+02 3.970644799999999464e+02
7.223961799999999585e+02 3.992205099999999334e+02
7.239304799999999886e+02 4.016412599999999316e+02
7.258700900000000047e+02 4.070133699999999521e+02
7.262072299999999814e+02 4.098308899999999539e+02
7.260790999999999258e+02 4.126436499999999796e+02
7.254480699999999160e+02 4.153877400000000080e+02
7.242835999999998648e+02 4.179932699999999954e+02
7.225496999999999161e+02 4.203963299999999776e+02
7.202140299999998660e+02 4.225270799999999554e+02
7.178442299999998113e+02 4.242051499999999464e+02
7.152237999999997555e+02 4.254494099999999435e+02
7.124304699999997865e+02 4.262333199999999351e+02
7.095419299999997520e+02 4.265243499999999131e+02
7.095421099999999797e+02 4.265242999999999824e+02
