4.904223900000000071e+02 6.349462399999999889e+02
4.870553300000000263e+02 6.348479399999999941e+02
4.840341200000000299e+02 6.341018599999999878e+02
4.813677800000000389e+02 6.327898699999999508e+02
4.790712300000000141e+02 6.309938399999999774e+02
4.771593900000000303e+02 6.287974399999999378e+02
4.756432700000000295e+02 6.262846199999999044e+02
4.745357900000000200e+02 6.235371299999999337e+02
4.738518900000000258e+02 6.206368800000000192e+02
4.736024400000000014e+02 6.176675999999999931e+02
4.738027500000000032e+02 6.147131099999999151e+02
4.744653000000000134e+02 6.118532900000000154e+02
4.756012400000000184e+02 6.091720199999999750e+02
4.772275000000000205e+02 6.067529700000000048e+02
4.793550299999999993e+02 6.046780899999998837e+02
4.819968099999999822e+02 6.030311199999998735e+02
4.851657500000000027e+02 6.018939299999999548e+02
4.883038200000000302e+02 6.010443299999999454e+02
4.913170800000000327e+02 6.008648099999999204e+02
4.941674100000000180e+02 6.012852799999999434e+02
4.968226099999999974e+02 6.022419199999999364e+02
4.992483799999999974e+02 6.036649099999999635e+02
5.014105000000000132e+02 6.054864099999999780e+02
5.032768300000000181e+02 6.076424399999999650e+02
5.048111299999999915e+02 6.100631899999999632e+02
5.067507799999999634e+02 6.154352999999999838e+02
5.070875399999999900e+02 6.182528599999999415e+02
5.069594099999999912e+02 6.210656299999999419e+02
5.063283099999999877e+02 6.238097099999999955e+02
5.051639099999999871e+02 6.264152399999999261e+02
5.034299800000000005e+02 6.288183099999998831e+02
5.010942699999999945e+02 6.309490099999999302e+02
4.987244999999999777e+02 6.326271299999999655e+02
4.961040799999999535e+02 6.338713799999999310e+02
4.933107499999999277e+02 6.346552599999999984e+02
4.904221999999999184e+02 6.349462799999998879e+02
4.904223900000000071e+02 6.349462399999999889e+02
