6.630717200000000275e+02 7.274574599999999691e+02
6.597049100000000408e+02 7.273512499999999363e+02
6.566854500000000598e+02 7.265980700000000070e+02
6.540222100000000864e+02 7.252798400000000356e+02
6.517298500000000558e+02 7.234784099999999398e+02
6.498231900000000678e+02 7.212775500000000193e+02
6.483129600000000892e+02 7.187611399999999549e+02
6.472119500000001153e+02 7.160110799999999927e+02
6.465348500000001195e+02 7.131091999999999871e+02
6.462925800000001573e+02 7.101393600000000106e+02
6.464997000000001890e+02 7.071853599999999460e+02
6.471689400000001342e+02 7.043270899999999983e+02
6.483111900000001242e+02 7.016485000000000127e+02
6.499431100000001607e+02 6.992333099999999604e+02
6.520754800000001978e+02 6.971633699999999862e+02
6.547211200000001554e+02 6.955226000000000113e+02
6.578927400000001171e+02 6.943928999999999405e+02
6.610327800000001162e+02 6.935506699999999682e+02
6.640465000000001510e+02 6.933779499999999416e+02
6.668958400000001348e+02 6.938050699999998869e+02
6.695487700000001041e+02 6.947679399999999532e+02
6.719711800000001176e+02 6.961966399999998885e+02
6.741290300000001707e+02 6.980232099999999491e+02
6.759902900000001864e+02 7.001835899999999810e+02
6.775188900000001695e+02 7.026079700000000230e+02
6.794459200000001147e+02 7.079846099999999751e+02
6.797762500000001182e+02 7.108029299999999466e+02
6.796417000000001281e+02 7.136153899999999339e+02
6.790042000000000826e+02 7.163579999999999472e+02
6.778336400000000594e+02 7.189607799999999997e+02
6.760941200000000890e+02 7.213597599999999375e+02
6.737534200000001192e+02 7.234850199999999631e+02
6.713796900000000960e+02 7.251575000000000273e+02
6.687563500000001113e+02 7.263956399999999576e+02
6.659612000000000762e+02 7.271729699999999639e+02
6.630719400000000405e+02 7.274571899999999687e+02
6.630717200000000275e+02 7.274574599999999691e+02
