3.641428599999999847e+02 7.522620899999999438e+02
3.607757899999999722e+02 7.521637900000000627e+02
3.577545499999999947e+02 7.514176700000000437e+02
3.550882399999999848e+02 7.501057200000000194e+02
3.527916899999999600e+02 7.483096500000000333e+02
3.508798499999999763e+02 7.461132900000000063e+02
3.493636899999999628e+02 7.436004299999999603e+02
3.482562499999999659e+02 7.408529800000000023e+02
3.475723499999999717e+02 7.379526899999999614e+02
3.473228999999999473e+02 7.349834100000000490e+02
3.475232199999999239e+02 7.320289199999999710e+02
3.481857299999999213e+02 7.291691399999999703e+02
3.493216999999999075e+02 7.264878200000000561e+02
3.509479199999998968e+02 7.240688099999999849e+02
3.530754499999998757e+02 7.219939399999999523e+02
3.557172299999998586e+02 7.203469400000000178e+02
3.588861799999998539e+02 7.192097499999999854e+02
3.620242799999998624e+02 7.183601899999999887e+02
3.650375499999998397e+02 7.181806599999999889e+02
3.678878799999998250e+02 7.186011300000000119e+02
3.705430299999998169e+02 7.195577700000000050e+02
3.729688499999998044e+02 7.209807599999999184e+02
3.751309599999997886e+02 7.228022300000000087e+02
3.769972899999997935e+02 7.249582500000000209e+02
3.785315599999997858e+02 7.273790400000000318e+02
3.804711999999997829e+02 7.327511100000000397e+02
3.808079599999998095e+02 7.355686699999999973e+02
3.806798299999998108e+02 7.383814399999999978e+02
3.800487599999997883e+02 7.411255200000000514e+02
3.788843399999997814e+02 7.437310599999999567e+02
3.771504399999997759e+02 7.461341199999999390e+02
3.748147299999997699e+02 7.482648599999999988e+02
3.724449299999997720e+02 7.499429400000000214e+02
3.698245099999997478e+02 7.511871899999999869e+02
3.670312099999997599e+02 7.519711099999999533e+02
3.641426299999997696e+02 7.522621299999999565e+02
3.641428599999999847e+02 7.522620899999999438e+02
