4.596203600000000051e+02 6.646572200000000521e+02
4.562532899999999927e+02 6.645589199999999437e+02
4.532320500000000152e+02 6.638128400000000511e+02
4.505656999999999925e+02 6.625008900000000267e+02
4.482691899999999805e+02 6.607048200000000406e+02
4.463573099999999840e+02 6.585084699999999884e+02
4.448411899999999832e+02 6.559956200000000308e+02
4.437337200000000053e+02 6.532481300000000601e+02
4.430498099999999795e+02 6.503478700000000572e+02
4.428003599999999551e+02 6.473786000000000058e+02
4.430002999999999815e+02 6.444241100000000415e+02
4.436628499999999917e+02 6.415643300000000409e+02
4.447987899999999968e+02 6.388830199999999877e+02
4.464250400000000241e+02 6.364639700000000175e+02
4.485525800000000345e+02 6.343890800000000354e+02
4.511943100000000300e+02 6.327421199999999999e+02
4.543633000000000379e+02 6.316049299999999675e+02
4.575013600000000338e+02 6.307553700000000845e+02
4.605146700000000237e+02 6.305758399999999710e+02
4.633650000000000091e+02 6.309962800000000698e+02
4.660201500000000010e+02 6.319529099999999744e+02
4.684459299999999757e+02 6.333759400000000142e+02
4.706080799999999726e+02 6.351974099999999908e+02
4.724744199999999523e+02 6.373534400000000915e+02
4.740086799999999698e+02 6.397742299999999886e+02
4.759483299999999417e+02 6.451463000000001102e+02
4.762854599999999436e+02 6.479638600000000679e+02
4.761573399999999197e+02 6.507766200000000936e+02
4.755262699999998972e+02 6.535207100000000082e+02
4.743618399999999156e+02 6.561262400000000525e+02
4.726279399999999100e+02 6.585292900000000600e+02
4.702922299999999041e+02 6.606600300000000061e+02
4.679224299999999062e+02 6.623381000000000540e+02
4.653020099999998820e+02 6.635823599999999942e+02
4.625087099999998941e+02 6.643662699999999859e+02
4.596201299999999037e+02 6.646573000000000775e+02
4.596203600000000051e+02 6.646572200000000521e+02
