5.820511800000000449e+02 5.473048400000000129e+02
5.786841100000000324e+02 5.472065400000000182e+02
5.756628699999999981e+02 5.464604600000000119e+02
5.729965700000000197e+02 5.451484800000000632e+02
5.707000100000000202e+02 5.433524099999999635e+02
5.687881800000000112e+02 5.411560500000000502e+02
5.672720199999999977e+02 5.386432300000000168e+02
5.661645399999999881e+02 5.358957399999999325e+02
5.654806399999999940e+02 5.329954399999999168e+02
5.652311899999999696e+02 5.300261699999999792e+02
5.654314999999999145e+02 5.270717099999999391e+02
5.660940499999999247e+02 5.242119000000000142e+02
5.672299899999999298e+02 5.215306199999999990e+02
5.688562499999999318e+02 5.191115700000000288e+02
5.709837799999999106e+02 5.170366899999999077e+02
5.736255599999999504e+02 5.153897199999998975e+02
5.767944999999999709e+02 5.142525399999999536e+02
5.799325699999999415e+02 5.134029399999999441e+02
5.829458699999998998e+02 5.132234099999999444e+02
5.857961999999998852e+02 5.136438799999999674e+02
5.884513599999999087e+02 5.146005199999999604e+02
5.908771399999999403e+02 5.160235099999999875e+02
5.930392899999999372e+02 5.178450199999999768e+02
5.949056199999998853e+02 5.200010499999999638e+02
5.964398799999999028e+02 5.224218399999999747e+02
5.983795399999999063e+02 5.277939099999999826e+02
5.987166699999999082e+02 5.306114299999999275e+02
5.985885399999998526e+02 5.334242299999999659e+02
5.979574799999998049e+02 5.361683199999999943e+02
5.967930799999998044e+02 5.387738500000000386e+02
5.950591399999998430e+02 5.411768700000000081e+02
5.927234299999998939e+02 5.433076200000000426e+02
5.903536699999998518e+02 5.449856899999999769e+02
5.877332499999998845e+02 5.462299499999999171e+02
5.849399099999999407e+02 5.470138600000000224e+02
5.820513699999999062e+02 5.473048799999999119e+02
5.820511800000000449e+02 5.473048400000000129e+02
