6.160811300000000301e+02 5.162472399999999197e+02
6.127140600000000177e+02 5.161489400000000387e+02
6.096928199999999833e+02 5.154028700000000072e+02
6.070264799999999923e+02 5.140908799999999701e+02
6.047299600000000055e+02 5.122948499999999967e+02
6.028181200000000217e+02 5.100984500000000708e+02
6.013019699999999830e+02 5.075856300000000942e+02
6.001944899999999734e+02 5.048381400000000667e+02
5.995105800000000045e+02 5.019378800000000638e+02
5.992611299999999801e+02 4.989686100000000692e+02
5.994614500000000135e+02 4.960141200000000481e+02
6.001240000000000236e+02 4.931543000000000347e+02
6.012599400000000287e+02 4.904730300000000511e+02
6.028861900000000560e+02 4.880539800000000241e+02
6.050137300000000096e+02 4.859790900000000420e+02
6.076554700000000366e+02 4.843321300000000633e+02
6.108244500000000698e+02 4.831949400000000878e+02
6.139625100000000657e+02 4.823453400000000784e+02
6.169758200000001125e+02 4.821658100000000786e+02
6.198261500000000979e+02 4.825862900000000764e+02
6.224813100000001214e+02 4.835429200000000947e+02
6.249070800000001782e+02 4.849659100000001217e+02
6.270692400000001498e+02 4.867874200000001110e+02
6.289355700000000979e+02 4.889434500000000980e+02
6.304698300000001154e+02 4.913642000000000962e+02
6.324094800000001442e+02 4.967363100000001168e+02
6.327462400000001708e+02 4.995538700000001313e+02
6.326181100000001152e+02 5.023666300000001570e+02
6.319870400000000927e+02 5.051107200000001285e+02
6.308226500000000669e+02 5.077162500000001160e+02
6.290887100000001055e+02 5.101193100000000982e+02
6.267530000000001564e+02 5.122500200000001769e+02
6.243832400000001144e+02 5.139281300000001238e+02
6.217628200000001470e+02 5.151723900000001777e+02
6.189694800000002033e+02 5.159562600000001567e+02
6.160809400000001688e+02 5.162472900000000209e+02
6.160811300000000301e+02 5.162472399999999197e+02
