5.202550599999999577e+02 6.064990900000000238e+02
5.168879899999999452e+02 6.064007900000000291e+02
5.138667499999999109e+02 6.056547199999999975e+02
5.112004499999999325e+02 6.043427699999999732e+02
5.089038899999999330e+02 6.025467000000001008e+02
5.069920599999999240e+02 6.003503399999999601e+02
5.054758999999999105e+02 5.978374800000000278e+02
5.043684599999999136e+02 5.950899899999999434e+02
5.036845199999999068e+02 5.921897300000000541e+02
5.034350699999998824e+02 5.892204600000000028e+02
5.036353799999998841e+02 5.862659699999999248e+02
5.042979299999998943e+02 5.834061899999999241e+02
5.054338699999998994e+02 5.807248799999999846e+02
5.070601299999999014e+02 5.783058300000000145e+02
5.091876599999998803e+02 5.762309399999999187e+02
5.118294399999998632e+02 5.745839699999999084e+02
5.149983799999998837e+02 5.734467899999999645e+02
5.181364499999998543e+02 5.725972299999999677e+02
5.211497499999998126e+02 5.724173200000000179e+02
5.240000799999997980e+02 5.728378000000000156e+02
5.266552399999998215e+02 5.737944299999999203e+02
5.290810099999998783e+02 5.752174199999999473e+02
5.312431699999998500e+02 5.770389299999999366e+02
5.331094999999997981e+02 5.791949600000000373e+02
5.346437599999998156e+02 5.816157499999999345e+02
5.365834099999998443e+02 5.869878200000000561e+02
5.369205499999998210e+02 5.898053800000000138e+02
5.367924199999997654e+02 5.926181400000000394e+02
5.361613499999997430e+02 5.953622300000000678e+02
5.349968399999997928e+02 5.979677599999999984e+02
5.332629099999998061e+02 6.003708200000000943e+02
5.309271999999998570e+02 6.025015300000000025e+02
5.285574399999998150e+02 6.041796400000000631e+02
5.259370099999997592e+02 6.054239000000000033e+02
5.231436799999997902e+02 6.062077699999999822e+02
5.202551399999997557e+02 6.064988000000000739e+02
5.202550599999999577e+02 6.064990900000000238e+02
