5.507128400000000283e+02 5.767791500000000724e+02
5.473457700000000159e+02 5.766808499999999640e+02
5.443245299999999816e+02 5.759347700000000714e+02
5.416582200000000284e+02 5.746228200000000470e+02
5.393616700000000037e+02 5.728267499999999472e+02
5.374498300000000199e+02 5.706303900000000340e+02
5.359337100000000191e+02 5.681175299999999879e+02
5.348262399999999843e+02 5.653700400000000172e+02
5.341422900000000027e+02 5.624697899999998754e+02
5.338928399999999783e+02 5.595005099999998492e+02
5.340927799999999479e+02 5.565460199999998849e+02
5.347553299999999581e+02 5.536861999999998716e+02
5.358913099999999758e+02 5.510049299999998311e+02
5.375175199999999904e+02 5.485859199999998737e+02
5.396450599999999440e+02 5.465109899999998788e+02
5.422868299999998953e+02 5.448640299999999570e+02
5.454557799999998906e+02 5.437268399999999247e+02
5.485938799999998992e+02 5.428772799999999279e+02
5.516071499999999332e+02 5.426977499999999281e+02
5.544574799999999186e+02 5.431181899999999132e+02
5.571126699999998664e+02 5.440748199999999315e+02
5.595384499999998980e+02 5.454978199999999333e+02
5.617005699999998569e+02 5.473193199999999479e+02
5.635668999999998050e+02 5.494753499999999349e+02
5.651011599999998225e+02 5.518961399999999458e+02
5.670408099999998512e+02 5.572682099999999537e+02
5.673779499999998279e+02 5.600857699999999113e+02
5.672498199999997723e+02 5.628985299999999370e+02
5.666187499999997499e+02 5.656426199999999653e+02
5.654543199999997114e+02 5.682481499999998960e+02
5.637204199999997627e+02 5.706512199999999666e+02
5.613846399999997629e+02 5.727819199999999000e+02
5.590148299999997334e+02 5.744600000000000364e+02
5.563944099999997661e+02 5.757042899999999008e+02
5.536011199999998098e+02 5.764881699999999682e+02
5.507125399999997626e+02 5.767791899999999714e+02
5.507128400000000283e+02 5.767791500000000724e+02
