4.784109199999999760e+02 5.933170400000000200e+02
4.750438499999999635e+02 5.932187400000000252e+02
4.720226099999999860e+02 5.924726600000000190e+02
4.693562999999999761e+02 5.911606699999999819e+02
4.670597499999999513e+02 5.893646000000001095e+02
4.651479099999999676e+02 5.871682399999999689e+02
4.636317899999999668e+02 5.846554200000000492e+02
4.625243199999999888e+02 5.819079300000000785e+02
4.618404099999999630e+02 5.790076400000000376e+02
4.615909599999999386e+02 5.760383699999999862e+02
4.617908999999999651e+02 5.730839100000000599e+02
4.624534099999999626e+02 5.702240900000000465e+02
4.635893899999999803e+02 5.675428200000001198e+02
4.652156099999999697e+02 5.651237700000000359e+02
4.673431399999999485e+02 5.630488900000000285e+02
4.699849199999999314e+02 5.614019200000000183e+02
4.731538599999999519e+02 5.602647300000000996e+02
4.762919599999999605e+02 5.594151300000000901e+02
4.793052299999999377e+02 5.592356099999999515e+02
4.821555599999999231e+02 5.596560799999999745e+02
4.848107199999999466e+02 5.606127200000000812e+02
4.872365299999999593e+02 5.620357100000001083e+02
4.893986499999999751e+02 5.638572100000001228e+02
4.912649799999999800e+02 5.660132399999999961e+02
4.927992399999999975e+02 5.684339899999999943e+02
4.947388899999999694e+02 5.738061000000000149e+02
4.950760299999999461e+02 5.766236300000000483e+02
4.949478999999999473e+02 5.794364299999999730e+02
4.943168299999999249e+02 5.821804799999999886e+02
4.931523999999999432e+02 5.847860100000000330e+02
4.914184699999999566e+02 5.871890700000000152e+02
4.890827899999999318e+02 5.893198099999999613e+02
4.867129899999999338e+02 5.909978900000000976e+02
4.840925699999999097e+02 5.922421500000000378e+02
4.812992299999999091e+02 5.930260600000000295e+02
4.784106899999999314e+02 5.933170800000000327e+02
4.784109199999999760e+02 5.933170400000000200e+02
