4.151901100000000042e+02 6.527977899999999636e+02
4.118230399999999918e+02 6.526994899999999689e+02
4.088018000000000143e+02 6.519534099999999626e+02
4.061354900000000043e+02 6.506414199999999255e+02
4.038389399999999796e+02 6.488453500000000531e+02
4.019270999999999958e+02 6.466489900000000262e+02
4.004109399999999823e+02 6.441361400000000685e+02
3.993035099999999602e+02 6.413886800000000221e+02
3.986195599999999786e+02 6.384883899999999812e+02
3.983701099999999542e+02 6.355191200000000435e+02
3.985704299999999307e+02 6.325646199999999908e+02
3.992329799999999409e+02 6.297048399999999901e+02
4.003689499999999271e+02 6.270235700000000634e+02
4.019951699999999164e+02 6.246045199999999795e+02
4.041227099999999268e+02 6.225296299999999974e+02
4.067644799999999350e+02 6.208826300000000629e+02
4.099334299999999303e+02 6.197454500000000053e+02
4.130714899999999261e+02 6.188958800000000338e+02
4.160847999999999161e+02 6.187163600000000088e+02
4.189351299999999014e+02 6.191368300000000318e+02
4.215902799999998933e+02 6.200934600000000501e+02
4.240160599999998681e+02 6.215164600000000519e+02
4.261782099999998650e+02 6.233379599999999527e+02
4.280445399999998699e+02 6.254939899999999398e+02
4.295788099999998622e+02 6.279147399999999379e+02
4.315184599999998341e+02 6.332868499999999585e+02
4.318555899999998360e+02 6.361043799999999919e+02
4.317274699999998120e+02 6.389171799999999166e+02
4.310963999999997895e+02 6.416612599999999702e+02
4.299319699999998079e+02 6.442667899999999008e+02
4.281980699999998023e+02 6.466698199999999588e+02
4.258623599999997964e+02 6.488005599999999049e+02
4.234925599999997985e+02 6.504786399999999276e+02
4.208721399999997743e+02 6.517228999999999814e+02
4.180788399999997864e+02 6.525068099999999731e+02
4.151902599999997960e+02 6.527978299999999763e+02
4.151901100000000042e+02 6.527977899999999636e+02
