6.652100599999999986e+02 4.150576199999999858e+02
6.618429899999999861e+02 4.149593199999999911e+02
6.588217499999999518e+02 4.142131999999999721e+02
6.561554499999999734e+02 4.129012499999999477e+02
6.538588899999999740e+02 4.111051899999999364e+02
6.519470599999999649e+02 4.089088299999999094e+02
6.504309399999999641e+02 4.063959699999999202e+02
6.493234599999999546e+02 4.036484799999998927e+02
6.486395599999999604e+02 4.007482199999998898e+02
6.483901099999999360e+02 3.977789499999998952e+02
6.485904199999998809e+02 3.948244499999998993e+02
6.492529299999998784e+02 3.919646799999998734e+02
6.503889099999998962e+02 3.892833599999998455e+02
6.520151299999998855e+02 3.868643499999998312e+02
6.541426599999998643e+02 3.847894299999998111e+02
6.567844399999999041e+02 3.831424599999998009e+02
6.599533799999999246e+02 3.820052799999998001e+02
6.630914899999999079e+02 3.811557199999998033e+02
6.661047499999998536e+02 3.809761899999998036e+02
6.689550799999998389e+02 3.813966599999998266e+02
6.716102399999998624e+02 3.823532599999998070e+02
6.740360499999998183e+02 3.837762499999998340e+02
6.761981699999997772e+02 3.855977599999998233e+02
6.780644999999997253e+02 3.877537899999998103e+02
6.795987599999997428e+02 3.901745799999998212e+02
6.815384199999997463e+02 3.955466499999998291e+02
6.818751699999997982e+02 3.983642099999998436e+02
6.817470499999998310e+02 4.011769699999998693e+02
6.811159799999998086e+02 4.039210599999998976e+02
6.799515399999997953e+02 4.065265899999998851e+02
6.782176499999998214e+02 4.089296499999998673e+02
6.758819399999998723e+02 4.110603999999998450e+02
6.735121399999998175e+02 4.127384699999998361e+02
6.708917099999997617e+02 4.139827299999998331e+02
6.680984199999998054e+02 4.147666399999998248e+02
6.652098399999997582e+02 4.150576599999998280e+02
6.652100599999999986e+02 4.150576199999999858e+02
