5.723252199999999448e+02 5.045841899999999782e+02
5.689581499999999323e+02 5.044858899999999835e+02
5.659369099999998980e+02 5.037398099999999772e+02
5.632706099999999196e+02 5.024278199999999970e+02
5.609740499999999201e+02 5.006317500000000109e+02
5.590622199999999111e+02 4.984354000000000156e+02
5.575460599999998976e+02 4.959225400000000263e+02
5.564386199999999008e+02 4.931750900000000115e+02
5.557546799999998939e+02 4.902747899999999959e+02
5.555052299999998695e+02 4.873055200000000013e+02
5.557051699999998391e+02 4.843510200000000054e+02
5.563677199999998493e+02 4.814912400000000048e+02
5.575036899999998923e+02 4.788099300000000085e+02
5.591299099999998816e+02 4.763909199999999942e+02
5.612574399999998604e+02 4.743160399999999868e+02
5.638992199999999002e+02 4.726690299999999638e+02
5.670681599999999207e+02 4.715318499999999631e+02
5.702062299999998913e+02 4.706822899999999663e+02
5.732195299999998497e+02 4.705027599999999666e+02
5.760698599999998351e+02 4.709231899999999769e+02
5.787250199999998586e+02 4.718798699999999826e+02
5.811507999999998901e+02 4.733028600000000097e+02
5.833129499999998870e+02 4.751243600000000242e+02
5.851792799999998351e+02 4.772804000000000428e+02
5.867135399999998526e+02 4.797011500000000410e+02
5.886531999999998561e+02 4.850732200000000489e+02
5.889903299999998580e+02 4.878907800000000634e+02
5.888621999999998025e+02 4.907035400000000891e+02
5.882311699999997927e+02 4.934476300000001174e+02
5.870667399999997542e+02 4.960531600000001049e+02
5.853328099999997676e+02 4.984562200000000871e+02
5.829971299999997427e+02 5.005869700000000648e+02
5.806273299999996880e+02 5.022650400000000559e+02
5.780069099999997206e+02 5.035093000000000529e+02
5.752135699999997769e+02 5.042932100000000446e+02
5.723250299999997424e+02 5.045842300000000478e+02
5.723252199999999448e+02 5.045841899999999782e+02
