5.409795900000000302e+02 5.353601800000000139e+02
5.376125200000000177e+02 5.352618800000000192e+02
5.345912799999999834e+02 5.345158000000000129e+02
5.319249399999999923e+02 5.332038499999999885e+02
5.296283799999999928e+02 5.314077899999999772e+02
5.277165499999999838e+02 5.292114299999999503e+02
5.262004299999999830e+02 5.266985700000000179e+02
5.250929499999999734e+02 5.239510799999999335e+02
5.244090499999999793e+02 5.210508199999999306e+02
5.241595999999999549e+02 5.180815499999998792e+02
5.243595299999999497e+02 5.151270499999999402e+02
5.250220799999999599e+02 5.122672799999999143e+02
5.261580199999999650e+02 5.095859999999998990e+02
5.277842799999999670e+02 5.071669499999998720e+02
5.299118099999999458e+02 5.050920299999998520e+02
5.325535899999999856e+02 5.034450599999998417e+02
5.357225300000000061e+02 5.023078799999998409e+02
5.388605999999999767e+02 5.014583199999998442e+02
5.418738999999999351e+02 5.012787899999998444e+02
5.447242299999999204e+02 5.016992599999998674e+02
5.473793899999999439e+02 5.026558999999998605e+02
5.498051699999999755e+02 5.040788899999998876e+02
5.519673199999999724e+02 5.059003999999998769e+02
5.538336499999999205e+02 5.080564299999998639e+02
5.553679099999999380e+02 5.104771799999998620e+02
5.573075699999999415e+02 5.158492499999998699e+02
5.576446999999999434e+02 5.186668099999999413e+02
5.575165699999998878e+02 5.214795699999999670e+02
5.568855399999998781e+02 5.242236599999998816e+02
5.557211099999998396e+02 5.268291899999999259e+02
5.539871699999998782e+02 5.292322499999997945e+02
5.516514999999998281e+02 5.313629999999998290e+02
5.492816999999997734e+02 5.330410699999997632e+02
5.466612799999998060e+02 5.342853299999998171e+02
5.438679399999998623e+02 5.350691999999997961e+02
5.409793999999998277e+02 5.353602299999997740e+02
5.409795900000000302e+02 5.353601800000000139e+02
