5.026036100000000033e+02 5.213195200000000114e+02
4.992365800000000036e+02 5.212212200000000166e+02
4.962153400000000261e+02 5.204751400000000103e+02
4.935489900000000034e+02 5.191631600000000617e+02
4.912524399999999787e+02 5.173670899999999619e+02
4.893405999999999949e+02 5.151707300000000487e+02
4.878244799999999941e+02 5.126578700000000026e+02
4.867170100000000161e+02 5.099104199999999878e+02
4.860330999999999904e+02 5.070101199999999722e+02
4.857836499999999660e+02 5.040408499999999776e+02
4.859839699999999425e+02 5.010863599999999565e+02
4.866465199999999527e+02 4.982265799999999558e+02
4.877824499999999261e+02 4.955452999999999406e+02
4.894087099999999282e+02 4.931262499999999136e+02
4.915362399999999070e+02 4.910513699999999062e+02
4.941779799999999341e+02 4.894043599999998833e+02
4.973469599999999105e+02 4.882671799999998825e+02
5.004850299999999379e+02 4.874176199999998857e+02
5.034983299999999531e+02 4.872380899999998860e+02
5.063486699999999701e+02 4.876585599999999090e+02
5.090038199999999620e+02 4.886151999999999020e+02
5.114295999999999367e+02 4.900381899999999291e+02
5.135917499999999336e+02 4.918596999999999184e+02
5.154580499999999574e+02 4.940157299999999054e+02
5.169923400000000129e+02 4.964364799999999036e+02
5.189320000000000164e+02 5.018085899999999242e+02
5.192687500000000682e+02 5.046261099999999260e+02
5.191406300000001011e+02 5.074389099999999075e+02
5.185095600000000786e+02 5.101829999999998790e+02
5.173451300000000401e+02 5.127885299999998097e+02
5.156112300000000914e+02 5.151915499999998929e+02
5.132755200000001423e+02 5.173222999999998137e+02
5.109057200000001444e+02 5.190003699999998616e+02
5.082853000000001202e+02 5.202446299999999155e+02
5.054920000000001323e+02 5.210285399999997935e+02
5.026034200000001420e+02 5.213195599999999104e+02
5.026036100000000033e+02 5.213195200000000114e+02
