5.930545499999999493e+02 4.329741200000000276e+02
5.896874899999999116e+02 4.328758200000000329e+02
5.866662399999999025e+02 4.321297400000000266e+02
5.839999399999999241e+02 4.308177600000000211e+02
5.817033799999999246e+02 4.290217200000000162e+02
5.797915499999999156e+02 4.268253300000000081e+02
5.782754299999999148e+02 4.243125100000000316e+02
5.771679499999999052e+02 4.215650200000000041e+02
5.764840499999999111e+02 4.186647600000000011e+02
5.762345999999998867e+02 4.156954499999999939e+02
5.764349099999998316e+02 4.127409900000000107e+02
5.770974299999998038e+02 4.098811800000000289e+02
5.782333999999998468e+02 4.071999000000000137e+02
5.798596199999998362e+02 4.047808600000000183e+02
5.819871499999998150e+02 4.027059700000000362e+02
5.846289299999998548e+02 4.010589700000000448e+02
5.877978699999998753e+02 3.999218200000000252e+02
5.909359799999998586e+02 3.990722200000000157e+02
5.939492399999998042e+02 3.988926900000000160e+02
5.967995699999997896e+02 3.993131600000000390e+02
5.994547699999998258e+02 4.002698000000000320e+02
6.018805399999998826e+02 4.016927900000000591e+02
6.040426599999998416e+02 4.035143000000000484e+02
6.059089899999997897e+02 4.056703300000000354e+02
6.074432499999998072e+02 4.080910800000000336e+02
6.093829099999998107e+02 4.134631900000000542e+02
6.097200399999998126e+02 4.162807100000000560e+02
6.095919099999997570e+02 4.190935100000000375e+02
6.089608499999997093e+02 4.218376000000000658e+02
6.077964099999996961e+02 4.244431300000000533e+02
6.060625199999997221e+02 4.268461500000000797e+02
6.037268099999997730e+02 4.289769000000000574e+02
6.013569999999997435e+02 4.306549700000000485e+02
5.987365799999997762e+02 4.318992300000000455e+02
5.959432799999997314e+02 4.326831400000000372e+02
5.930546999999996842e+02 4.329741700000000151e+02
5.930545499999999493e+02 4.329741200000000276e+02
