3.225672099999999887e+02 7.410899899999999434e+02
3.192001399999999762e+02 7.409916900000000624e+02
3.161789399999999546e+02 7.402456099999999424e+02
3.135125999999999635e+02 7.389336200000000190e+02
3.112160399999999640e+02 7.371375900000000456e+02
3.093042099999999550e+02 7.349411900000000060e+02
3.077880899999999542e+02 7.324283699999999726e+02
3.066806099999999446e+02 7.296808899999999767e+02
3.059966999999999189e+02 7.267806000000000495e+02
3.057472599999999261e+02 7.238113299999999981e+02
3.059471899999999209e+02 7.208568699999999581e+02
3.066097099999998932e+02 7.179970499999999447e+02
3.077456799999998793e+02 7.153157799999999042e+02
3.093719399999998814e+02 7.128967299999999341e+02
3.114994699999998602e+02 7.108218499999999267e+02
3.141412099999998873e+02 7.091748799999999164e+02
3.173101899999998636e+02 7.080376999999999725e+02
3.204482599999998911e+02 7.071880999999999631e+02
3.234615199999998936e+02 7.070085699999999633e+02
3.263118499999998789e+02 7.074290399999999863e+02
3.289670499999998583e+02 7.083856799999998657e+02
3.313928199999998583e+02 7.098086699999998928e+02
3.335549399999998741e+02 7.116301799999998821e+02
3.354212699999998790e+02 7.137862099999998691e+02
3.369555699999998524e+02 7.162069599999998673e+02
3.388951899999998432e+02 7.215790599999999131e+02
3.392323199999998451e+02 7.243966299999998455e+02
3.391041999999998211e+02 7.272093899999998712e+02
3.384731299999997987e+02 7.299534599999998363e+02
3.373086899999997854e+02 7.325589999999998554e+02
3.355747999999998115e+02 7.349620599999998376e+02
3.332390899999998055e+02 7.370927699999998595e+02
3.308693199999997887e+02 7.387708799999998064e+02
3.282488599999998087e+02 7.400151299999998855e+02
3.254555599999998208e+02 7.407990099999998392e+02
3.225669899999998051e+02 7.410900299999998424e+02
3.225672099999999887e+02 7.410899899999999434e+02
