6.261005800000000363e+02 4.040138600000000224e+02
6.227335100000000239e+02 4.039155600000000277e+02
6.197122699999999895e+02 4.031694800000000214e+02
6.170459299999999985e+02 4.018574900000000412e+02
6.147494100000000117e+02 4.000614300000000298e+02
6.128375399999999900e+02 3.978650700000000029e+02
6.113214199999999892e+02 3.953522100000000137e+02
6.102139799999999923e+02 3.926047199999999862e+02
6.095300399999999854e+02 3.897044599999999832e+02
6.092805899999999610e+02 3.867351899999999887e+02
6.094808999999999060e+02 3.837807300000000055e+02
6.101434499999999161e+02 3.809209200000000237e+02
6.112793899999999212e+02 3.782396400000000085e+02
6.129056499999999232e+02 3.758205600000000004e+02
6.150331799999999021e+02 3.737456700000000183e+02
6.176749599999999418e+02 3.720986700000000269e+02
6.208438999999999623e+02 3.709614800000000514e+02
6.239819699999999330e+02 3.701119200000000546e+02
6.269952699999998913e+02 3.699323900000000549e+02
6.298455999999998767e+02 3.703528600000000779e+02
6.325007599999999002e+02 3.713095000000000709e+02
6.349265399999999318e+02 3.727324900000000980e+02
6.370886899999999287e+02 3.745540000000000873e+02
6.389550199999998767e+02 3.767100300000000743e+02
6.404892799999998942e+02 3.791308200000000852e+02
6.424289399999998977e+02 3.845029200000000742e+02
6.427660699999998997e+02 3.873204500000000507e+02
6.426379399999998441e+02 3.901332100000000764e+02
6.420068799999997964e+02 3.928773000000001048e+02
6.408424799999997958e+02 3.954828300000000922e+02
6.391085499999998092e+02 3.978858900000000745e+02
6.367728299999997716e+02 4.000166400000000522e+02
6.344030699999997296e+02 4.016947100000000432e+02
6.317826499999997623e+02 4.029389700000000403e+02
6.289893099999998185e+02 4.037228800000000319e+02
6.261007699999997840e+02 4.040139000000000351e+02
6.261005800000000363e+02 4.040138600000000224e+02
