5.308188599999999724e+02 4.925195800000000190e+02
5.274517899999999599e+02 4.924212800000000243e+02
5.244305899999999383e+02 4.916751600000000053e+02
5.217642499999999472e+02 4.903632099999999809e+02
5.194676899999999478e+02 4.885671399999999949e+02
5.175558499999999640e+02 4.863707799999999679e+02
5.160397399999999379e+02 4.838579299999999535e+02
5.149322599999999284e+02 4.811104699999999639e+02
5.142483099999999467e+02 4.782101799999999798e+02
5.139988699999998971e+02 4.752409099999999853e+02
5.141987999999998920e+02 4.722864099999999894e+02
5.148613499999999021e+02 4.694266299999999887e+02
5.159973299999999199e+02 4.667453600000000051e+02
5.176235499999999092e+02 4.643263099999999781e+02
5.197510799999998881e+02 4.622514299999999707e+02
5.223928599999999278e+02 4.606044199999999478e+02
5.255617999999999483e+02 4.594672399999999470e+02
5.286999099999999316e+02 4.586176699999999187e+02
5.317131699999998773e+02 4.584381499999998937e+02
5.345634999999998627e+02 4.588586199999999167e+02
5.372186999999998989e+02 4.598152599999999097e+02
5.396444699999999557e+02 4.612382499999999368e+02
5.418065899999999147e+02 4.630597499999999513e+02
5.436729199999998627e+02 4.652157799999999384e+02
5.452072199999998929e+02 4.676365299999999365e+02
5.471468299999999090e+02 4.730085999999999444e+02
5.474839699999998857e+02 4.758261699999999337e+02
5.473558399999998301e+02 4.786389299999999594e+02
5.467247699999998076e+02 4.813830199999999877e+02
5.455603399999997691e+02 4.839885499999999752e+02
5.438264399999998204e+02 4.863916099999999574e+02
5.414907299999998713e+02 4.885223599999999351e+02
5.391209299999998166e+02 4.902004299999999262e+02
5.365005099999998492e+02 4.914446899999999232e+02
5.337072099999998045e+02 4.922285999999999149e+02
5.308186299999997573e+02 4.925196199999999180e+02
5.308188599999999724e+02 4.925195800000000190e+02
