9.540367999999999711e+02 4.858286499999999819e+02
9.538879299999999830e+02 4.891938799999999787e+02
9.530965400000000045e+02 4.922035199999999691e+02
9.517446800000000167e+02 4.948498399999999720e+02
9.499143300000000636e+02 4.971191899999999464e+02
9.476894800000001169e+02 4.989977999999999270e+02
9.451541400000000976e+02 5.004760199999999486e+02
9.423903400000001511e+02 5.015420899999999733e+02
9.394801200000001700e+02 5.021823999999999728e+02
9.365074400000002015e+02 5.023870099999999752e+02
9.335563100000001668e+02 5.021424700000000030e+02
9.307067900000001828e+02 5.014370200000000182e+02
9.280428500000001577e+02 5.002609100000000240e+02
9.256485300000001644e+02 4.985985600000000204e+02
9.236058200000001079e+02 4.964400899999999979e+02
9.219987200000001621e+02 4.937738600000000133e+02
9.209092600000001312e+02 4.905882100000000037e+02
9.201068900000001349e+02 4.874377200000000130e+02
9.199723800000001575e+02 4.844220599999999877e+02
9.204356200000001991e+02 4.815783900000000131e+02
9.214320300000001680e+02 4.789378800000000069e+02
9.228912800000001653e+02 4.765337299999999914e+02
9.247450800000001436e+02 4.743992000000000075e+02
9.269288800000001629e+02 4.725654700000000048e+02
9.293724400000002106e+02 4.710677200000000084e+02
9.347730300000001762e+02 4.692089799999999968e+02
9.375953500000001668e+02 4.689144000000000005e+02
9.404058800000001384e+02 4.690845800000000168e+02
9.431401600000001508e+02 4.697568300000000363e+02
9.457279200000001538e+02 4.709602400000000557e+02
9.481046700000001692e+02 4.727300600000000372e+02
9.502000500000001466e+02 4.750975100000000566e+02
9.518423500000001241e+02 4.774922000000000821e+02
9.530471500000001015e+02 4.801310500000000729e+02
9.537889900000001262e+02 4.829358300000000668e+02
9.540365700000000970e+02 4.858284300000000826e+02
9.540367999999999711e+02 4.858286499999999819e+02
