7.342622599999999693e+02 6.880130100000000084e+02
7.341213000000000193e+02 6.913785599999999931e+02
7.333369900000000143e+02 6.943900700000000370e+02
7.319913300000000618e+02 6.970395700000000261e+02
7.301663300000000163e+02 6.993131700000000137e+02
7.279458799999999883e+02 7.011970199999999522e+02
7.254140499999999747e+02 7.026811699999999519e+02
7.226527399999999943e+02 7.037537499999999682e+02
7.197440100000000029e+02 7.044008299999999281e+02
7.167718200000000479e+02 7.046126299999999674e+02
7.138201300000000629e+02 7.043752700000000004e+02
7.109689400000000887e+02 7.036765299999999570e+02
7.083022800000001098e+02 7.025067099999999982e+02
7.059040400000001227e+02 7.008499199999999973e+02
7.038562800000000834e+02 6.986962700000000268e+02
7.022429200000001401e+02 6.960338699999999790e+02
7.011459900000000971e+02 6.928507299999999987e+02
7.003362300000001142e+02 6.897021399999999858e+02
7.001949000000000751e+02 6.866868399999999610e+02
7.006514600000000428e+02 6.838420699999999215e+02
7.016416800000000649e+02 6.811992199999999684e+02
7.030953000000000657e+02 6.787916599999999789e+02
7.049440600000000359e+02 6.766527699999999186e+02
7.071235700000000861e+02 6.748139599999999518e+02
7.095636100000000397e+02 6.733104599999999209e+02
7.149598300000000108e+02 6.714390799999999899e+02
7.177813999999999623e+02 6.711376800000000458e+02
7.205923500000000104e+02 6.713014399999999569e+02
7.233282199999999875e+02 6.719671899999999596e+02
7.259187799999999697e+02 6.731645599999999376e+02
7.282996299999999792e+02 6.749288099999999986e+02
7.304006100000000288e+02 6.772913300000000163e+02
7.320485200000000532e+02 6.796821700000000419e+02
7.332594700000000785e+02 6.823181600000000344e+02
7.340079100000000381e+02 6.851212000000000444e+02
7.342623100000000704e+02 6.880131900000000087e+02
7.342622599999999693e+02 6.880130100000000084e+02
