9.252098799999999983e+02 4.534410500000000184e+02
9.250610100000000102e+02 4.568062400000000025e+02
9.242696300000000065e+02 4.598159200000000055e+02
9.229177499999999554e+02 4.624622400000000084e+02
9.210874099999999771e+02 4.647315800000000081e+02
9.188625700000000052e+02 4.666102000000000203e+02
9.163272200000000112e+02 4.680884100000000103e+02
9.135634300000000394e+02 4.691544800000000350e+02
9.106532000000000835e+02 4.697947500000000218e+02
9.076805300000000898e+02 4.699993699999999990e+02
9.047293900000000804e+02 4.697548300000000268e+02
9.018798300000000836e+02 4.690494200000000546e+02
8.992159300000000712e+02 4.678733100000000604e+02
8.968216200000000526e+02 4.662109100000000694e+02
8.947788700000000972e+02 4.640524800000000596e+02
8.931717600000000630e+02 4.613862600000000498e+02
8.920823400000000447e+02 4.582005800000000590e+02
8.912799800000000232e+02 4.550501200000000495e+02
8.911454600000000710e+02 4.520344500000000494e+02
8.916086600000000999e+02 4.491907500000000368e+02
8.926050700000000688e+02 4.465502400000000307e+02
8.940643600000000788e+02 4.441461300000000278e+02
8.959181300000001329e+02 4.420116000000000440e+02
8.981019200000001774e+02 4.401778700000000413e+02
9.005454800000002251e+02 4.386801200000000449e+02
9.059461100000002034e+02 4.368213800000000333e+02
9.087683900000001813e+02 4.365267900000000054e+02
9.115789200000001529e+02 4.366969799999999964e+02
9.143132300000002033e+02 4.373691799999999716e+02
9.169009700000002567e+02 4.385726399999999785e+02
9.192777100000002974e+02 4.403424200000000042e+02
9.213731300000002875e+02 4.427098599999999919e+02
9.230154000000003407e+02 4.451046000000000049e+02
9.242201900000003434e+02 4.477434200000000146e+02
9.249620300000003681e+02 4.505482000000000085e+02
9.252096200000003137e+02 4.534408300000000054e+02
9.252098799999999983e+02 4.534410500000000184e+02
