7.374351799999999457e+02 3.032842000000000553e+02
7.372942099999999073e+02 3.066497600000000148e+02
7.365098999999999023e+02 3.096612999999999829e+02
7.351642699999998740e+02 3.123107699999999340e+02
7.333392499999998790e+02 3.145843699999999217e+02
7.311188399999998637e+02 3.164682199999999739e+02
7.285869599999998627e+02 3.179524199999999610e+02
7.258256599999998571e+02 3.190249499999999898e+02
7.229169599999999036e+02 3.196720799999999372e+02
7.199447299999999359e+02 3.198838799999999765e+02
7.169930499999999256e+02 3.196461299999999710e+02
7.141418899999998757e+02 3.189473899999999276e+02
7.114751899999998841e+02 3.177775699999999688e+02
7.090769899999999097e+02 3.161207799999999679e+02
7.070291999999999462e+02 3.139671299999999974e+02
7.054158400000000029e+02 3.113046900000000505e+02
7.043189099999999598e+02 3.081215799999999945e+02
7.035091499999999769e+02 3.049730100000000448e+02
7.033678199999999379e+02 3.019576600000000326e+02
7.038243799999999055e+02 2.991128899999999931e+02
7.048145999999999276e+02 2.964700799999999390e+02
7.062682099999999537e+02 2.940625299999999243e+02
7.081169799999998986e+02 2.919236299999998892e+02
7.102964899999999489e+02 2.900847799999999097e+02
7.127365299999999024e+02 2.885813199999998915e+02
7.181327499999998736e+02 2.867098999999999478e+02
7.209543499999998630e+02 2.864088799999999537e+02
7.237652599999998984e+02 2.865726399999999785e+02
7.265011299999998755e+02 2.872383999999999560e+02
7.290916999999998325e+02 2.884357599999999593e+02
7.314725499999998419e+02 2.902000099999999065e+02
7.335735699999997905e+02 2.925624899999999116e+02
7.352214699999998402e+02 2.949533699999999499e+02
7.364324199999998655e+02 2.975893599999999424e+02
7.371808299999999008e+02 3.003923999999999523e+02
7.374352199999998447e+02 3.032844000000000051e+02
7.374351799999999457e+02 3.032842000000000553e+02
