7.226516500000000178e+02 3.447326500000000351e+02
7.225106900000000678e+02 3.480981699999999819e+02
7.217263800000000629e+02 3.511097099999999500e+02
7.203807100000000219e+02 3.537592099999999391e+02
7.185556800000000521e+02 3.560328199999999583e+02
7.163352700000000368e+02 3.579166599999999789e+02
7.138034000000000106e+02 3.594008099999999786e+02
7.110420900000000302e+02 3.604733799999999633e+02
7.081334000000000515e+02 3.611204799999999864e+02
7.051612000000000080e+02 3.613322699999999941e+02
7.022095199999999977e+02 3.610945399999999950e+02
6.993583399999999983e+02 3.603958000000000084e+02
6.966916700000000446e+02 3.592259700000000180e+02
6.942934300000000576e+02 3.575691899999999919e+02
6.922456700000000183e+02 3.554155299999999897e+02
6.906322800000000370e+02 3.527531199999999671e+02
6.895353499999999940e+02 3.495699899999999616e+02
6.887256200000000490e+02 3.464213999999999487e+02
6.885843000000000984e+02 3.434061099999998987e+02
6.890408600000000661e+02 3.405612999999998465e+02
6.900310700000001134e+02 3.379184699999998429e+02
6.914846900000001142e+02 3.355109299999998029e+02
6.933334500000000844e+02 3.333720299999997678e+02
6.955129600000001346e+02 3.315332199999998011e+02
6.979529600000001892e+02 3.300297199999997702e+02
7.033492200000001731e+02 3.281583399999997255e+02
7.061707900000001246e+02 3.278569399999997813e+02
7.089817000000001599e+02 3.280207099999997808e+02
7.117175700000001370e+02 3.286864199999997709e+02
7.143081300000001193e+02 3.298838199999997869e+02
7.166890300000001162e+02 3.316480299999998351e+02
7.187900000000000773e+02 3.340105599999998276e+02
7.204379100000001017e+02 3.364013999999998532e+02
7.216488600000001270e+02 3.390373799999998710e+02
7.223973000000000866e+02 3.418404299999998557e+02
7.226517000000001190e+02 3.447324599999998327e+02
7.226516500000000178e+02 3.447326500000000351e+02
