9.832007999999999583e+02 5.170005400000000009e+02
9.830519399999999450e+02 5.203657200000000103e+02
9.822605399999999918e+02 5.233754400000000260e+02
9.809086700000000292e+02 5.260217300000000478e+02
9.790782900000000382e+02 5.282910699999999906e+02
9.768534799999999905e+02 5.301696900000000596e+02
9.743181399999999712e+02 5.316478900000000749e+02
9.715543499999999995e+02 5.327139700000000175e+02
9.686441099999999551e+02 5.333542800000000170e+02
9.656714399999999614e+02 5.335588900000000194e+02
9.627202599999999393e+02 5.333143600000000788e+02
9.598707399999999552e+02 5.326089100000001508e+02
9.572068399999999428e+02 5.314328400000001693e+02
9.548124899999999116e+02 5.297704300000000330e+02
9.527698199999998678e+02 5.276119600000000673e+02
9.511626799999999093e+02 5.249457500000000891e+02
9.500732299999998531e+02 5.217601000000000795e+02
9.492708999999998696e+02 5.186096100000000888e+02
9.491363799999999173e+02 5.155939400000000887e+02
9.495996099999998705e+02 5.127502700000001141e+02
9.505959999999998900e+02 5.101097600000001080e+02
9.520552799999999252e+02 5.077056100000000924e+02
9.539090499999999793e+02 5.055710900000000834e+02
9.560928799999999228e+02 5.037373500000001059e+02
9.585363899999998694e+02 5.022396100000000843e+02
9.639370299999998224e+02 5.003808700000000727e+02
9.667592999999998256e+02 5.000862800000000448e+02
9.695698299999997971e+02 5.002564700000000357e+02
9.723041499999998223e+02 5.009286600000000362e+02
9.748918799999997873e+02 5.021320800000000304e+02
9.772686199999998280e+02 5.039019100000000435e+02
9.793640599999998813e+02 5.062693600000000629e+02
9.810063499999998839e+02 5.086640500000000884e+02
9.822110999999998739e+02 5.113029000000000792e+02
9.829529599999998482e+02 5.141076800000000731e+02
9.832005399999998190e+02 5.170002700000000004e+02
9.832007999999999583e+02 5.170005400000000009e+02
