8.366633600000000115e+02 8.564607959999999593e+02
8.365223899999999730e+02 8.598263498999999683e+02
8.357380899999999428e+02 8.628378519999999980e+02
8.343924099999999271e+02 8.654873606999999538e+02
8.325673799999999574e+02 8.677609641000000238e+02
8.303469699999999420e+02 8.696448155000000497e+02
8.278150999999999158e+02 8.711289676000000100e+02
8.250538299999999481e+02 8.722015292999999474e+02
8.221450999999999567e+02 8.728486281000000417e+02
8.191729100000000017e+02 8.730604276000000254e+02
8.162211800000000039e+02 8.728230604000000312e+02
8.133700300000000425e+02 8.721243207999999640e+02
8.107033700000000636e+02 8.709544915000000174e+02
8.083051300000000765e+02 8.692977147999999943e+02
8.062573700000000372e+02 8.671440499999999929e+02
8.046439800000000560e+02 8.644816491000000269e+02
8.035470800000000509e+02 8.612985122000000047e+02
8.027373200000000679e+02 8.581499373000000332e+02
8.025960000000001173e+02 8.551346340000000055e+02
8.030525600000000850e+02 8.522898619999999710e+02
8.040427700000001323e+02 8.496469990000000507e+02
8.054963900000001331e+02 8.472394580000000133e+02
8.073451500000001033e+02 8.451005559999999832e+02
8.095246500000000651e+02 8.432617400000000316e+02
8.119646500000001197e+02 8.417582419999999956e+02
8.173609200000000783e+02 8.398868300000000318e+02
8.201824900000000298e+02 8.395854239999999891e+02
8.229934400000000778e+02 8.397491909999999962e+02
8.257293000000000802e+02 8.404149869999999964e+02
8.283198700000000372e+02 8.416123440000000073e+02
8.307007300000000214e+02 8.433765590000000429e+02
8.328016999999999825e+02 8.457390850000000455e+02
8.344496100000000069e+02 8.481299619999999777e+02
8.356605600000000322e+02 8.507659400000000005e+02
8.364090100000000803e+02 8.535689509999999700e+02
8.366634000000000242e+02 8.564609870000000456e+02
8.366633600000000115e+02 8.564607959999999593e+02
