5.125571599999999535e+02 5.071289400000000001e+02
5.124164899999999534e+02 5.104945000000000164e+02
5.116321599999999421e+02 5.135060000000000855e+02
5.102864799999999263e+02 5.161555100000000493e+02
5.084614199999999187e+02 5.184291100000000370e+02
5.062410599999998908e+02 5.203129599999999755e+02
5.037092499999998836e+02 5.217971199999999499e+02
5.009479399999999032e+02 5.228696800000000167e+02
4.980391999999998802e+02 5.235167800000000398e+02
4.950669799999998872e+02 5.237285799999999654e+02
4.921153599999998960e+02 5.234908299999999599e+02
4.892640799999999217e+02 5.227920900000000302e+02
4.865974899999999366e+02 5.216222600000000966e+02
4.841992999999999370e+02 5.199654800000000705e+02
4.821514299999999480e+02 5.178118200000000115e+02
4.805381399999999417e+02 5.151494299999999384e+02
4.794411899999999491e+02 5.119662799999999834e+02
4.786314299999999662e+02 5.088177099999999768e+02
4.784900299999999902e+02 5.058023999999999774e+02
4.789466199999999958e+02 5.029576299999999947e+02
4.799368900000000053e+02 5.003147799999999847e+02
4.813904200000000060e+02 4.979072299999999700e+02
4.832392800000000079e+02 4.957683699999999476e+02
4.854187600000000202e+02 4.939295099999999366e+02
4.878588100000000054e+02 4.924260099999999625e+02
4.932549599999999828e+02 4.905546399999999494e+02
4.960765999999999849e+02 4.902536099999999237e+02
4.988875499999999761e+02 4.904173799999999233e+02
5.016234299999999848e+02 4.910831799999999134e+02
5.042139599999999859e+02 4.922805299999998851e+02
5.065947999999999638e+02 4.940447499999999081e+02
5.086958199999999692e+02 4.964072699999999259e+02
5.103437599999999748e+02 4.987981499999999073e+02
5.115546499999999810e+02 5.014341299999999251e+02
5.123030800000000227e+02 5.042371399999998971e+02
5.125574500000000171e+02 5.071291799999999057e+02
5.125571599999999535e+02 5.071289400000000001e+02
