8.229731399999999439e+02 4.007824400000000082e+02
8.228321699999999055e+02 4.041480000000000246e+02
8.220478599999999005e+02 4.071595400000000495e+02
8.207021999999999480e+02 4.098090400000000386e+02
8.188771699999999782e+02 4.120826100000000451e+02
8.166567499999999882e+02 4.139665000000000532e+02
8.141248799999999619e+02 4.154506500000000528e+02
8.113635799999999563e+02 4.165232200000000375e+02
8.084548800000000028e+02 4.171703200000000606e+02
8.054826900000000478e+02 4.173821200000000431e+02
8.025309700000000248e+02 4.171447500000000446e+02
7.996798200000000634e+02 4.164460100000000580e+02
7.970131200000000717e+02 4.152761800000000676e+02
7.946149000000000342e+02 4.136194000000000415e+02
7.925671100000000706e+02 4.114657400000000393e+02
7.909537500000001273e+02 4.088033400000000483e+02
7.898568300000001727e+02 4.056202000000000680e+02
7.890471000000002277e+02 4.024716200000000867e+02
7.889057800000002771e+02 3.994563100000000873e+02
7.893623100000003205e+02 3.966115800000000604e+02
7.903525500000002921e+02 3.939687300000000505e+02
7.918061700000002929e+02 3.915611800000000358e+02
7.936549300000002631e+02 3.894222800000000575e+02
7.958344400000003134e+02 3.875834300000000781e+02
7.982744400000003679e+02 3.860799700000000598e+02
8.036706600000003391e+02 3.842085500000000593e+02
8.064922700000003033e+02 3.839071500000000583e+02
8.093031800000003386e+02 3.840709100000000831e+02
8.120390500000003158e+02 3.847367100000000733e+02
8.146296100000002980e+02 3.859340300000000639e+02
8.170105100000002949e+02 3.876982800000000680e+02
8.191114800000002560e+02 3.900608000000000857e+02
8.207593900000002805e+02 3.924516500000000860e+02
8.219703400000003057e+02 3.950876300000001038e+02
8.227187800000002653e+02 3.978906400000000758e+02
8.229731700000002093e+02 4.007826400000000717e+02
8.229731399999999439e+02 4.007824400000000082e+02
