8.477254299999999603e+02 8.135064800000000105e+02
8.475844700000000103e+02 8.168720240000000103e+02
8.468001600000000053e+02 8.198835360000000492e+02
8.454544799999999896e+02 8.225330340000000433e+02
8.436294500000000198e+02 8.248066479999999956e+02
8.414090400000000045e+02 8.266904889999999568e+02
8.388772099999999909e+02 8.281746419999999489e+02
8.361159000000000106e+02 8.292472129999999879e+02
8.332071799999999939e+02 8.298943020000000388e+02
8.302349699999999757e+02 8.301061009999999669e+02
8.272832899999999654e+02 8.298687449999999899e+02
8.244320999999999913e+02 8.291700339999999869e+02
8.217654400000000123e+02 8.280001750000000129e+02
8.193672000000000253e+02 8.263434280000000172e+02
8.173194399999999860e+02 8.241897729999999456e+02
8.157060900000000174e+02 8.215273329999999987e+02
8.146091499999999996e+02 8.183442260000000488e+02
8.137993900000000167e+02 8.151956109999999853e+02
8.136580700000000661e+02 8.121803069999999707e+02
8.141146300000000338e+02 8.093355350000000499e+02
8.151048299999999927e+02 8.066926819999999907e+02
8.165584599999999682e+02 8.042851709999999912e+02
8.184072199999999384e+02 8.021462790000000496e+02
8.205867299999999886e+02 8.003074229999999716e+02
8.230267300000000432e+02 7.988039250000000493e+02
8.284229900000000271e+02 7.969325430000000097e+02
8.312445500000000038e+02 7.966311470000000554e+02
8.340555000000000518e+02 7.967949049999999716e+02
8.367913700000000290e+02 7.974607009999999718e+02
8.393819399999999860e+02 7.986580280000000585e+02
8.417627999999999702e+02 8.004222730000000183e+02
8.438637699999999313e+02 8.027847990000000209e+02
8.455116799999999557e+02 8.051756450000000314e+02
8.467226200000000063e+02 8.078116230000000542e+02
8.474710800000000290e+02 8.106146640000000616e+02
8.477254699999999730e+02 8.135066699999999855e+02
8.477254299999999603e+02 8.135064800000000105e+02
