8.672564700000000357e+02 3.868094899999999825e+02
8.671076100000000224e+02 3.901747100000000046e+02
8.663162200000000439e+02 3.931843900000000076e+02
8.649643500000000813e+02 3.958306699999999978e+02
8.631340000000001282e+02 3.980999800000000164e+02
8.609091900000000805e+02 3.999786400000000413e+02
8.583738400000000865e+02 4.014568400000000565e+02
8.556100500000001148e+02 4.025229100000000813e+02
8.526998100000000704e+02 4.031631900000000996e+02
8.497271400000000767e+02 4.033677900000001273e+02
8.467760000000000673e+02 4.031232600000001298e+02
8.439264800000000832e+02 4.024178500000001577e+02
8.412625400000000582e+02 4.012417500000001382e+02
8.388682300000000396e+02 3.995793400000001157e+02
8.368255199999999832e+02 3.974208700000000931e+02
8.352184200000000374e+02 3.947547000000000708e+02
8.341289199999999937e+02 3.915690500000000611e+02
8.333265999999999849e+02 3.884185600000000704e+02
8.331920699999999442e+02 3.854029300000000831e+02
8.336553199999999606e+02 3.825592200000000958e+02
8.346516899999999168e+02 3.799187100000000896e+02
8.361109799999999268e+02 3.775146000000000868e+02
8.379647499999999809e+02 3.753800700000001029e+02
8.401485799999999244e+02 3.735463400000001002e+02
8.425920999999999594e+02 3.720485800000000722e+02
8.479927299999999377e+02 3.701898500000000922e+02
8.508150099999999156e+02 3.698952600000000643e+02
8.536255399999998872e+02 3.700654600000000869e+02
8.563598499999999376e+02 3.707376500000000874e+02
8.589475799999999026e+02 3.719411000000000627e+02
8.613243199999999433e+02 3.737108900000000631e+02
8.634197299999999586e+02 3.760783300000000509e+02
8.650620399999999108e+02 3.784730700000000638e+02
8.662667799999999261e+02 3.811118900000000735e+02
8.670086399999999003e+02 3.839166700000000674e+02
8.672562199999998711e+02 3.868092600000000516e+02
8.672564700000000357e+02 3.868094899999999825e+02
