7.936515200000000050e+02 3.668750999999999749e+02
7.935105600000000550e+02 3.702406499999999596e+02
7.927262500000000500e+02 3.732521599999999466e+02
7.913805700000000343e+02 3.759016699999999673e+02
7.895555400000000645e+02 3.781752699999999550e+02
7.873351300000000492e+02 3.800591199999999503e+02
7.848032600000000230e+02 3.815432699999999500e+02
7.820419900000000553e+02 3.826158299999999599e+02
7.791332700000000386e+02 3.832629299999999830e+02
7.761610699999999952e+02 3.834747299999999655e+02
7.732093499999999722e+02 3.832369799999999600e+02
7.703582000000000107e+02 3.825382899999999609e+02
7.676915400000000318e+02 3.813684199999999578e+02
7.652932900000000700e+02 3.797116399999999317e+02
7.632455300000000307e+02 3.775579699999999548e+02
7.616321400000000494e+02 3.748955799999999385e+02
7.605352500000000191e+02 3.717124399999999582e+02
7.597254900000000362e+02 3.685638599999999769e+02
7.595841599999999971e+02 3.655485599999999522e+02
7.600407300000000532e+02 3.627037899999999695e+02
7.610309300000000121e+02 3.600609299999999848e+02
7.624845500000000129e+02 3.576533799999999701e+02
7.643332699999999704e+02 3.555145199999999477e+02
7.665127800000000207e+02 3.536756599999999366e+02
7.689528199999999742e+02 3.521721699999999373e+02
7.743490399999999454e+02 3.503007899999998926e+02
7.771706399999999348e+02 3.499997699999998986e+02
7.799815599999999449e+02 3.501635299999999233e+02
7.827174299999999221e+02 3.508293299999999135e+02
7.853079899999999043e+02 3.520266899999999168e+02
7.876888899999999012e+02 3.537908999999999082e+02
7.897898599999998623e+02 3.561534299999999007e+02
7.914377599999999120e+02 3.585443099999998822e+02
7.926487099999999373e+02 3.611802799999998683e+02
7.933971599999999853e+02 3.639832899999998403e+02
7.936515600000000177e+02 3.668753299999998490e+02
7.936515200000000050e+02 3.668750999999999749e+02
