7.904927999999999884e+02 7.495486100000000533e+02
7.903518400000000383e+02 7.529141600000000381e+02
7.895675300000000334e+02 7.559256699999999682e+02
7.882218500000000176e+02 7.585751699999999573e+02
7.863968600000000606e+02 7.608487800000000334e+02
7.841764200000000073e+02 7.627326299999999719e+02
7.816445899999999938e+02 7.642167799999999716e+02
7.788832800000000134e+02 7.652893400000000383e+02
7.759745500000000220e+02 7.659364399999999478e+02
7.730023899999999912e+02 7.661482399999999870e+02
7.700506599999999935e+02 7.659108800000000201e+02
7.671994799999999941e+02 7.652121799999999894e+02
7.645328100000000404e+02 7.640423100000000431e+02
7.621345700000000534e+02 7.623855300000000170e+02
7.600868200000001025e+02 7.602319099999999708e+02
7.584734600000001592e+02 7.575694599999999355e+02
7.573765300000001162e+02 7.543863699999999426e+02
7.565667700000001332e+02 7.512377500000000055e+02
7.564254400000000942e+02 7.482224499999999807e+02
7.568820000000000618e+02 7.453776799999999412e+02
7.578722100000001092e+02 7.427348200000000134e+02
7.593258300000001100e+02 7.403272799999999734e+02
7.611746000000000549e+02 7.381884199999999510e+02
7.633541100000001052e+02 7.363495599999999968e+02
7.657941100000001597e+02 7.348460700000000543e+02
7.711903600000001688e+02 7.329746900000000096e+02
7.740119300000001203e+02 7.326732899999999518e+02
7.768228800000001684e+02 7.328370600000000650e+02
7.795587600000001203e+02 7.335028099999999540e+02
7.821493200000001025e+02 7.347001700000000710e+02
7.845301700000001119e+02 7.364643800000000056e+02
7.866311500000001615e+02 7.388269099999999980e+02
7.882790500000002112e+02 7.412177900000000363e+02
7.894900000000002365e+02 7.438537700000000541e+02
7.902384500000002845e+02 7.466567700000000514e+02
7.904928400000002284e+02 7.495488000000000284e+02
7.904927999999999884e+02 7.495486100000000533e+02
