8.804087899999999536e+02 8.472405850000000100e+02
8.802678300000000036e+02 8.506061789999999974e+02
8.794834899999999607e+02 8.536176799999999503e+02
8.781378499999999576e+02 8.562671490000000176e+02
8.763128199999999879e+02 8.585407929000000422e+02
8.740924099999999726e+02 8.604246439999999438e+02
8.715605399999999463e+02 8.619087960000000521e+02
8.687992299999999659e+02 8.629813272999999754e+02
8.658905399999999872e+02 8.636284564999999702e+02
8.629183399999999438e+02 8.638402559999999539e+02
8.599666299999998955e+02 8.636025090000000546e+02
8.571154399999999214e+02 8.629037687999999662e+02
8.544487799999999424e+02 8.617339395000000195e+02
8.520505499999999302e+02 8.600771631000000070e+02
8.500027899999998908e+02 8.579235089999999673e+02
8.483894299999999475e+02 8.552610680000000229e+02
8.472925099999999929e+02 8.520779609999999593e+02
8.464827800000000479e+02 8.489293860000000222e+02
8.463414600000000974e+02 8.459140830000000051e+02
8.467979800000000523e+02 8.430693099999999731e+02
8.477881900000000996e+02 8.404264570000000276e+02
8.492418500000001131e+02 8.380189060000000154e+02
8.510905700000000706e+02 8.358800139999999601e+02
8.532700800000001209e+02 8.340411880000000338e+02
8.557101000000001250e+02 8.325376899999999978e+02
8.611063200000000961e+02 8.306662780000000339e+02
8.639279200000000856e+02 8.303652529999999388e+02
8.667388400000000956e+02 8.305290189999999484e+02
8.694747100000000728e+02 8.311948149999999487e+02
8.720652700000000550e+02 8.323921719999999596e+02
8.744461600000000772e+02 8.341563879999999926e+02
8.765471400000001267e+02 8.365189139999999952e+02
8.781950400000001764e+02 8.389097900000000436e+02
8.794059900000002017e+02 8.415457689999999502e+02
8.801544400000002497e+02 8.443487790000000359e+02
8.804088400000002821e+02 8.472408149999999978e+02
8.804087899999999536e+02 8.472405850000000100e+02
