1.100804599999999937e+03 6.442996900000000551e+02
1.100655700000000024e+03 6.476649199999999382e+02
1.099864299999999957e+03 6.506745899999999665e+02
1.098512500000000045e+03 6.533209200000000010e+02
1.096682099999999991e+03 6.555902200000000448e+02
1.094457300000000032e+03 6.574688699999999244e+02
1.091921900000000051e+03 6.589470900000000029e+02
1.089158200000000079e+03 6.600131599999999708e+02
1.086248000000000047e+03 6.606534299999999575e+02
1.083275200000000041e+03 6.608580399999999599e+02
1.080324100000000044e+03 6.606134999999999309e+02
1.077474600000000009e+03 6.599080599999999777e+02
1.074810699999999997e+03 6.587319499999999834e+02
1.072416300000000092e+03 6.570695499999999356e+02
1.070373600000000124e+03 6.549111100000000079e+02
1.068766500000000178e+03 6.522448999999999160e+02
1.067677000000000135e+03 6.490592099999998936e+02
1.066874700000000075e+03 6.459087599999999156e+02
1.066740200000000186e+03 6.428931299999999283e+02
1.067203400000000101e+03 6.400494199999999410e+02
1.068199800000000096e+03 6.374089099999999917e+02
1.069659100000000080e+03 6.350047600000000330e+02
1.071512900000000172e+03 6.328702399999999670e+02
1.073696700000000192e+03 6.310364999999999327e+02
1.076140200000000277e+03 6.295387599999999111e+02
1.081540800000000218e+03 6.276800200000000132e+02
1.084363100000000259e+03 6.273854400000000169e+02
1.087173700000000281e+03 6.275556199999999762e+02
1.089907900000000382e+03 6.282278199999999515e+02
1.092495600000000422e+03 6.294312699999999268e+02
1.094872400000000425e+03 6.312010900000000220e+02
1.096967900000000327e+03 6.335685399999999845e+02
1.098610200000000304e+03 6.359632399999999279e+02
1.099814900000000307e+03 6.386020499999999629e+02
1.100556700000000319e+03 6.414068299999998999e+02
1.100804400000000214e+03 6.442994599999999537e+02
1.100804599999999937e+03 6.442996900000000551e+02
