9.994787900000000036e+02 5.902214300000000549e+02
9.993378300000000536e+02 5.935869399999999132e+02
9.985535200000000486e+02 5.965984799999999950e+02
9.972078999999999951e+02 5.992479499999999462e+02
9.953828700000000254e+02 6.015216000000000349e+02
9.931624500000000353e+02 6.034054399999999987e+02
9.906305800000000090e+02 6.048895899999999983e+02
9.878692800000000034e+02 6.059621600000000399e+02
9.849605800000000499e+02 6.066092599999999493e+02
9.819883900000000949e+02 6.068210599999999886e+02
9.790366600000000972e+02 6.065836899999999332e+02
9.761855200000001105e+02 6.058849500000000035e+02
9.735188200000001189e+02 6.047151200000000699e+02
9.711205700000001571e+02 6.030583500000000186e+02
9.690728100000001177e+02 6.009046800000000985e+02
9.674594500000001744e+02 5.982422800000000507e+02
9.663625300000002198e+02 5.950591400000000704e+02
9.655527600000002622e+02 5.919105600000000322e+02
9.654114400000003116e+02 5.888952700000000959e+02
9.658680000000002792e+02 5.860504500000000689e+02
9.668582100000003265e+02 5.834076300000001538e+02
9.683118300000003273e+02 5.810000900000001138e+02
9.701605900000002976e+02 5.788611900000000787e+02
9.723401000000003478e+02 5.770223300000001245e+02
9.747801400000003014e+02 5.755188700000001063e+02
9.801763600000002725e+02 5.736474600000001374e+02
9.829979700000002367e+02 5.733460600000000795e+02
9.858088800000002720e+02 5.735098200000001043e+02
9.885447500000002492e+02 5.741756200000000945e+02
9.911353100000002314e+02 5.753729800000000978e+02
9.935162100000002283e+02 5.771372200000000703e+02
9.956171800000001895e+02 5.794997200000000248e+02
9.972650900000002139e+02 5.818905900000000884e+02
9.984760400000002392e+02 5.845265700000001061e+02
9.992244400000001860e+02 5.873296200000000908e+02
9.994788400000002184e+02 5.902216600000001563e+02
9.994787900000000036e+02 5.902214300000000549e+02
