4.853218600000000151e+02 4.745675699999999892e+02
4.851811900000000151e+02 4.779331199999999740e+02
4.843969700000000103e+02 4.809446299999999610e+02
4.830512800000000198e+02 4.835941199999999753e+02
4.812262200000000121e+02 4.858677399999999693e+02
4.790057699999999841e+02 4.877515799999999899e+02
4.764739500000000021e+02 4.892357299999999896e+02
4.737126400000000217e+02 4.903082999999999743e+02
4.708039100000000303e+02 4.909553999999999974e+02
4.678317800000000375e+02 4.911671900000000051e+02
4.648800600000000145e+02 4.909294500000000312e+02
4.620288800000000151e+02 4.902307500000000573e+02
4.593622000000000298e+02 4.890608800000000542e+02
4.569640000000000555e+02 4.874041100000000597e+02
4.549161300000000665e+02 4.852504800000000387e+02
4.533028400000000602e+02 4.825880400000000350e+02
4.522058900000000676e+02 4.794049500000000421e+02
4.513961300000000847e+02 4.762563200000000165e+02
4.512548300000000836e+02 4.732410300000000234e+02
4.517114200000000892e+02 4.703962600000000407e+02
4.527016000000000986e+02 4.677533900000000244e+02
4.541552300000000741e+02 4.653458500000000413e+02
4.560039800000000696e+02 4.632069900000000189e+02
4.581834600000000819e+02 4.613681300000000078e+02
4.606235100000000671e+02 4.598646800000000212e+02
4.660197600000000762e+02 4.579932500000000459e+02
4.688413100000000782e+02 4.576918600000000197e+02
4.716522600000000693e+02 4.578556200000000445e+02
4.743881400000000781e+02 4.585214100000000599e+02
4.769786700000000792e+02 4.597187800000000379e+02
4.793596000000000572e+02 4.614829900000000293e+02
4.814605300000000625e+02 4.638455200000000218e+02
4.831084600000000364e+02 4.662364000000000033e+02
4.843193600000000174e+02 4.688723699999999894e+02
4.850678900000000340e+02 4.716753799999999615e+02
4.853222600000000284e+02 4.745674199999999701e+02
4.853218600000000151e+02 4.745675699999999892e+02
