7.506140400000000454e+02 3.753232899999999859e+02
7.504730800000000954e+02 3.786888700000000085e+02
7.496887700000000905e+02 3.817003799999999956e+02
7.483430900000000747e+02 3.843498900000000162e+02
7.465180600000001050e+02 3.866234900000000039e+02
7.442976500000000897e+02 3.885073399999999992e+02
7.417657900000000382e+02 3.899914899999999989e+02
7.390044800000000578e+02 3.910640199999999709e+02
7.360957900000000791e+02 3.917111499999999751e+02
7.331236000000001241e+02 3.919229499999999575e+02
7.301719100000001390e+02 3.916852199999999584e+02
7.273207200000001649e+02 3.909864699999999402e+02
7.246540600000001859e+02 3.898166499999999246e+02
7.222558100000002241e+02 3.881598599999999237e+02
7.202080600000002732e+02 3.860061999999999216e+02
7.185946700000002920e+02 3.833437599999999179e+02
7.174977400000002490e+02 3.801606699999999250e+02
7.166880100000003040e+02 3.770120799999999122e+02
7.165466900000003534e+02 3.739967799999998874e+02
7.170032500000003211e+02 3.711520099999999047e+02
7.179934500000002799e+02 3.685091499999999201e+02
7.194470800000002555e+02 3.661015999999999053e+02
7.212958300000002509e+02 3.639627499999999145e+02
7.234753400000003012e+02 3.621238899999999035e+02
7.259153400000003558e+02 3.606203999999999041e+02
7.313116000000003396e+02 3.587489699999999289e+02
7.341331800000003796e+02 3.584479599999999095e+02
7.369440900000004149e+02 3.586117199999999343e+02
7.396799600000003920e+02 3.592775099999999497e+02
7.422705200000003742e+02 3.604748399999999720e+02
7.446514100000003964e+02 3.622390799999999444e+02
7.467523800000003575e+02 3.646016099999999369e+02
7.484002900000003820e+02 3.669924599999999373e+02
7.496112400000004072e+02 3.696284299999999234e+02
7.503596900000004553e+02 3.724314799999999082e+02
7.506140800000003992e+02 3.753234799999999041e+02
7.506140400000000454e+02 3.753232899999999859e+02
