8.824156900000000405e+02 4.648992400000000202e+02
8.822747200000000021e+02 4.682647900000000050e+02
8.814903900000000476e+02 4.712763300000000299e+02
8.801447500000000446e+02 4.739258000000000379e+02
8.783197200000000748e+02 4.761994100000000572e+02
8.760993100000000595e+02 4.780832600000000525e+02
8.735674300000000585e+02 4.795674500000000648e+02
8.708061700000000656e+02 4.806399800000000369e+02
8.678974500000000489e+02 4.812870700000000284e+02
8.649252400000000307e+02 4.814988700000000108e+02
8.619735299999999825e+02 4.812611200000000053e+02
8.591223800000000210e+02 4.805624200000000315e+02
8.564556800000000294e+02 4.793925600000000031e+02
8.540574700000000803e+02 4.777358199999999897e+02
8.520097200000001294e+02 4.755821599999999876e+02
8.503963200000001734e+02 4.729197199999999839e+02
8.492993900000001304e+02 4.697366099999999847e+02
8.484896600000001854e+02 4.665879999999999654e+02
8.483483400000002348e+02 4.635726999999999407e+02
8.488049000000002025e+02 4.607279199999999264e+02
8.497950800000002118e+02 4.580850699999999165e+02
8.512487300000002506e+02 4.556775599999999145e+02
8.530974600000002965e+02 4.535386699999999109e+02
8.552769700000003468e+02 4.516998099999998999e+02
8.577170000000003256e+02 4.501963399999999069e+02
8.631132600000003094e+02 4.483249299999998811e+02
8.659348200000002862e+02 4.480239099999998871e+02
8.687457300000003215e+02 4.481876699999999119e+02
8.714816000000002987e+02 4.488534699999999020e+02
8.740721700000002556e+02 4.500508199999998737e+02
8.764530700000002525e+02 4.518150399999998967e+02
8.785540400000002137e+02 4.541775699999998892e+02
8.802019400000002634e+02 4.565684399999998959e+02
8.814128900000002886e+02 4.592044199999999137e+02
8.821613400000003367e+02 4.620074299999998857e+02
8.824157400000003690e+02 4.648994699999998943e+02
8.824156900000000405e+02 4.648992400000000202e+02
