7.060334599999999909e+02 2.700959599999999909e+02
7.058925000000000409e+02 2.734615400000000136e+02
7.051081900000000360e+02 2.764730500000000575e+02
7.037625199999999950e+02 2.791225100000000339e+02
7.019374800000000505e+02 2.813961600000000089e+02
6.997170700000000352e+02 2.832799999999999727e+02
6.971852000000000089e+02 2.847641599999999471e+02
6.944239300000000412e+02 2.858366899999999760e+02
6.915152100000000246e+02 2.864838199999999233e+02
6.885430099999999811e+02 2.866956199999999626e+02
6.855912899999999581e+02 2.864582599999999957e+02
6.827401299999999083e+02 2.857595099999999775e+02
6.800734799999999041e+02 2.845896900000000187e+02
6.776752299999999423e+02 2.829329000000000178e+02
6.756274299999998902e+02 2.807792500000000473e+02
6.740140799999999217e+02 2.781168100000001004e+02
6.729171399999999039e+02 2.749337100000001328e+02
6.721074199999999337e+02 2.717851300000000947e+02
6.719660899999998946e+02 2.687698200000000952e+02
6.724226599999999507e+02 2.659250200000001314e+02
6.734128299999999854e+02 2.632821700000001783e+02
6.748664899999999989e+02 2.608747000000001890e+02
6.767152499999999691e+02 2.587357500000001664e+02
6.788947600000000193e+02 2.568969300000001112e+02
6.813347600000000739e+02 2.553934300000000803e+02
6.867310200000000577e+02 2.535220700000000988e+02
6.895525800000000345e+02 2.532210000000001173e+02
6.923635000000000446e+02 2.533847400000000789e+02
6.950993600000000470e+02 2.540505700000001070e+02
6.976899300000000039e+02 2.552478900000000976e+02
7.000708300000000008e+02 2.570121100000001206e+02
7.021717999999999620e+02 2.593746200000001636e+02
7.038197000000000116e+02 2.617655000000002019e+02
7.050306500000000369e+02 2.644014600000001565e+02
7.057791000000000849e+02 2.672045200000001159e+02
7.060335000000001173e+02 2.700965300000001434e+02
7.060334599999999909e+02 2.700959599999999909e+02
