8.076291499999999814e+02 3.251931100000000470e+02
8.074802899999999681e+02 3.285583300000000690e+02
8.066888999999999896e+02 3.315680100000000721e+02
8.053370199999999386e+02 3.342143400000001066e+02
8.035066899999999350e+02 3.364836400000001504e+02
8.012818399999999883e+02 3.383622600000001057e+02
7.987464899999999943e+02 3.398405000000001337e+02
7.959827000000000226e+02 3.409065300000000889e+02
7.930724700000000666e+02 3.415468400000000884e+02
7.900998000000000729e+02 3.417514600000000655e+02
7.871486500000000888e+02 3.415069200000000365e+02
7.842991300000001047e+02 3.408014699999999948e+02
7.816352400000000671e+02 3.396254000000000133e+02
7.792408800000000610e+02 3.379629600000000664e+02
7.771981800000000931e+02 3.358045300000001134e+02
7.755910700000000588e+02 3.331383200000001352e+02
7.745016200000000026e+02 3.299526700000001256e+02
7.736992500000000064e+02 3.268021800000001349e+02
7.735647400000000289e+02 3.237865100000001348e+02
7.740279699999999821e+02 3.209428400000001602e+02
7.750243899999999257e+02 3.183023300000002109e+02
7.764836699999999610e+02 3.158981800000002522e+02
7.783374000000000024e+02 3.137636600000003000e+02
7.805212400000000343e+02 3.119299200000002656e+02
7.829648000000000820e+02 3.104321800000002440e+02
7.883653900000000476e+02 3.085734400000002324e+02
7.911877100000000382e+02 3.082788600000002361e+02
7.939982400000000098e+02 3.084490400000001955e+02
7.967325100000000475e+02 3.091212700000002087e+02
7.993202700000000505e+02 3.103246900000002597e+02
8.016969700000000785e+02 3.120945200000002160e+02
8.037924100000001317e+02 3.144619500000002290e+02
8.054347100000001092e+02 3.168566600000002609e+02
8.066394600000000992e+02 3.194955100000003085e+02
8.073813100000000986e+02 3.223002900000003592e+02
8.076288900000000694e+02 3.251928800000004003e+02
8.076291499999999814e+02 3.251931100000000470e+02
