1.013311500000000024e+03 5.483585499999999229e+02
1.013162599999999998e+03 5.517237800000000334e+02
1.012371200000000044e+03 5.547334100000000490e+02
1.011019400000000019e+03 5.573797799999999825e+02
1.009188999999999965e+03 5.596490900000000011e+02
1.006964200000000005e+03 5.615276999999999816e+02
1.004428800000000024e+03 5.630059099999999717e+02
1.001665100000000052e+03 5.640719799999999395e+02
9.987548400000000584e+02 5.647122899999999390e+02
9.957821300000000520e+02 5.649168999999999414e+02
9.928309900000000425e+02 5.646723600000000260e+02
9.899814700000000585e+02 5.639669200000000728e+02
9.873175700000000461e+02 5.627908099999999649e+02
9.849232200000000148e+02 5.611284500000000435e+02
9.828805099999999584e+02 5.589699800000000778e+02
9.812733999999999241e+02 5.563037600000000111e+02
9.801839499999998679e+02 5.531180699999999888e+02
9.793815799999998717e+02 5.499675799999999981e+02
9.792470699999998942e+02 5.469519900000000234e+02
9.797102999999998474e+02 5.441082800000000361e+02
9.807067199999997911e+02 5.414677699999999732e+02
9.821659999999998263e+02 5.390636200000000144e+02
9.840197699999998804e+02 5.369291000000000622e+02
9.862035699999998997e+02 5.350953600000000279e+02
9.886471299999999474e+02 5.335976200000000063e+02
9.940477199999999129e+02 5.317388799999999947e+02
9.968700399999999036e+02 5.314442999999999984e+02
9.996805599999999004e+02 5.316144799999999577e+02
1.002414799999999900e+03 5.322867200000000594e+02
1.005002499999999941e+03 5.334901300000000219e+02
1.007379299999999944e+03 5.352599500000000035e+02
1.009474699999999984e+03 5.376274000000000797e+02
1.011117099999999937e+03 5.400221000000000231e+02
1.012321799999999939e+03 5.426609499999999571e+02
1.013063599999999951e+03 5.454657300000000077e+02
1.013311199999999985e+03 5.483583200000000488e+02
1.013311500000000024e+03 5.483585499999999229e+02
