1.056787700000000086e+03 6.530478900000000522e+02
1.056647000000000162e+03 6.564134300000000621e+02
1.055862700000000132e+03 6.594249899999999798e+02
1.054517000000000053e+03 6.620744500000000698e+02
1.052692000000000007e+03 6.643480600000000322e+02
1.050471600000000080e+03 6.662318999999999960e+02
1.047939700000000130e+03 6.677160900000000083e+02
1.045178400000000238e+03 6.687886200000000372e+02
1.042269700000000284e+03 6.694357099999999718e+02
1.039297500000000355e+03 6.696475100000000111e+02
1.036345900000000256e+03 6.694101600000000190e+02
1.033494600000000219e+03 6.687114400000000387e+02
1.030828000000000202e+03 6.675415900000000420e+02
1.028429700000000139e+03 6.658848000000000411e+02
1.026381900000000087e+03 6.637311799999999948e+02
1.024768600000000106e+03 6.610687400000000480e+02
1.023671700000000101e+03 6.578856500000000551e+02
1.022861900000000105e+03 6.547370200000000295e+02
1.022720500000000129e+03 6.517217299999999796e+02
1.023177100000000110e+03 6.488769500000000789e+02
1.024167400000000043e+03 6.462341300000000501e+02
1.025620900000000120e+03 6.438265400000000227e+02
1.027469800000000077e+03 6.416876899999999750e+02
1.029649300000000039e+03 6.398488300000000208e+02
1.032089200000000119e+03 6.383453799999999774e+02
1.037485500000000229e+03 6.364739500000000589e+02
1.040307100000000219e+03 6.361725599999999758e+02
1.043118100000000140e+03 6.363363200000000006e+02
1.045853900000000067e+03 6.370021100000000160e+02
1.048444500000000062e+03 6.381994799999999941e+02
1.050825299999999970e+03 6.399636800000000676e+02
1.052926300000000083e+03 6.423262099999999464e+02
1.054574200000000019e+03 6.447170599999999467e+02
1.055785200000000032e+03 6.473530700000000024e+02
1.056533599999999979e+03 6.501560699999999997e+02
1.056788000000000011e+03 6.530481099999999515e+02
1.056787700000000086e+03 6.530478900000000522e+02
