8.511684099999999944e+02 4.315319799999999759e+02
8.510274500000000444e+02 4.348975399999999922e+02
8.502431400000000394e+02 4.379090800000000172e+02
8.488975000000000364e+02 4.405585900000000379e+02
8.470724700000000666e+02 4.428321500000000128e+02
8.448520600000000513e+02 4.447160400000000209e+02
8.423201900000000251e+02 4.462001900000000205e+02
8.395588800000000447e+02 4.472727500000000305e+02
8.366502000000000407e+02 4.479198500000000536e+02
8.336779999999999973e+02 4.481316500000000360e+02
8.307262799999999743e+02 4.478942900000000122e+02
8.278751199999999244e+02 4.471955500000000256e+02
8.252084599999999455e+02 4.460257200000000353e+02
8.228102199999999584e+02 4.443689400000000091e+02
8.207624199999999064e+02 4.422152800000000070e+02
8.191490699999999379e+02 4.395528500000000349e+02
8.180521299999999201e+02 4.363697400000000357e+02
8.172424099999999498e+02 4.332211600000000544e+02
8.171010799999999108e+02 4.302058600000000297e+02
8.175576499999999669e+02 4.273610900000000470e+02
8.185478600000000142e+02 4.247182300000000623e+02
8.200014700000000403e+02 4.223106800000000476e+02
8.218502399999999852e+02 4.201717800000000693e+02
8.240297500000000355e+02 4.183329300000000899e+02
8.264697500000000900e+02 4.168294700000000716e+02
8.318659700000000612e+02 4.149580500000000711e+02
8.346875800000000254e+02 4.146566600000000449e+02
8.374984900000000607e+02 4.148204200000000696e+02
8.402343600000000379e+02 4.154862100000000851e+02
8.428249200000000201e+02 4.166835400000001073e+02
8.452058200000000170e+02 4.184477900000001114e+02
8.473067899999999781e+02 4.208103100000001291e+02
8.489546900000000278e+02 4.232011500000001547e+02
8.501656400000000531e+02 4.258371400000001472e+02
8.509140600000000632e+02 4.286401800000001572e+02
8.511684500000000071e+02 4.315321700000001783e+02
8.511684099999999944e+02 4.315319799999999759e+02
