8.200904699999999821e+02 7.828588119999999435e+02
8.199494999999999436e+02 7.862243660000000318e+02
8.191651999999999134e+02 7.892358679999999822e+02
8.178195299999998724e+02 7.918853770000000623e+02
8.159944999999999027e+02 7.941589800000000423e+02
8.137740899999998874e+02 7.960428319999999758e+02
8.112422099999998863e+02 7.975269839999999704e+02
8.084809499999998934e+02 7.985995460000000321e+02
8.055722099999999273e+02 7.992466440000000603e+02
8.026000199999999722e+02 7.994584439999999859e+02
7.996483099999999240e+02 7.992206969999999728e+02
7.967971499999998741e+02 7.985219970000000558e+02
7.941304499999998825e+02 7.973521369999999706e+02
7.917322499999999081e+02 7.956953509999999596e+02
7.896844899999998688e+02 7.935416960000000017e+02
7.880710999999998876e+02 7.908792949999999564e+02
7.869741599999998698e+02 7.876961579999999685e+02
7.861644399999998996e+02 7.845475730000000567e+02
7.860231099999998605e+02 7.815322700000000395e+02
7.864796799999999166e+02 7.786874980000000050e+02
7.874698899999999639e+02 7.760446449999999459e+02
7.889234999999999900e+02 7.736370939999999337e+02
7.907722699999999350e+02 7.714982420000000047e+02
7.929517799999999852e+02 7.696593759999999520e+02
7.953917800000000398e+02 7.681558919999999944e+02
8.007880000000000109e+02 7.662845099999999547e+02
8.036096000000000004e+02 7.659834799999999859e+02
8.064205100000000357e+02 7.661472499999999854e+02
8.091563800000000128e+02 7.668130499999999756e+02
8.117469499999999698e+02 7.680104039999999941e+02
8.141278399999999920e+02 7.697746150000000398e+02
8.162288200000000415e+02 7.721371410000000424e+02
8.178767200000000912e+02 7.745279780000000756e+02
8.190876700000001165e+02 7.771639559999999847e+02
8.198361200000001645e+02 7.799670069999999669e+02
8.200905100000001084e+02 7.828590430000000424e+02
8.200904699999999821e+02 7.828588119999999435e+02
