1.043340899999999920e+03 5.807680700000000797e+02
1.043191900000000032e+03 5.841332999999999629e+02
1.042400599999999940e+03 5.871429800000000796e+02
1.041048700000000053e+03 5.897893000000000256e+02
1.039218399999999974e+03 5.920586100000000442e+02
1.036993500000000040e+03 5.939372600000000375e+02
1.034458100000000059e+03 5.954154700000000275e+02
1.031694400000000087e+03 5.964815499999999702e+02
1.028784100000000080e+03 5.971218200000000706e+02
1.025811400000000049e+03 5.973264300000000731e+02
1.022860300000000052e+03 5.970818900000000440e+02
1.020010800000000017e+03 5.963764800000001287e+02
1.017346900000000005e+03 5.952003700000000208e+02
1.014952599999999961e+03 5.935379700000000867e+02
1.012909799999999905e+03 5.913795300000001589e+02
1.011302699999999959e+03 5.887133200000000670e+02
1.010213300000000004e+03 5.855276300000000447e+02
1.009411000000000058e+03 5.823771400000000540e+02
1.009276500000000055e+03 5.793615100000001803e+02
1.009739600000000110e+03 5.765178000000000793e+02
1.010736100000000079e+03 5.738773000000001048e+02
1.012195400000000063e+03 5.714731800000001840e+02
1.014049100000000067e+03 5.693386200000002191e+02
1.016232900000000086e+03 5.675048800000001847e+02
1.018676500000000033e+03 5.660071400000001631e+02
1.024076999999999998e+03 5.641484400000001642e+02
1.026899300000000039e+03 5.638538600000001679e+02
1.029709900000000061e+03 5.640240400000002410e+02
1.032444200000000137e+03 5.646962400000002162e+02
1.035031900000000178e+03 5.658996500000001788e+02
1.037408700000000181e+03 5.676694800000002488e+02
1.039504100000000108e+03 5.700369300000002113e+02
1.041146300000000110e+03 5.724316600000001927e+02
1.042351100000000088e+03 5.750704700000001139e+02
1.043093000000000075e+03 5.778752500000001646e+02
1.043340599999999995e+03 5.807678400000002057e+02
1.043340899999999920e+03 5.807680700000000797e+02
