1.072144099999999980e+03 6.105765499999999975e+02
1.071995200000000068e+03 6.139417700000000195e+02
1.071203800000000001e+03 6.169514500000000226e+02
1.069852000000000089e+03 6.195977399999999307e+02
1.068021600000000035e+03 6.218670799999999872e+02
1.065796800000000076e+03 6.237456999999999425e+02
1.063261400000000094e+03 6.252239099999999326e+02
1.060497600000000148e+03 6.262899800000000141e+02
1.057587400000000116e+03 6.269302900000000136e+02
1.054614700000000084e+03 6.271349000000000160e+02
1.051663600000000088e+03 6.268903699999999617e+02
1.048814000000000078e+03 6.261849199999999200e+02
1.046150100000000066e+03 6.250088100000000395e+02
1.043755800000000136e+03 6.233464000000000169e+02
1.041713100000000168e+03 6.211879699999999502e+02
1.040106000000000222e+03 6.185217599999999720e+02
1.039016500000000178e+03 6.153360699999999497e+02
1.038214200000000119e+03 6.121855799999999590e+02
1.038079700000000230e+03 6.091699499999999716e+02
1.038542900000000145e+03 6.063262399999999843e+02
1.039539300000000139e+03 6.036857800000000225e+02
1.040998600000000124e+03 6.012816199999999753e+02
1.042852400000000216e+03 5.991470999999999094e+02
1.045036100000000260e+03 5.973133599999999888e+02
1.047479700000000321e+03 5.958156199999999671e+02
1.052880300000000261e+03 5.939568799999999555e+02
1.055702600000000302e+03 5.936622999999999593e+02
1.058513100000000350e+03 5.938324800000000323e+02
1.061247500000000400e+03 5.945046700000000328e+02
1.063835200000000441e+03 5.957081299999999828e+02
1.066211900000000469e+03 5.974779599999999391e+02
1.068307300000000396e+03 5.998453600000000279e+02
1.069949700000000348e+03 6.022400999999999840e+02
1.071154400000000351e+03 6.048789099999999053e+02
1.071896200000000363e+03 6.076836899999999559e+02
1.072143800000000283e+03 6.105763199999998960e+02
1.072144099999999980e+03 6.105765499999999975e+02
