9.674131999999999607e+02 5.584120700000000852e+02
9.672722400000000107e+02 5.617776100000000952e+02
9.664879300000000057e+02 5.647891600000000381e+02
9.651422499999999900e+02 5.674386200000000144e+02
9.633172200000000203e+02 5.697122300000000905e+02
9.610968199999999797e+02 5.715960800000000290e+02
9.585649399999999787e+02 5.730802700000000414e+02
9.558036799999999857e+02 5.741528000000000702e+02
9.528949400000000196e+02 5.747999300000000176e+02
9.499227500000000646e+02 5.750117299999999432e+02
9.469710300000000416e+02 5.747739900000000262e+02
9.441198699999999917e+02 5.740752400000000080e+02
9.414531799999999748e+02 5.729053800000000365e+02
9.390549700000000257e+02 5.712486300000000483e+02
9.370071800000000621e+02 5.690949800000000778e+02
9.353938200000001189e+02 5.664325400000000172e+02
9.342968900000000758e+02 5.632494400000000496e+02
9.334871700000001056e+02 5.601008600000000115e+02
9.333458400000000665e+02 5.570855200000000877e+02
9.338023600000000215e+02 5.542407500000000482e+02
9.347926200000000563e+02 5.515979300000001331e+02
9.362462400000000571e+02 5.491903800000000047e+02
9.380949600000000146e+02 5.470514800000000832e+02
9.402744700000000648e+02 5.452126300000001038e+02
9.427145100000000184e+02 5.437091700000000856e+02
9.481107299999999896e+02 5.418377500000001419e+02
9.509323299999999790e+02 5.415367300000000341e+02
9.537432400000000143e+02 5.417004900000001726e+02
9.564791099999999915e+02 5.423662500000000364e+02
9.590696799999999484e+02 5.435636100000001534e+02
9.614505699999999706e+02 5.453278600000001006e+02
9.635515500000000202e+02 5.476903400000001056e+02
9.651994500000000698e+02 5.500812300000001187e+02
9.664104000000000951e+02 5.527172100000001365e+02
9.671588500000001432e+02 5.555202500000001464e+02
9.674132400000000871e+02 5.584122600000001739e+02
9.674131999999999607e+02 5.584120700000000852e+02
