9.109867500000000291e+02 4.958067399999999907e+02
9.108457900000000791e+02 4.991722899999999754e+02
9.100614800000000741e+02 5.021838300000000004e+02
9.087158000000000584e+02 5.048332899999999768e+02
9.068907700000000887e+02 5.071069099999999708e+02
9.046703600000000733e+02 5.089907499999999914e+02
9.021385000000000218e+02 5.104748999999999910e+02
8.993772300000000541e+02 5.115474699999999757e+02
8.964685000000000628e+02 5.121945699999999988e+02
8.934963100000001077e+02 5.124063699999999244e+02
8.905445800000001100e+02 5.121686199999999189e+02
8.876934300000001485e+02 5.114699200000000019e+02
8.850267700000001696e+02 5.103000499999999988e+02
8.826285200000002078e+02 5.086432800000000043e+02
8.805807700000002569e+02 5.064896499999999833e+02
8.789673800000002757e+02 5.038272099999999796e+02
8.778704500000002326e+02 5.006441099999999551e+02
8.770607200000002877e+02 4.974954999999999359e+02
8.769194000000003371e+02 4.944801999999999111e+02
8.773759600000003047e+02 4.916354199999998968e+02
8.783661700000003520e+02 4.889925999999999249e+02
8.798197900000003528e+02 4.865850199999999290e+02
8.816685400000003483e+02 4.844461599999999066e+02
8.838480600000003733e+02 4.826072999999998956e+02
8.862880500000003394e+02 4.811038399999998774e+02
8.916842700000003106e+02 4.792324299999998516e+02
8.945058900000003632e+02 4.789310299999998506e+02
8.973168000000003985e+02 4.790947899999998754e+02
9.000526700000003757e+02 4.797605899999998655e+02
9.026432400000003327e+02 4.809579499999998689e+02
9.050241300000003548e+02 4.827221899999998413e+02
9.071251100000004044e+02 4.850846899999998527e+02
9.087730100000004541e+02 4.874755599999998594e+02
9.099839600000004793e+02 4.901115399999998772e+02
9.107324100000005274e+02 4.929145899999998619e+02
9.109868000000004713e+02 4.958065899999998578e+02
9.109867500000000291e+02 4.958067399999999907e+02
