8.951583699999999908e+02 4.219852599999999825e+02
8.950095000000000027e+02 4.253504899999999793e+02
8.942181500000000369e+02 4.283601699999999823e+02
8.928662500000000364e+02 4.310064899999999852e+02
8.910359000000000833e+02 4.332757899999999722e+02
8.888110500000001366e+02 4.351544499999999971e+02
8.862757400000001553e+02 4.366326599999999871e+02
8.835119500000001835e+02 4.376987300000000118e+02
8.806017200000002276e+02 4.383389999999999986e+02
8.776290100000002212e+02 4.385436199999999758e+02
8.746778700000002118e+02 4.382990800000000036e+02
8.718283600000002025e+02 4.375936700000000315e+02
8.691644600000001901e+02 4.364175600000000372e+02
8.667701000000001841e+02 4.347551500000000146e+02
8.647273900000001277e+02 4.325966799999999921e+02
8.631202800000000934e+02 4.299305099999999698e+02
8.620308300000000372e+02 4.267448199999999474e+02
8.612284600000000410e+02 4.235943299999999567e+02
8.610939500000000635e+02 4.205786999999999694e+02
8.615571900000001051e+02 4.177349899999999820e+02
8.625536100000000488e+02 4.150944900000000075e+02
8.640128500000000713e+02 4.126903700000000299e+02
8.658666200000001254e+02 4.105558500000000208e+02
8.680504500000000689e+02 4.087221100000000433e+02
8.704940100000001166e+02 4.072243700000000217e+02
8.758946100000001707e+02 4.053656300000000101e+02
8.787169200000001865e+02 4.050710500000000138e+02
8.815274500000001581e+02 4.052412300000000300e+02
8.842617300000001705e+02 4.059134200000000305e+02
8.868494900000001735e+02 4.071168800000000374e+02
8.892262300000002142e+02 4.088866700000000378e+02
8.913216200000001663e+02 4.112541200000000572e+02
8.929639200000001438e+02 4.136488500000000386e+02
8.941686800000001085e+02 4.162876600000000167e+02
8.949105200000001332e+02 4.190924400000000105e+02
8.951581000000001040e+02 4.219850299999999947e+02
8.951583699999999908e+02 4.219852599999999825e+02
