6.945807600000000548e+02 3.120456900000000360e+02
6.944398000000001048e+02 3.154112400000000207e+02
6.936554900000000998e+02 3.184227600000000393e+02
6.923098100000000841e+02 3.210722100000000410e+02
6.904848200000001270e+02 3.233458600000000160e+02
6.882644100000001117e+02 3.252296700000000556e+02
6.857325400000000855e+02 3.267138200000000552e+02
6.829712300000001051e+02 3.277863900000000967e+02
6.800625100000000884e+02 3.284334800000001451e+02
6.770903200000001334e+02 3.286452800000001844e+02
6.741386300000001484e+02 3.284075400000001537e+02
6.712874400000001742e+02 3.277088300000001482e+02
6.686207800000001953e+02 3.265389700000001767e+02
6.662225300000002335e+02 3.248822300000001633e+02
6.641747800000002826e+02 3.227286100000001170e+02
6.625614300000003141e+02 3.200661300000001575e+02
6.614644900000002963e+02 3.168830000000001519e+02
6.606547200000003386e+02 3.137344900000001644e+02
6.605134100000003627e+02 3.107191500000001270e+02
6.609699700000003304e+02 3.078744100000001254e+02
6.619601800000003777e+02 3.052315600000001723e+02
6.634138000000003785e+02 3.028239700000001449e+02
6.652625500000003740e+02 3.006851200000000972e+02
6.674420600000004242e+02 2.988462200000001303e+02
6.698821000000003778e+02 2.973428100000000995e+02
6.752783200000003490e+02 2.954713400000000547e+02
6.780999200000003384e+02 2.951703300000000354e+02
6.809108500000003232e+02 2.953340800000000854e+02
6.836467100000003256e+02 2.959999200000000883e+02
6.862372800000002826e+02 2.971972500000000537e+02
6.886181700000003048e+02 2.989614500000000135e+02
6.907191400000002659e+02 3.013239800000000059e+02
6.923670500000002903e+02 3.037148300000000063e+02
6.935779900000003408e+02 3.063508000000000493e+02
6.943264100000003509e+02 3.091538100000000213e+02
6.945808000000002949e+02 3.120458800000000110e+02
6.945807600000000548e+02 3.120456900000000360e+02
