7.769461599999999635e+02 2.940012500000000273e+02
7.767972899999999754e+02 2.973664300000000367e+02
7.760059099999999717e+02 3.003761100000000397e+02
7.746540299999999206e+02 3.030224299999999857e+02
7.728236499999999296e+02 3.052917400000000043e+02
7.705988499999999704e+02 3.071703899999999976e+02
7.680634999999999764e+02 3.086485999999999876e+02
7.652997100000000046e+02 3.097146800000000439e+02
7.623894800000000487e+02 3.103549900000000434e+02
7.594168100000000550e+02 3.105595900000000711e+02
7.564656700000000455e+02 3.103150600000000168e+02
7.536161100000000488e+02 3.096096099999999751e+02
7.509522100000000364e+02 3.084335099999999557e+02
7.485578600000000051e+02 3.067711399999999458e+02
7.465151499999999487e+02 3.046126699999999801e+02
7.449080399999999145e+02 3.019464600000000019e+02
7.438185799999998835e+02 2.987607600000000048e+02
7.430162599999998747e+02 2.956103100000000268e+02
7.428817399999999225e+02 2.925946500000000015e+02
7.433449399999999514e+02 2.897509800000000268e+02
7.443413499999999203e+02 2.871104599999999891e+02
7.458006399999999303e+02 2.847063100000000304e+02
7.476544099999999844e+02 2.825718000000000529e+02
7.498382000000000289e+02 2.807380500000000438e+02
7.522817600000000766e+02 2.792403100000000222e+02
7.576823900000000549e+02 2.773815799999999854e+02
7.605046700000000328e+02 2.770869900000000143e+02
7.633152000000000044e+02 2.772571699999999737e+02
7.660495100000000548e+02 2.779293699999999490e+02
7.686372500000001082e+02 2.791328199999999242e+02
7.710139900000001489e+02 2.809026599999999689e+02
7.731094100000001390e+02 2.832700999999999567e+02
7.747516800000001922e+02 2.856647999999999001e+02
7.759564700000001949e+02 2.883036099999999351e+02
7.766983200000001943e+02 2.911084199999999100e+02
7.769459000000001652e+02 2.940010099999999511e+02
7.769461599999999635e+02 2.940012500000000273e+02
