8.372503500000000258e+02 3.568216499999999769e+02
8.371014800000000378e+02 3.601868799999999737e+02
8.363100900000000593e+02 3.631965500000000020e+02
8.349582300000000714e+02 3.658428700000000049e+02
8.331278800000001183e+02 3.681121899999999982e+02
8.309030300000001716e+02 3.699908399999999915e+02
8.283676800000001776e+02 3.714690400000000068e+02
8.256038900000002059e+02 3.725350799999999936e+02
8.226936600000002500e+02 3.731753899999999931e+02
8.197209900000002563e+02 3.733799999999999955e+02
8.167698500000002468e+02 3.731354600000000232e+02
8.139203300000002628e+02 3.724300500000000511e+02
8.112564000000002125e+02 3.712539500000000317e+02
8.088620800000002191e+02 3.695915500000000407e+02
8.068193700000001627e+02 3.674330800000000181e+02
8.052122600000001285e+02 3.647669000000000210e+02
8.041228100000000723e+02 3.615812200000000303e+02
8.033204400000000760e+02 3.584307200000000080e+02
8.031859300000000985e+02 3.554150900000000206e+02
8.036491600000000517e+02 3.525713900000000081e+02
8.046455799999999954e+02 3.499308800000000019e+02
8.061048299999999927e+02 3.475267300000000432e+02
8.079586000000000467e+02 3.453922000000000025e+02
8.101424299999999903e+02 3.435585099999999557e+02
8.125859900000000380e+02 3.420607499999999845e+02
8.179865800000000036e+02 3.402020199999999477e+02
8.208088599999999815e+02 3.399074299999999766e+02
8.236193899999999530e+02 3.400776200000000244e+02
8.263537099999999782e+02 3.407498199999999997e+02
8.289414699999999812e+02 3.419532299999999623e+02
8.313182100000000219e+02 3.437230599999999185e+02
8.334135999999999740e+02 3.460904999999999063e+02
8.350558999999999514e+02 3.484852399999998624e+02
8.362606599999999162e+02 3.511240599999998722e+02
8.370024999999999409e+02 3.539288399999998660e+02
8.372500799999999117e+02 3.568214299999998502e+02
8.372503500000000258e+02 3.568216499999999769e+02
