9.417052800000000161e+02 5.265221799999999348e+02
9.415643200000000661e+02 5.298877199999999448e+02
9.407799700000000485e+02 5.328992399999999634e+02
9.394343400000000202e+02 5.355487399999999525e+02
9.376093100000000504e+02 5.378223500000000286e+02
9.353888900000000604e+02 5.397061900000001060e+02
9.328570300000000088e+02 5.411903400000001056e+02
9.300957300000000032e+02 5.422628700000000208e+02
9.271870300000000498e+02 5.429100000000000819e+02
9.242148300000000063e+02 5.431218000000000075e+02
9.212631099999999833e+02 5.428840700000000652e+02
9.184119600000000219e+02 5.421853300000000218e+02
9.157452600000000302e+02 5.410154999999999745e+02
9.133470200000000432e+02 5.393587099999999737e+02
9.112992700000000923e+02 5.372050500000000284e+02
9.096859100000001490e+02 5.345426500000000942e+02
9.085889700000001312e+02 5.313595199999999750e+02
9.077792500000001610e+02 5.282109299999999621e+02
9.076379200000001219e+02 5.251956400000000258e+02
9.080944500000001653e+02 5.223508699999999862e+02
9.090846600000002127e+02 5.197080000000000837e+02
9.105383200000002262e+02 5.173004600000000437e+02
9.123870400000001837e+02 5.151616000000000213e+02
9.145665500000002339e+02 5.133227400000000671e+02
9.170065900000001875e+02 5.118192500000000109e+02
9.224028100000001587e+02 5.099478300000000104e+02
9.252244100000001481e+02 5.096468100000000163e+02
9.280353300000001582e+02 5.098105800000000158e+02
9.307712000000001353e+02 5.104763599999999997e+02
9.333617600000001175e+02 5.116736900000000219e+02
9.357426600000001145e+02 5.134379300000000512e+02
9.378436300000000756e+02 5.158004700000000184e+02
9.394915400000001000e+02 5.181913500000000568e+02
9.407024900000001253e+02 5.208272799999999734e+02
9.414509300000000849e+02 5.236303399999999328e+02
9.417053200000000288e+02 5.265223699999999099e+02
9.417052800000000161e+02 5.265221799999999348e+02
