5.729084599999999909e+02 5.695073099999999613e+02
5.727675000000000409e+02 5.728728599999999460e+02
5.719831900000000360e+02 5.758844100000000026e+02
5.706374799999999823e+02 5.785339099999999917e+02
5.688124500000000126e+02 5.808075200000000677e+02
5.665920399999999972e+02 5.826913600000000315e+02
5.640601699999999710e+02 5.841755100000000311e+02
5.612989000000000033e+02 5.852480800000000727e+02
5.583901700000000119e+02 5.858951799999999821e+02
5.554179800000000569e+02 5.861069800000000214e+02
5.524662600000000339e+02 5.858696199999999408e+02
5.496150999999999840e+02 5.851708800000000110e+02
5.469484400000000051e+02 5.840010500000000775e+02
5.445501900000000433e+02 5.823442700000000514e+02
5.425024400000000924e+02 5.801906000000000176e+02
5.408890400000001364e+02 5.775281999999999698e+02
5.397921500000001060e+02 5.743450700000000779e+02
5.389823900000001231e+02 5.711964800000000650e+02
5.388410600000000841e+02 5.681811500000000024e+02
5.392976200000000517e+02 5.653363799999999628e+02
5.402878400000000738e+02 5.626935499999999593e+02
5.417414500000000999e+02 5.602860100000000330e+02
5.435901800000001458e+02 5.581471100000001115e+02
5.457696900000001961e+02 5.563082500000000437e+02
5.482097300000001496e+02 5.548048000000001139e+02
5.536059500000001208e+02 5.529333800000000565e+02
5.564275500000001102e+02 5.526323600000000624e+02
5.592384600000001456e+02 5.527961300000000620e+02
5.619743300000001227e+02 5.534618800000000647e+02
5.645649000000000797e+02 5.546592400000000680e+02
5.669457900000001018e+02 5.564234900000001289e+02
5.690467700000001514e+02 5.587859800000001087e+02
5.706946700000002011e+02 5.611768600000000333e+02
5.719056600000002391e+02 5.638128400000000511e+02
5.726541100000002871e+02 5.666158900000000358e+02
5.729085000000002310e+02 5.695078800000001138e+02
5.729084599999999909e+02 5.695073099999999613e+02
