8.107354400000000396e+02 4.387300200000000245e+02
8.105944800000000896e+02 4.420955700000000093e+02
8.098101700000000847e+02 4.451070799999999963e+02
8.084644900000000689e+02 4.477565900000000170e+02
8.066395000000001119e+02 4.500301900000000046e+02
8.044190500000000839e+02 4.519140400000000000e+02
8.018872200000000703e+02 4.533981899999999996e+02
7.991259100000000899e+02 4.544707599999999843e+02
7.962171900000000733e+02 4.551178499999999758e+02
7.932449800000000550e+02 4.553296499999999583e+02
7.902933100000000195e+02 4.550919099999999844e+02
7.874421200000000454e+02 4.543932100000000105e+02
7.847754600000000664e+02 4.532233499999999822e+02
7.823772100000001046e+02 4.515665599999999813e+02
7.803294500000000653e+02 4.494129399999999919e+02
7.787161000000000968e+02 4.467504999999999882e+02
7.776191700000000537e+02 4.435673999999999637e+02
7.768094000000000960e+02 4.404187799999999697e+02
7.766680900000001202e+02 4.374034799999999450e+02
7.771246500000000879e+02 4.345587099999999623e+02
7.781148500000000467e+02 4.319158499999999776e+02
7.795684800000000223e+02 4.295082999999999629e+02
7.814172300000000178e+02 4.273694499999999721e+02
7.835967400000000680e+02 4.255305899999999610e+02
7.860367400000001226e+02 4.240270999999999617e+02
7.914330000000001064e+02 4.221557099999999423e+02
7.942545700000000579e+02 4.218543199999999160e+02
7.970654900000000680e+02 4.220180799999999408e+02
7.998013500000000704e+02 4.226838699999999562e+02
8.023919200000000274e+02 4.238812299999999595e+02
8.047728200000000243e+02 4.256454399999999509e+02
8.068737800000000107e+02 4.280079699999999434e+02
8.085217000000000098e+02 4.303988499999999249e+02
8.097326400000000604e+02 4.330348199999999110e+02
8.104810900000001084e+02 4.358378399999999147e+02
8.107354800000000523e+02 4.387298699999998917e+02
8.107354400000000396e+02 4.387300200000000245e+02
