7.629756700000000365e+02 7.193643299999999954e+02
7.628347100000000864e+02 7.227298899999999549e+02
7.620504000000000815e+02 7.257414300000000367e+02
7.607047400000001289e+02 7.283908900000000131e+02
7.588797100000001592e+02 7.306644999999999754e+02
7.566592900000001691e+02 7.325483500000000276e+02
7.541274200000001429e+02 7.340325399999999263e+02
7.513661600000001499e+02 7.351050699999999551e+02
7.484574200000001838e+02 7.357522099999999909e+02
7.454852300000002288e+02 7.359639999999999418e+02
7.425335400000002437e+02 7.357262600000000248e+02
7.396823600000002443e+02 7.350275199999999813e+02
7.370156900000002906e+02 7.338576500000000351e+02
7.346174500000003036e+02 7.322009100000000217e+02
7.325697000000003527e+02 7.300472499999999627e+02
7.309563400000004094e+02 7.273848199999999906e+02
7.298594100000003664e+02 7.242017100000000482e+02
7.290496500000003834e+02 7.210530999999999722e+02
7.289083200000003444e+02 7.180377899999999727e+02
7.293648800000003121e+02 7.151930199999999331e+02
7.303550900000003594e+02 7.125501699999999801e+02
7.318087100000003602e+02 7.101426599999999780e+02
7.336574800000003052e+02 7.080037499999999682e+02
7.358369900000003554e+02 7.061648999999999887e+02
7.382769900000004100e+02 7.046613999999999578e+02
7.436732500000003938e+02 7.027900299999998879e+02
7.464948100000003706e+02 7.024889999999999191e+02
7.493057600000004186e+02 7.026527699999999186e+02
7.520416300000003957e+02 7.033185699999999088e+02
7.546321900000003779e+02 7.045159199999999373e+02
7.570130500000003622e+02 7.062801399999999603e+02
7.591140200000003233e+02 7.086426199999999653e+02
7.607619300000003477e+02 7.110335000000000036e+02
7.619728800000003730e+02 7.136694799999999077e+02
7.627213200000003326e+02 7.164725300000000061e+02
7.629757200000003650e+02 7.193645299999999452e+02
7.629756700000000365e+02 7.193643299999999954e+02
