7.812219700000000557e+02 4.074101600000000190e+02
7.810810100000001057e+02 4.107757200000000353e+02
7.802967000000001008e+02 4.137872600000000602e+02
7.789510600000000977e+02 4.164367300000000682e+02
7.771260300000001280e+02 4.187103300000000559e+02
7.749056200000001127e+02 4.205941800000000512e+02
7.723737500000000864e+02 4.220783700000000636e+02
7.696124400000001060e+02 4.231509000000000356e+02
7.667037500000001273e+02 4.237980300000000398e+02
7.637315100000000712e+02 4.240098300000000222e+02
7.607798400000000356e+02 4.237720900000000483e+02
7.579286900000000742e+02 4.230733500000000618e+02
7.552619900000000825e+02 4.219034900000000334e+02
7.528637400000001207e+02 4.202467400000000453e+02
7.508159800000000814e+02 4.180930900000000179e+02
7.492026300000001129e+02 4.154306500000000142e+02
7.481057000000000698e+02 4.122475400000000150e+02
7.472959700000001249e+02 4.090989200000000210e+02
7.471546500000001743e+02 4.060836199999999963e+02
7.476111800000002177e+02 4.032388500000000136e+02
7.486013800000001766e+02 4.005959900000000289e+02
7.500550100000001521e+02 3.981884800000000268e+02
7.519037600000001476e+02 3.960496200000000044e+02
7.540832700000001978e+02 3.942107300000000123e+02
7.565233100000001514e+02 3.927072699999999941e+02
7.619195300000001225e+02 3.908358599999999683e+02
7.647411300000001120e+02 3.905348299999999426e+02
7.675520400000001473e+02 3.906985999999999422e+02
7.702879200000000992e+02 3.913643899999999576e+02
7.728784800000000814e+02 3.925617499999999609e+02
7.752593400000000656e+02 3.943259599999999523e+02
7.773603100000000268e+02 3.966884899999999448e+02
7.790082499999999754e+02 3.990793699999999262e+02
7.802192000000000007e+02 4.017153499999999440e+02
7.809676200000000108e+02 4.045183599999999160e+02
7.812220099999999547e+02 4.074103899999998930e+02
7.812219700000000557e+02 4.074101600000000190e+02
