8.614134099999999989e+02 7.736628419999999551e+02
8.612724500000000489e+02 7.770283960000000434e+02
8.604881400000000440e+02 7.800398979999999938e+02
8.591424600000000282e+02 7.826893959999999879e+02
8.573174300000000585e+02 7.849630099999999402e+02
8.550970300000000179e+02 7.868468609999999899e+02
8.525651800000000549e+02 7.883310040000000072e+02
8.498039200000000619e+02 7.894035750000000462e+02
8.468951900000000705e+02 7.900506739999999581e+02
8.439229900000000271e+02 7.902624739999999974e+02
8.409712700000000041e+02 7.900247259999999869e+02
8.381201099999999542e+02 7.893260269999999537e+02
8.354534599999999500e+02 7.881561570000000074e+02
8.330552099999999882e+02 7.864993809999999712e+02
8.310074600000000373e+02 7.843457559999999376e+02
8.293940600000000813e+02 7.816833249999999680e+02
8.282971300000000383e+02 7.785002180000000180e+02
8.274874100000000681e+02 7.753516029999999546e+02
8.273460900000001175e+02 7.723362999999999374e+02
8.278026400000001104e+02 7.694915280000000166e+02
8.287928600000001325e+02 7.668486799999999448e+02
8.302464800000001333e+02 7.644411299999999301e+02
8.320952400000001035e+02 7.623022699999999077e+02
8.342747500000001537e+02 7.604634099999999535e+02
8.367147500000002083e+02 7.589599099999999225e+02
8.421109700000001794e+02 7.570885399999999663e+02
8.449325700000001689e+02 7.567875099999999975e+02
8.477434800000002042e+02 7.569512799999999970e+02
8.504793500000001814e+02 7.576170399999999745e+02
8.530699100000001636e+02 7.588143900000000031e+02
8.554507800000001225e+02 7.605786499999999251e+02
8.575517600000001721e+02 7.629411299999999301e+02
8.591996600000002218e+02 7.653320099999999684e+02
8.604106100000002471e+02 7.679679899999999861e+02
8.611590600000002951e+02 7.707710359999999810e+02
8.614134500000002390e+02 7.736630319999999301e+02
8.614134099999999989e+02 7.736628419999999551e+02
