8.914520800000000236e+02 8.052812099999999873e+02
8.913111200000000736e+02 8.086467639999999619e+02
8.905268100000000686e+02 8.116583060000000387e+02
8.891811400000000276e+02 8.143077749999999924e+02
8.873561399999999821e+02 8.165813779999999724e+02
8.851356999999999289e+02 8.184652290000000221e+02
8.826038699999999153e+02 8.199494120000000521e+02
8.798425599999999349e+02 8.210219429999999647e+02
8.769338699999999562e+02 8.216690820000000031e+02
8.739616399999999885e+02 8.218808710000000701e+02
8.710099500000000035e+02 8.216435149999999794e+02
8.681587600000000293e+02 8.209447750000000497e+02
8.654920900000000756e+02 8.197749450000000024e+02
8.630938500000000886e+02 8.181181589999999915e+02
8.610461000000001377e+02 8.159645040000000336e+02
8.594327400000001944e+02 8.133020639999999730e+02
8.583358100000001514e+02 8.101189660000000003e+02
8.575260500000001684e+02 8.069703809999999748e+02
8.573847200000001294e+02 8.039550480000000334e+02
8.578412800000000971e+02 8.011102750000000015e+02
8.588315000000001191e+02 7.984674519999999802e+02
8.602851100000001452e+02 7.960599110000000564e+02
8.621338800000000901e+02 7.939210090000000264e+02
8.643133900000001404e+02 7.920821530000000621e+02
8.667533900000001950e+02 7.905786950000000388e+02
8.721496500000001788e+02 7.887072829999999612e+02
8.749712600000001430e+02 7.884058780000000297e+02
8.777821700000001783e+02 7.885696450000000368e+02
8.805180400000001555e+02 7.892354410000000371e+02
8.831086000000001377e+02 7.904327980000000480e+02
8.854894900000001599e+02 7.921970139999999674e+02
8.875904300000001967e+02 7.945595389999999725e+02
8.892383700000001454e+02 7.969504160000000184e+02
8.904493200000001707e+02 7.995863940000000412e+02
8.911977300000002060e+02 8.023894040000000132e+02
8.914521300000002384e+02 8.052814409999999725e+02
8.914520800000000236e+02 8.052812099999999873e+02
