6.171755799999999681e+02 5.613828399999999874e+02
6.170346099999999296e+02 5.647483899999999721e+02
6.162503099999998994e+02 5.677599399999999150e+02
6.149046299999998837e+02 5.704094000000000051e+02
6.130796399999999267e+02 5.726830099999999675e+02
6.108591899999998986e+02 5.745668599999999060e+02
6.083273499999999103e+02 5.760510399999999436e+02
6.055660499999999047e+02 5.771235699999999724e+02
6.026573499999999513e+02 5.777707099999998945e+02
5.996851199999999835e+02 5.779824999999998454e+02
5.967334399999999732e+02 5.777451499999999669e+02
5.938822499999999991e+02 5.770464099999999235e+02
5.912155900000000202e+02 5.758765799999998762e+02
5.888173400000000584e+02 5.742197899999998754e+02
5.867695800000000190e+02 5.720661299999999301e+02
5.851562400000000252e+02 5.694036899999998695e+02
5.840593000000000075e+02 5.662205999999998767e+02
5.832495400000000245e+02 5.630719699999999648e+02
5.831082099999999855e+02 5.600566799999999148e+02
5.835647800000000416e+02 5.572119099999999889e+02
5.845549800000000005e+02 5.545690399999998590e+02
5.860086099999999760e+02 5.521615399999998317e+02
5.878573699999999462e+02 5.500226399999999103e+02
5.900368699999999080e+02 5.481837799999998424e+02
5.924768699999999626e+02 5.466803299999999126e+02
5.978731299999999464e+02 5.448089099999999689e+02
6.006946999999998980e+02 5.445075099999999111e+02
6.035056499999999460e+02 5.446712799999999106e+02
6.062415199999999231e+02 5.453370699999999260e+02
6.088320899999998801e+02 5.465344299999999294e+02
6.112129499999998643e+02 5.482986699999999018e+02
6.133139199999998254e+02 5.506611699999998564e+02
6.149618299999998499e+02 5.530520499999998947e+02
6.161727699999999004e+02 5.556880199999998240e+02
6.169212299999999232e+02 5.584910399999998845e+02
6.171756199999998671e+02 5.613830699999998615e+02
6.171755799999999681e+02 5.613828399999999874e+02
