7.006583000000000538e+02 6.558893399999999474e+02
7.005173300000000154e+02 6.592548900000000458e+02
6.997330299999999852e+02 6.622664099999999507e+02
6.983873599999999442e+02 6.649158999999999651e+02
6.965623699999999872e+02 6.671895100000000411e+02
6.943419199999999591e+02 6.690733599999999797e+02
6.918100399999999581e+02 6.705575099999999793e+02
6.890487799999999652e+02 6.716300800000000208e+02
6.861400499999999738e+02 6.722771700000000692e+02
6.831678499999999303e+02 6.724889699999999948e+02
6.802161699999999200e+02 6.722516100000000279e+02
6.773649799999999459e+02 6.715528600000000097e+02
6.746983199999999670e+02 6.703830500000000256e+02
6.723000700000000052e+02 6.687262600000000248e+02
6.702523099999999658e+02 6.665725999999999658e+02
6.686389699999999721e+02 6.639102000000000317e+02
6.675420299999999543e+02 6.607270600000000513e+02
6.667322699999999713e+02 6.575784800000000132e+02
6.665909399999999323e+02 6.545631799999999885e+02
6.670475099999999884e+02 6.517184099999999489e+02
6.680377099999999473e+02 6.490755500000000211e+02
6.694913299999999481e+02 6.466680000000000064e+02
6.713400899999999183e+02 6.445291500000000724e+02
6.735195999999999685e+02 6.426902800000000298e+02
6.759596000000000231e+02 6.411868000000000620e+02
6.813558600000000069e+02 6.393154100000000426e+02
6.841774699999999712e+02 6.390140200000000732e+02
6.869883800000000065e+02 6.391777799999999843e+02
6.897242499999999836e+02 6.398435699999999997e+02
6.923148199999999406e+02 6.410408999999999651e+02
6.946956799999999248e+02 6.428051400000000513e+02
6.967966499999998859e+02 6.451676700000000437e+02
6.984445499999999356e+02 6.475585100000000693e+02
6.996555399999999736e+02 6.501944899999999734e+02
7.004039500000000089e+02 6.529975299999999834e+02
7.006583399999999529e+02 6.558895700000000488e+02
7.006583000000000538e+02 6.558893399999999474e+02
