6.725743099999999686e+02 6.233273199999999861e+02
6.724333399999999301e+02 6.266928699999999708e+02
6.716490299999999252e+02 6.297044100000000526e+02
6.703033599999998842e+02 6.323538700000000290e+02
6.684783399999998892e+02 6.346274799999999914e+02
6.662579199999998991e+02 6.365113300000000436e+02
6.637260499999998729e+02 6.379954800000000432e+02
6.609647899999998799e+02 6.390680499999999711e+02
6.580560499999999138e+02 6.397151800000000321e+02
6.550838599999999587e+02 6.399269799999999577e+02
6.521321299999999610e+02 6.396896199999999908e+02
6.492809799999999996e+02 6.389908700000000863e+02
6.466143200000000206e+02 6.378210100000000011e+02
6.442160700000000588e+02 6.361642600000000130e+02
6.421683200000001079e+02 6.340106100000000424e+02
6.405549600000001647e+02 6.313481699999999819e+02
6.394580400000002101e+02 6.281650700000000143e+02
6.386482700000002524e+02 6.250164500000000771e+02
6.385069500000003018e+02 6.220011500000000524e+02
6.389635100000002694e+02 6.191563800000000128e+02
6.399537200000003168e+02 6.165135199999999713e+02
6.414073400000003176e+02 6.141060099999999693e+02
6.432561000000002878e+02 6.119671200000000226e+02
6.454356100000003380e+02 6.101282599999999547e+02
6.478756100000003926e+02 6.086248000000000502e+02
6.532718300000003637e+02 6.067533800000001065e+02
6.560934400000003279e+02 6.064519800000000487e+02
6.589043500000003633e+02 6.066157500000000482e+02
6.616402200000003404e+02 6.072815400000000636e+02
6.642307800000003226e+02 6.084788600000000542e+02
6.666116800000003195e+02 6.102431100000001152e+02
6.687126500000002807e+02 6.126056500000000824e+02
6.703605600000003051e+02 6.149964800000000196e+02
6.715715100000003304e+02 6.176324600000000373e+02
6.723199500000002899e+02 6.204355100000000220e+02
6.725743400000002339e+02 6.233275100000000748e+02
6.725743099999999686e+02 6.233273199999999861e+02
