5.295330699999999524e+02 4.663092500000000200e+02
5.293921100000000024e+02 4.696748100000000363e+02
5.286077999999999975e+02 4.726863100000000486e+02
5.272621199999999817e+02 4.753358100000000377e+02
5.254370900000000120e+02 4.776094200000000569e+02
5.232167100000000346e+02 4.794932600000000775e+02
5.206848899999999958e+02 4.809774200000000519e+02
5.179235800000000154e+02 4.820499900000000366e+02
5.150148500000000240e+02 4.826970900000000597e+02
5.120426200000000563e+02 4.829088800000000674e+02
5.090910000000000650e+02 4.826711400000000936e+02
5.062398300000000404e+02 4.819724000000001070e+02
5.035731400000000235e+02 4.808025700000001166e+02
5.011748400000000174e+02 4.791457900000000905e+02
4.991270700000000033e+02 4.769921300000000883e+02
4.975137799999999970e+02 4.743297300000000973e+02
4.964168300000000045e+02 4.711465900000001170e+02
4.956070700000000215e+02 4.679980100000001357e+02
4.954657799999999952e+02 4.649827100000001110e+02
4.959222599999999943e+02 4.621379400000001283e+02
4.969125399999999786e+02 4.594950800000001436e+02
4.983661699999999541e+02 4.570875400000001605e+02
5.002149199999999496e+02 4.549486700000001633e+02
5.023943999999999619e+02 4.531098200000001839e+02
5.048344499999999471e+02 4.516063200000002098e+02
5.102306999999999562e+02 4.497349500000001967e+02
5.130522499999999582e+02 4.494335400000002210e+02
5.158632000000000062e+02 4.495973100000002205e+02
5.185990799999999581e+02 4.502631100000002107e+02
5.211896099999999024e+02 4.514604600000001824e+02
5.235705499999999120e+02 4.532246800000002054e+02
5.256714199999998982e+02 4.555872000000002231e+02
5.273193699999999353e+02 4.579780800000002046e+02
5.285303099999999858e+02 4.606140200000002096e+02
5.292787200000000212e+02 4.634170700000001943e+02
5.295331099999999651e+02 4.663091000000001713e+02
5.295330699999999524e+02 4.663092500000000200e+02
