5.584789700000000039e+02 4.992655599999999936e+02
5.583380100000000539e+02 5.026310699999999656e+02
5.575537000000000489e+02 5.056426199999999653e+02
5.562080200000000332e+02 5.082921199999999544e+02
5.543829900000000634e+02 5.105657299999999736e+02
5.521625900000000229e+02 5.124495699999999943e+02
5.496307100000000219e+02 5.139337199999999939e+02
5.468694100000000162e+02 5.150062900000000354e+02
5.439607200000000375e+02 5.156533899999999448e+02
5.409885199999999941e+02 5.158651800000000094e+02
5.380368399999999838e+02 5.156274499999999534e+02
5.351856400000000349e+02 5.149287100000000237e+02
5.325189900000000307e+02 5.137588800000000901e+02
5.301207400000000689e+02 5.121021000000000640e+02
5.280729900000001180e+02 5.099484300000000303e+02
5.264595900000001620e+02 5.072860300000000393e+02
5.253626600000001190e+02 5.041029000000000337e+02
5.245529400000001488e+02 5.009543200000000525e+02
5.244116100000001097e+02 4.979390200000000277e+02
5.248681700000000774e+02 4.950942500000000450e+02
5.258583900000000995e+02 4.924513800000000288e+02
5.273120100000001003e+02 4.900438400000000456e+02
5.291607700000000705e+02 4.879049400000000674e+02
5.313402800000001207e+02 4.860661200000000690e+02
5.337802800000001753e+02 4.845626300000000697e+02
5.391765300000001844e+02 4.826912500000000819e+02
5.419981100000002243e+02 4.823898500000000809e+02
5.448090200000002596e+02 4.825536200000000804e+02
5.475448900000002368e+02 4.832194100000000958e+02
5.501354500000002190e+02 4.844167700000000991e+02
5.525163400000002412e+02 4.861809800000000905e+02
5.546173200000002907e+02 4.885435100000000830e+02
5.562652300000003152e+02 4.909343500000001086e+02
5.574761800000003404e+02 4.935703200000000948e+02
5.582246200000003000e+02 4.963733800000001111e+02
5.584790100000002440e+02 4.992654100000000881e+02
5.584789700000000039e+02 4.992655599999999936e+02
