5.863754599999999755e+02 5.287536000000000058e+02
5.862344899999999370e+02 5.321191499999999905e+02
5.854501899999999068e+02 5.351306700000000092e+02
5.841045099999998911e+02 5.377801600000000235e+02
5.822794799999999213e+02 5.400537699999999859e+02
5.800590699999999060e+02 5.419376200000000381e+02
5.775271899999999050e+02 5.434217700000000377e+02
5.747658899999998994e+02 5.444943000000000666e+02
5.718571999999999207e+02 5.451414300000000139e+02
5.688849699999999530e+02 5.453532299999999395e+02
5.659332899999999427e+02 5.451154900000000225e+02
5.630820899999999938e+02 5.444167400000000043e+02
5.604154399999999896e+02 5.432469200000000455e+02
5.580171900000000278e+02 5.415901400000000194e+02
5.559694400000000769e+02 5.394364799999999605e+02
5.543560400000001209e+02 5.367740400000000136e+02
5.532591400000001158e+02 5.335909500000000207e+02
5.524493800000001329e+02 5.304423600000000079e+02
5.523080600000001823e+02 5.274270599999999831e+02
5.527646200000001500e+02 5.245822799999998551e+02
5.537548400000001720e+02 5.219394299999999021e+02
5.552084600000001728e+02 5.195318799999998873e+02
5.570572100000001683e+02 5.173930299999999534e+02
5.592367200000002185e+02 5.155541699999998855e+02
5.616767200000002731e+02 5.140506699999998546e+02
5.670729800000002570e+02 5.121792499999999109e+02
5.698945500000002085e+02 5.118782399999998916e+02
5.727055000000002565e+02 5.120419899999999416e+02
5.754413600000002589e+02 5.127077899999999318e+02
5.780319300000002158e+02 5.139051199999998971e+02
5.804128300000002127e+02 5.156693599999998696e+02
5.825138000000001739e+02 5.180318899999998621e+02
5.841617100000001983e+02 5.204227599999999256e+02
5.853726500000002488e+02 5.230587099999997918e+02
5.861211100000002716e+02 5.258617499999998017e+02
5.863755000000002156e+02 5.287537899999998672e+02
5.863754599999999755e+02 5.287536000000000058e+02
