8.328105299999999716e+02 7.429308499999999640e+02
8.326695599999999331e+02 7.462963999999999487e+02
8.318852199999998902e+02 7.493079000000000178e+02
8.305395799999998871e+02 7.519574000000000069e+02
8.287145499999999174e+02 7.542310099999999693e+02
8.264941399999999021e+02 7.561148600000000215e+02
8.239622699999998758e+02 7.575990199999999959e+02
8.212009699999998702e+02 7.586715799999999490e+02
8.182922699999999168e+02 7.593186799999999721e+02
8.153200799999999617e+02 7.595304800000000114e+02
8.123683499999999640e+02 7.592931099999999560e+02
8.095172000000000025e+02 7.585943700000000263e+02
8.068505000000000109e+02 7.574245399999999790e+02
8.044522500000000491e+02 7.557677599999999529e+02
8.024045000000000982e+02 7.536141000000000076e+02
8.007911500000001297e+02 7.509516999999999598e+02
7.996942200000000867e+02 7.477685599999999795e+02
7.988845000000001164e+02 7.446199900000000298e+02
7.987431700000000774e+02 7.416046900000000051e+02
7.991997300000000450e+02 7.387598900000000413e+02
8.001899000000000797e+02 7.361170399999999745e+02
8.016435600000000932e+02 7.337094899999999598e+02
8.034922800000000507e+02 7.315706199999999626e+02
8.056717900000001009e+02 7.297317699999999832e+02
8.081118200000000797e+02 7.282282800000000407e+02
8.135080400000000509e+02 7.263568999999999960e+02
8.163296600000001035e+02 7.260554999999999382e+02
8.191405700000001389e+02 7.262192599999999629e+02
8.218764400000001160e+02 7.268850199999999404e+02
8.244670100000000730e+02 7.280823800000000574e+02
8.268479000000000951e+02 7.298466300000000047e+02
8.289488800000001447e+02 7.322091100000000097e+02
8.305967800000001944e+02 7.345999900000000480e+02
8.318077300000002197e+02 7.372359800000000405e+02
8.325561800000002677e+02 7.400390100000000757e+02
8.328105700000002116e+02 7.429310500000000275e+02
8.328105299999999716e+02 7.429308499999999640e+02
