6.445085599999999886e+02 5.918679999999999382e+02
6.443675899999999501e+02 5.952335600000000113e+02
6.435832799999999452e+02 5.982451000000000931e+02
6.422376099999999042e+02 6.008945700000000443e+02
6.404125799999999344e+02 6.031681700000000319e+02
6.381921599999999444e+02 6.050520200000000841e+02
6.356603399999999056e+02 6.065362099999999828e+02
6.328990399999998999e+02 6.076087500000001000e+02
6.299902999999999338e+02 6.082558700000000727e+02
6.270181099999999788e+02 6.084676699999999983e+02
6.240664299999999685e+02 6.082299300000000812e+02
6.212152300000000196e+02 6.075311900000000378e+02
6.185485700000000406e+02 6.063613300000000663e+02
6.161503300000000536e+02 6.047045800000000781e+02
6.141025800000001027e+02 6.025509300000001076e+02
6.124892200000001594e+02 5.998884900000000471e+02
6.113922900000001164e+02 5.967053800000001047e+02
6.105825200000001587e+02 5.935568000000000666e+02
6.104412000000002081e+02 5.905414600000001428e+02
6.108977600000001758e+02 5.876966900000001033e+02
6.118879700000002231e+02 5.850538700000001882e+02
6.133415900000002239e+02 5.826463200000000597e+02
6.151903500000001941e+02 5.805074300000001131e+02
6.173698700000002191e+02 5.786685800000001336e+02
6.198098600000001852e+02 5.771650800000002164e+02
6.252061200000001691e+02 5.752937000000001717e+02
6.280276900000001206e+02 5.749923000000001139e+02
6.308386400000001686e+02 5.751560600000002523e+02
6.335745100000001457e+02 5.758218500000002678e+02
6.361650800000001027e+02 5.770192200000001321e+02
6.385459300000001122e+02 5.787834300000001804e+02
6.406469100000001617e+02 5.811459500000001981e+02
6.422948100000002114e+02 5.835368300000002364e+02
6.435057600000002367e+02 5.861728200000002289e+02
6.442542100000002847e+02 5.889758600000002389e+02
6.445086000000002286e+02 5.918678500000002032e+02
6.445085599999999886e+02 5.918679999999999382e+02
