6.286157500000000482e+02 5.212793799999999464e+02
6.284747900000000982e+02 5.246449299999999312e+02
6.276904800000000932e+02 5.276564799999999877e+02
6.263448200000001407e+02 5.303059399999999641e+02
6.245198100000001205e+02 5.325795499999999265e+02
6.222993700000000672e+02 5.344633900000000040e+02
6.197675400000000536e+02 5.359475499999999784e+02
6.170062300000000732e+02 5.370201199999999062e+02
6.140975400000000946e+02 5.376672099999999546e+02
6.111253100000001268e+02 5.378789999999999054e+02
6.081736200000001418e+02 5.376412699999999631e+02
6.053224400000001424e+02 5.369425599999999577e+02
6.026557700000001887e+02 5.357726999999999862e+02
6.002575300000002017e+02 5.341159499999999980e+02
5.982097700000001623e+02 5.319622999999999138e+02
5.965963900000001559e+02 5.292998599999999669e+02
5.954994900000001508e+02 5.261167599999998856e+02
5.946897300000001678e+02 5.229681299999999737e+02
5.945484000000001288e+02 5.199528399999999237e+02
5.950049600000000964e+02 5.171080699999999979e+02
5.959951700000001438e+02 5.144652099999999564e+02
5.974487900000001446e+02 5.120576599999999416e+02
5.992975600000000895e+02 5.099187999999999192e+02
6.014770600000000513e+02 5.080799499999999398e+02
6.039170600000001059e+02 5.065764899999999216e+02
6.093133300000000645e+02 5.047050699999999210e+02
6.121348900000000413e+02 5.044036699999999200e+02
6.149458400000000893e+02 5.045674399999999196e+02
6.176817100000000664e+02 5.052332199999999034e+02
6.202722800000000234e+02 5.064305899999998815e+02
6.226531300000000329e+02 5.081947999999998729e+02
6.247541100000000824e+02 5.105573199999998906e+02
6.264020100000001321e+02 5.129482099999999036e+02
6.276129600000001574e+02 5.155841899999999214e+02
6.283614100000002054e+02 5.183871999999998934e+02
6.286158100000002378e+02 5.212792299999998704e+02
6.286157500000000482e+02 5.212793799999999464e+02
