8.059839500000000498e+02 7.115676700000000210e+02
8.058429800000000114e+02 7.149332299999999805e+02
8.050586799999999812e+02 7.179447299999999359e+02
8.037130099999999402e+02 7.205942400000000134e+02
8.018879799999999705e+02 7.228678400000000011e+02
7.996675699999999551e+02 7.247516899999999396e+02
7.971356899999999541e+02 7.262358500000000276e+02
7.943744299999999612e+02 7.273084199999999555e+02
7.914656899999999951e+02 7.279555100000000039e+02
7.884935000000000400e+02 7.281673100000000431e+02
7.855418200000000297e+02 7.279295600000000377e+02
7.826906300000000556e+02 7.272308600000000069e+02
7.800239700000000767e+02 7.260609999999999218e+02
7.776257200000001149e+02 7.244042099999999209e+02
7.755779700000001640e+02 7.222505599999999504e+02
7.739645800000001827e+02 7.195881600000000162e+02
7.728676800000001776e+02 7.164050199999999222e+02
7.720579200000001947e+02 7.132564399999999978e+02
7.719165900000001557e+02 7.102411299999999983e+02
7.723731500000001233e+02 7.073963599999999587e+02
7.733633700000001454e+02 7.047535100000000057e+02
7.748169800000001715e+02 7.023459599999999909e+02
7.766657100000002174e+02 7.002070999999999685e+02
7.788452200000002676e+02 6.983682499999999891e+02
7.812852600000002212e+02 6.968647499999999582e+02
7.866814800000001924e+02 6.949933699999999135e+02
7.895030800000001818e+02 6.946923399999999447e+02
7.923139900000002172e+02 6.948561099999999442e+02
7.950498600000001943e+02 6.955218700000000354e+02
7.976404300000001513e+02 6.967192299999999250e+02
8.000213200000001734e+02 6.984834799999999859e+02
8.021223000000002230e+02 7.008459599999999909e+02
8.037702000000002727e+02 7.032368400000000292e+02
8.049811500000002980e+02 7.058728300000000218e+02
8.057296000000003460e+02 7.086758700000000317e+02
8.059840000000003783e+02 7.115678699999999708e+02
8.059839500000000498e+02 7.115676700000000210e+02
