5.423986800000000130e+02 4.224868200000000229e+02
5.422577200000000630e+02 4.258523700000000076e+02
5.414734100000000581e+02 4.288638700000000199e+02
5.401277300000000423e+02 4.315133700000000090e+02
5.383027000000000726e+02 4.337869800000000282e+02
5.360822900000000573e+02 4.356708300000000236e+02
5.335504600000000437e+02 4.371549800000000232e+02
5.307891500000000633e+02 4.382275500000000079e+02
5.278804300000000467e+02 4.388746500000000310e+02
5.249082700000000159e+02 4.390864400000000387e+02
5.219565400000000182e+02 4.388490800000000149e+02
5.191053600000000188e+02 4.381503400000000283e+02
5.164387699999999768e+02 4.369805100000000380e+02
5.140404800000000023e+02 4.353237300000000118e+02
5.119927099999999882e+02 4.331700700000000097e+02
5.103794199999999819e+02 4.305076700000000187e+02
5.092824699999999893e+02 4.273245300000000384e+02
5.084727100000000064e+02 4.241759500000000571e+02
5.083313100000000304e+02 4.211606500000000324e+02
5.087879000000000360e+02 4.183158800000000497e+02
5.097781800000000203e+02 4.156730200000000650e+02
5.112317000000000462e+02 4.132654800000000819e+02
5.130805599999999913e+02 4.111265800000001036e+02
5.152600400000000036e+02 4.092877600000001053e+02
5.177000900000000456e+02 4.077842600000001312e+02
5.230962400000000798e+02 4.059128800000001434e+02
5.259178800000000820e+02 4.056118700000001240e+02
5.287287500000001046e+02 4.057756200000001172e+02
5.314646200000000817e+02 4.064414200000001074e+02
5.340551900000000387e+02 4.076387800000001107e+02
5.364360800000000609e+02 4.094029900000001021e+02
5.385370200000000978e+02 4.117655200000000946e+02
5.401849600000000464e+02 4.141563600000001202e+02
5.413959100000000717e+02 4.167923400000001379e+02
5.421443300000000818e+02 4.195953800000001479e+02
5.423987100000000510e+02 4.224874200000001565e+02
5.423986800000000130e+02 4.224868200000000229e+02
