7.742921099999999797e+02 6.780697599999999738e+02
7.741511500000000296e+02 6.814353100000000723e+02
7.733668400000000247e+02 6.844468600000000151e+02
7.720211600000000089e+02 6.870963199999999915e+02
7.701961300000000392e+02 6.893699300000000676e+02
7.679757200000000239e+02 6.912537700000000314e+02
7.654438599999999724e+02 6.927379300000000057e+02
7.626825799999999163e+02 6.938105000000000473e+02
7.597738599999998996e+02 6.944575899999999820e+02
7.568016699999999446e+02 6.946693900000000212e+02
7.538499799999999595e+02 6.944320300000000543e+02
7.509987800000000107e+02 6.937333200000000488e+02
7.483321200000000317e+02 6.925634600000000773e+02
7.459338800000000447e+02 6.909066700000000765e+02
7.438861300000000938e+02 6.887530600000000049e+02
7.422727300000001378e+02 6.860906200000000581e+02
7.411758300000001327e+02 6.829075199999999768e+02
7.403660700000001498e+02 6.797589000000000397e+02
7.402247500000001992e+02 6.767435900000000402e+02
7.406813100000001668e+02 6.738988200000000006e+02
7.416715300000001889e+02 6.712559700000000475e+02
7.431251400000002150e+02 6.688484200000000328e+02
7.449739000000001852e+02 6.667095600000000104e+02
7.471534100000002354e+02 6.648707100000000310e+02
7.495934100000002900e+02 6.633672100000000000e+02
7.549896700000002738e+02 6.614958300000000690e+02
7.578112400000002253e+02 6.611944300000000112e+02
7.606221600000002354e+02 6.613581900000000360e+02
7.633580300000002126e+02 6.620239900000000262e+02
7.659485900000001948e+02 6.632213500000000295e+02
7.683294800000002169e+02 6.649855999999999767e+02
7.704304500000001781e+02 6.673480799999999817e+02
7.720783600000002025e+02 6.697389600000000200e+02
7.732893100000002278e+02 6.723749500000000126e+02
7.740377600000002758e+02 6.751779900000000225e+02
7.742921500000002197e+02 6.780699900000000753e+02
7.742921099999999797e+02 6.780697599999999738e+02
