6.000766200000000481e+02 4.878689899999999966e+02
5.999356600000000981e+02 4.912345399999999813e+02
5.991513500000000931e+02 4.942460800000000063e+02
5.978056700000000774e+02 4.968955799999999954e+02
5.959806500000000824e+02 4.991691500000000019e+02
5.937602400000000671e+02 5.010530299999999784e+02
5.912283700000000408e+02 5.025371899999999528e+02
5.884670600000000604e+02 5.036097199999999248e+02
5.855583700000000817e+02 5.042568499999999290e+02
5.825861700000000383e+02 5.044686499999999114e+02
5.796344900000000280e+02 5.042309099999999376e+02
5.767833100000000286e+02 5.035321699999999510e+02
5.741166400000000749e+02 5.023623399999999606e+02
5.717183600000000752e+02 5.007055499999999597e+02
5.696706000000000358e+02 4.985518999999999323e+02
5.680572100000000546e+02 4.958894599999999286e+02
5.669602800000000116e+02 4.927063599999999042e+02
5.661505500000000666e+02 4.895577799999999229e+02
5.660092300000001160e+02 4.865424399999999423e+02
5.664657900000000836e+02 4.836976699999999596e+02
5.674560000000001310e+02 4.810548499999999876e+02
5.689096200000001318e+02 4.786472999999999729e+02
5.707583800000001020e+02 4.765083999999999946e+02
5.729378900000001522e+02 4.746695500000000152e+02
5.753779300000001058e+02 4.731660899999999970e+02
5.807741800000001149e+02 4.712946699999999964e+02
5.835957600000001548e+02 4.709932699999999954e+02
5.864066700000001902e+02 4.711570399999999950e+02
5.891425400000001673e+02 4.718228300000000104e+02
5.917331100000001243e+02 4.730201500000000010e+02
5.941140000000001464e+02 4.747844000000000051e+02
5.962149800000001960e+02 4.771469299999999976e+02
5.978628800000002457e+02 4.795377700000000232e+02
5.990738300000002710e+02 4.821737500000000409e+02
5.998222800000003190e+02 4.849768000000000256e+02
6.000766600000002882e+02 4.878688000000000216e+02
6.000766200000000481e+02 4.878689899999999966e+02
