6.590886500000000296e+02 5.523747900000000755e+02
6.589476900000000796e+02 5.557403500000000349e+02
6.581633800000000747e+02 5.587518500000001040e+02
6.568177100000000337e+02 5.614013500000000931e+02
6.549926800000000640e+02 5.636749600000000555e+02
6.527722700000000486e+02 5.655588000000000193e+02
6.502404000000000224e+02 5.670429500000000189e+02
6.474791300000000547e+02 5.681155300000000352e+02
6.445704000000000633e+02 5.687626200000000836e+02
6.415982000000000198e+02 5.689744200000000092e+02
6.386465200000000095e+02 5.687366800000000922e+02
6.357953400000000101e+02 5.680379800000000614e+02
6.331286700000000565e+02 5.668681100000001152e+02
6.307304200000000947e+02 5.652113300000000891e+02
6.286826700000001438e+02 5.630576700000001438e+02
6.270693100000002005e+02 5.603952800000000707e+02
6.259723500000002332e+02 5.572121300000001156e+02
6.251626200000002882e+02 5.540635500000000775e+02
6.250213000000003376e+02 5.510482500000000528e+02
6.254778500000003305e+02 5.482034800000001269e+02
6.264680700000003526e+02 5.455606200000000854e+02
6.279216900000003534e+02 5.431530700000000706e+02
6.297704500000003236e+02 5.410142100000000482e+02
6.319499600000003738e+02 5.391753600000000688e+02
6.343899600000004284e+02 5.376718600000001516e+02
6.397862200000004123e+02 5.358004900000000816e+02
6.426077900000003638e+02 5.354990800000000490e+02
6.454187000000003991e+02 5.356628500000001623e+02
6.481545700000003762e+02 5.363286400000001777e+02
6.507451300000003585e+02 5.375260000000000673e+02
6.531260300000003554e+02 5.392902200000000903e+02
6.552270000000003165e+02 5.416527400000002217e+02
6.568749100000003409e+02 5.440436200000001463e+02
6.580858600000003662e+02 5.466796000000001641e+02
6.588343000000003258e+02 5.494826100000001361e+02
6.590887000000003582e+02 5.523746400000001131e+02
6.590886500000000296e+02 5.523747900000000755e+02
