6.873677000000000135e+02 5.842647099999999227e+02
6.872267400000000634e+02 5.876302699999999959e+02
6.864423900000000458e+02 5.906417699999999513e+02
6.850967500000000427e+02 5.932912699999999404e+02
6.832717200000000730e+02 5.955648800000000165e+02
6.810513100000000577e+02 5.974487300000000687e+02
6.785194500000000062e+02 5.989328700000000936e+02
6.757581699999999501e+02 6.000054500000001099e+02
6.728494499999999334e+02 6.006525800000000572e+02
6.698772499999998900e+02 6.008643700000000081e+02
6.669255199999998922e+02 6.006270200000001296e+02
6.640743699999999308e+02 5.999282800000000861e+02
6.614077099999999518e+02 5.987584100000001399e+02
6.590094699999999648e+02 5.971016600000000381e+02
6.569617200000000139e+02 5.949480100000000675e+02
6.553483200000000579e+02 5.922855700000000070e+02
6.542513900000000149e+02 5.891024700000000394e+02
6.534416600000000699e+02 5.859538400000000138e+02
6.533003400000001193e+02 5.829385500000000775e+02
6.537569000000000869e+02 5.800937800000000379e+02
6.547471100000001343e+02 5.774509100000000217e+02
6.562007300000001351e+02 5.750433700000000954e+02
6.580494900000001053e+02 5.729045100000000730e+02
6.602290000000001555e+02 5.710656599999999798e+02
6.626690000000002101e+02 5.695621600000000626e+02
6.680652200000001812e+02 5.676907900000001064e+02
6.708868300000001454e+02 5.673893800000000738e+02
6.736977400000001808e+02 5.675531500000000733e+02
6.764336200000001327e+02 5.682189400000000887e+02
6.790241800000001149e+02 5.694163000000000920e+02
6.814050700000001370e+02 5.711805200000001150e+02
6.835060500000001866e+02 5.735430400000001327e+02
6.851539500000002363e+02 5.759339200000001711e+02
6.863649000000002616e+02 5.785699000000001888e+02
6.871133500000003096e+02 5.813729100000000471e+02
6.873677400000002535e+02 5.842649400000000242e+02
6.873677000000000135e+02 5.842647099999999227e+02
