7.777445400000000291e+02 7.947943279999999504e+02
7.776035800000000791e+02 7.981598719999999503e+02
7.768192700000000741e+02 8.011714140000000270e+02
7.754736000000000331e+02 8.038208829999999807e+02
7.736486100000000761e+02 8.060944869999999582e+02
7.714281900000000860e+02 8.079783380000000079e+02
7.688963300000000345e+02 8.094624900000000025e+02
7.661350200000000541e+02 8.105350620000000390e+02
7.632262900000000627e+02 8.111821499999999787e+02
7.602541400000000067e+02 8.113939500000000180e+02
7.573024100000000089e+02 8.111565829999999551e+02
7.544512100000000601e+02 8.104578830000000380e+02
7.517845600000000559e+02 8.092880239999999503e+02
7.493863100000000941e+02 8.076312369999999419e+02
7.473385600000001432e+02 8.054776219999999967e+02
7.457252000000001999e+02 8.028151819999999361e+02
7.446282700000001569e+02 7.996320749999999862e+02
7.438185100000001739e+02 7.964834589999999253e+02
7.436771900000002233e+02 7.934681559999999081e+02
7.441337400000002162e+02 7.906233839999999873e+02
7.451239600000002383e+02 7.879805309999999281e+02
7.465775800000002391e+02 7.855729799999999159e+02
7.484263400000002093e+02 7.834341279999999870e+02
7.506058500000002596e+02 7.815952719999999090e+02
7.530458800000002384e+02 7.800918039999999110e+02
7.584421000000002095e+02 7.782203919999999471e+02
7.612637200000002622e+02 7.779189969999999903e+02
7.640746300000002975e+02 7.780827529999999115e+02
7.668105000000002747e+02 7.787485090000000127e+02
7.694010600000002569e+02 7.799458769999999959e+02
7.717819200000002411e+02 7.817100809999999456e+02
7.738828900000002022e+02 7.840726069999999481e+02
7.755308000000002266e+02 7.864634939999999688e+02
7.767417500000002519e+02 7.890994719999999916e+02
7.774901900000002115e+02 7.919024829999999611e+02
7.777445800000001555e+02 7.947945089999999482e+02
7.777445400000000291e+02 7.947943279999999504e+02
