9.041999200000000201e+02 7.627078599999999824e+02
9.040589600000000701e+02 7.660734199999999419e+02
9.032746500000000651e+02 7.690849580000000287e+02
9.019289800000000241e+02 7.717344130000000177e+02
9.001039500000000544e+02 7.740080259999999726e+02
8.978835400000000391e+02 7.758918780000000197e+02
8.953516700000000128e+02 7.773760600000000522e+02
8.925903600000000324e+02 7.784485909999999649e+02
8.896816700000000537e+02 7.790957300000000032e+02
8.867094700000000103e+02 7.793075199999999541e+02
8.837577499999999873e+02 7.790697820000000320e+02
8.809066100000000006e+02 7.783710429999999860e+02
8.782399400000000469e+02 7.772012130000000525e+02
8.758416900000000851e+02 7.755444370000000163e+02
8.737939000000001215e+02 7.733907719999999699e+02
8.721805400000001782e+02 7.707283710000000383e+02
8.710836200000002236e+02 7.675452400000000353e+02
8.702738900000002786e+02 7.643966500000000224e+02
8.701325700000003280e+02 7.613813199999999597e+02
8.705891300000002957e+02 7.585365500000000338e+02
8.715793000000003303e+02 7.558937200000000303e+02
8.730329600000003438e+02 7.534861799999999903e+02
8.748816800000003013e+02 7.513472799999999552e+02
8.770611900000003516e+02 7.495084200000000010e+02
8.795012300000003052e+02 7.480049699999999575e+02
8.848974500000002763e+02 7.461335599999999886e+02
8.877190500000002658e+02 7.458325300000000198e+02
8.905299600000003011e+02 7.459963000000000193e+02
8.932658400000002530e+02 7.466620900000000347e+02
8.958564000000002352e+02 7.478594500000000380e+02
8.982372900000002574e+02 7.496236699999999473e+02
9.003382700000003069e+02 7.519861899999999650e+02
9.019861700000003566e+02 7.543770700000000033e+02
9.031971200000003819e+02 7.570130500000000211e+02
9.039455700000004299e+02 7.598160599999999931e+02
9.041999600000003738e+02 7.627080899999999701e+02
9.041999200000000201e+02 7.627078599999999824e+02
