8.157248100000000477e+02 6.695726899999999659e+02
8.155838400000000092e+02 6.729382399999999507e+02
8.147995300000000043e+02 6.759497499999999945e+02
8.134538599999999633e+02 6.785992599999999584e+02
8.116288299999999936e+02 6.808728599999999460e+02
8.094084100000000035e+02 6.827567099999999982e+02
8.068765499999999520e+02 6.842408599999999979e+02
8.041152799999999843e+02 6.853134199999999510e+02
8.012065499999999929e+02 6.859605199999999741e+02
7.982343499999999494e+02 6.861723200000000134e+02
7.952826699999999391e+02 6.859349600000000464e+02
7.924314799999999650e+02 6.852362200000000030e+02
7.897648199999999861e+02 6.840663899999999558e+02
7.873665700000000243e+02 6.824096100000000433e+02
7.853188099999999849e+02 6.802559400000000096e+02
7.837054200000000037e+02 6.775935100000000375e+02
7.826084899999999607e+02 6.744104099999999562e+02
7.817987600000000157e+02 6.712618300000000318e+02
7.816574500000000398e+02 6.682464899999999943e+02
7.821139699999999948e+02 6.654017199999999548e+02
7.831041800000000421e+02 6.627589000000000397e+02
7.845578000000000429e+02 6.603513500000000249e+02
7.864065500000000384e+02 6.582124599999999646e+02
7.885860700000000634e+02 6.563735899999999219e+02
7.910261000000000422e+02 6.548701399999999921e+02
7.964223200000000134e+02 6.529987200000000485e+02
7.992439299999999776e+02 6.526973299999999654e+02
8.020548499999999876e+02 6.528610899999999901e+02
8.047907099999999900e+02 6.535268800000000056e+02
8.073812799999999470e+02 6.547242400000000089e+02
8.097621799999999439e+02 6.564884899999999561e+02
8.118631399999999303e+02 6.588509799999999359e+02
8.135110599999999295e+02 6.612418599999999742e+02
8.147219999999999800e+02 6.638778300000000172e+02
8.154704100000000153e+02 6.666808800000000019e+02
8.157247999999999593e+02 6.695728799999999410e+02
8.157248100000000477e+02 6.695726899999999659e+02
