8.762858599999999569e+02 7.308321899999999687e+02
8.761449000000000069e+02 7.341977400000000671e+02
8.753605900000000020e+02 7.372092900000000100e+02
8.740149499999999989e+02 7.398587499999999864e+02
8.721899200000000292e+02 7.421323700000000372e+02
8.699695100000000139e+02 7.440162100000000009e+02
8.674376399999999876e+02 7.455003900000000385e+02
8.646763399999999820e+02 7.465729200000000674e+02
8.617676500000000033e+02 7.472200500000000147e+02
8.587954499999999598e+02 7.474318500000000540e+02
8.558437399999999116e+02 7.471944899999999734e+02
8.529926099999998996e+02 7.464957400000000689e+02
8.503259099999999080e+02 7.453259199999999964e+02
8.479276699999999209e+02 7.436691500000000588e+02
8.458798999999999069e+02 7.415154899999999998e+02
8.442665499999999383e+02 7.388530500000000529e+02
8.431696199999998953e+02 7.356699499999999716e+02
8.423598999999999251e+02 7.325213200000000597e+02
8.422185699999998860e+02 7.295060300000000097e+02
8.426750999999999294e+02 7.266612499999999955e+02
8.436652999999998883e+02 7.240184299999999666e+02
8.451189199999998891e+02 7.216108799999999519e+02
8.469676899999998341e+02 7.194719900000000052e+02
8.491471999999998843e+02 7.176331299999999374e+02
8.515872399999998379e+02 7.161296800000000076e+02
8.569834399999998595e+02 7.142582499999999754e+02
8.598050299999998742e+02 7.139568600000000060e+02
8.626159399999999096e+02 7.141206099999999424e+02
8.653518099999998867e+02 7.147864099999999326e+02
8.679423799999998437e+02 7.159837800000000243e+02
8.703232699999998658e+02 7.177479799999999841e+02
8.724242399999998270e+02 7.201105099999999766e+02
8.740721499999998514e+02 7.225013900000000149e+02
8.752830999999998767e+02 7.251373699999999189e+02
8.760315099999999120e+02 7.279403700000000299e+02
8.762858999999998559e+02 7.308324099999999817e+02
8.762858599999999569e+02 7.308321899999999687e+02
