7.888156199999999671e+02 6.353003999999999678e+02
7.886746600000000171e+02 6.386659500000000662e+02
7.878903500000000122e+02 6.416775000000000091e+02
7.865446799999999712e+02 6.443269599999999855e+02
7.847196400000000267e+02 6.466005700000000616e+02
7.824992300000000114e+02 6.484844200000000001e+02
7.799673999999999978e+02 6.499685699999999997e+02
7.772060900000000174e+02 6.510411300000000665e+02
7.742973700000000008e+02 6.516882299999999759e+02
7.713251800000000458e+02 6.519000300000000152e+02
7.683734900000000607e+02 6.516626599999999598e+02
7.655222900000001118e+02 6.509639600000000428e+02
7.628556400000001076e+02 6.497940899999999829e+02
7.604573900000001458e+02 6.481373499999999694e+02
7.584096400000001950e+02 6.459836900000000242e+02
7.567962800000002517e+02 6.433212499999999636e+02
7.556993400000002339e+02 6.401381599999999708e+02
7.548895800000002509e+02 6.369895400000000336e+02
7.547482700000002751e+02 6.339742400000000089e+02
7.552048200000002680e+02 6.311294599999999946e+02
7.561950400000002901e+02 6.284866399999999658e+02
7.576486600000002909e+02 6.260790600000000268e+02
7.594974100000002863e+02 6.239402000000000044e+02
7.616769200000003366e+02 6.221013399999999365e+02
7.641169200000003912e+02 6.205978800000000319e+02
7.695131800000003750e+02 6.187264700000000630e+02
7.723347600000004149e+02 6.184250700000000052e+02
7.751457100000004630e+02 6.185888300000000299e+02
7.778815400000004274e+02 6.192546300000000201e+02
7.804721000000004096e+02 6.204519900000000234e+02
7.828529900000004318e+02 6.222162299999999959e+02
7.849539600000003929e+02 6.245787299999999505e+02
7.866018800000003921e+02 6.269696099999999888e+02
7.878128300000004174e+02 6.296055800000000318e+02
7.885612700000003770e+02 6.324086300000000165e+02
7.888156600000003209e+02 6.353006299999999555e+02
7.888156199999999671e+02 6.353003999999999678e+02
