6.716902700000000550e+02 5.090755300000000148e+02
6.715493100000001050e+02 5.124410500000000184e+02
6.707650000000001000e+02 5.154525900000001002e+02
6.694193200000000843e+02 5.181021000000000640e+02
6.675943300000001273e+02 5.203757000000000517e+02
6.653738900000000740e+02 5.222595499999999902e+02
6.628420200000000477e+02 5.237436999999999898e+02
6.600807500000000800e+02 5.248162700000000314e+02
6.571720200000000887e+02 5.254633599999999660e+02
6.541998300000001336e+02 5.256751600000000053e+02
6.512481400000001486e+02 5.254377999999999247e+02
6.483969400000001997e+02 5.247390599999999949e+02
6.457302800000002208e+02 5.235692300000000614e+02
6.433320400000002337e+02 5.219124500000000353e+02
6.412842900000002828e+02 5.197587999999999511e+02
6.396708900000003268e+02 5.170963999999999032e+02
6.385740000000002965e+02 5.139132499999999482e+02
6.377642400000003136e+02 5.107646699999999669e+02
6.376229100000002745e+02 5.077493299999999863e+02
6.380794700000002422e+02 5.049045600000000036e+02
6.390696900000002643e+02 5.022617400000000316e+02
6.405233000000002903e+02 4.998541900000000169e+02
6.423720700000002353e+02 4.977153000000000134e+02
6.445515800000002855e+02 4.958764800000000150e+02
6.469915800000003401e+02 4.943729800000000409e+02
6.523878300000003492e+02 4.925016100000000279e+02
6.552094000000003007e+02 4.922002000000000521e+02
6.580203600000003235e+02 4.923639700000000516e+02
6.607562300000003006e+02 4.930297600000000671e+02
6.633467900000002828e+02 4.942271200000000704e+02
6.657276400000002923e+02 4.959913400000000934e+02
6.678286200000003419e+02 4.983538600000001111e+02
6.694765200000003915e+02 5.007447000000001367e+02
6.706874700000004168e+02 5.033806800000001545e+02
6.714359200000004648e+02 5.061837300000001392e+02
6.716903100000004088e+02 5.090757600000001162e+02
6.716902700000000550e+02 5.090755300000000148e+02
