8.461676400000000058e+02 7.019154300000000148e+02
8.460266800000000558e+02 7.052809799999999996e+02
8.452423700000000508e+02 7.082925299999999424e+02
8.438966900000000351e+02 7.109419900000000325e+02
8.420716600000000653e+02 7.132155999999999949e+02
8.398512500000000500e+02 7.150994499999999334e+02
8.373193899999999985e+02 7.165836400000000594e+02
8.345581099999999424e+02 7.176561599999999999e+02
8.316493899999999257e+02 7.183033000000000357e+02
8.286771899999998823e+02 7.185151000000000749e+02
8.257254699999998593e+02 7.182773500000000695e+02
8.228743199999998978e+02 7.175786100000000260e+02
8.202076599999999189e+02 7.164087500000000546e+02
8.178094099999999571e+02 7.147520100000000411e+02
8.157616499999999178e+02 7.125983400000000074e+02
8.141482599999999366e+02 7.099359100000000353e+02
8.130513399999999820e+02 7.067528099999999540e+02
8.122415999999999485e+02 7.036042300000000296e+02
8.121002899999999727e+02 7.005888899999999921e+02
8.125568499999999403e+02 6.977441099999999778e+02
8.135470499999998992e+02 6.951013000000000375e+02
8.150006799999998748e+02 6.926937500000000227e+02
8.168494299999998702e+02 6.905548599999999624e+02
8.190289399999999205e+02 6.887160000000000082e+02
8.214689399999999750e+02 6.872125300000000152e+02
8.268651999999999589e+02 6.853411200000000463e+02
8.296867799999999988e+02 6.850397299999999632e+02
8.324977300000000469e+02 6.852034800000000132e+02
8.352335900000000493e+02 6.858692800000000034e+02
8.378241500000000315e+02 6.870666400000000067e+02
8.402050199999999904e+02 6.888308499999999412e+02
8.423059799999999768e+02 6.911933799999999337e+02
8.439538999999999760e+02 6.935842599999999720e+02
8.451648500000000013e+02 6.962202299999999013e+02
8.459132899999999609e+02 6.990232399999999870e+02
8.461676799999999048e+02 7.019152799999999388e+02
8.461676400000000058e+02 7.019154300000000148e+02
