7.303336299999999710e+02 5.728840800000000399e+02
7.301926700000000210e+02 5.762496300000000247e+02
7.294083600000000160e+02 5.792611799999999675e+02
7.280627200000000130e+02 5.819106699999999819e+02
7.262377000000000180e+02 5.841842899999999190e+02
7.240172900000000027e+02 5.860681299999999965e+02
7.214854100000000017e+02 5.875522799999999961e+02
7.187241099999999960e+02 5.886248499999999240e+02
7.158154200000000174e+02 5.892719399999999723e+02
7.128432199999999739e+02 5.894837399999998979e+02
7.098914899999999761e+02 5.892463799999999310e+02
7.070403499999999894e+02 5.885476499999999760e+02
7.043736800000000358e+02 5.873778199999999288e+02
7.019754400000000487e+02 5.857210299999999279e+02
6.999276500000000851e+02 5.835673699999999826e+02
6.983142900000001418e+02 5.809049299999999221e+02
6.972173600000000988e+02 5.777218399999999292e+02
6.964076400000001286e+02 5.745732499999999163e+02
6.962663100000000895e+02 5.715579199999999673e+02
6.967228700000000572e+02 5.687131499999999278e+02
6.977130800000001045e+02 5.660703199999999242e+02
6.991667000000001053e+02 5.636627699999999095e+02
7.010154700000000503e+02 5.615238799999999628e+02
7.031949800000001005e+02 5.596850199999998949e+02
7.056349800000001551e+02 5.581815699999999651e+02
7.110312000000001262e+02 5.563101399999999330e+02
7.138528000000001157e+02 5.560087499999999636e+02
7.166637100000001510e+02 5.561725099999998747e+02
7.193995900000001029e+02 5.568382699999999659e+02
7.219901500000000851e+02 5.580356299999998555e+02
7.243710400000001073e+02 5.597998799999999164e+02
7.264720200000001569e+02 5.621623699999998962e+02
7.281199200000002065e+02 5.645532499999999345e+02
7.293308700000002318e+02 5.671892199999998638e+02
7.300792800000002671e+02 5.699922699999998486e+02
7.303336800000002995e+02 5.728842699999997876e+02
7.303336299999999710e+02 5.728840800000000399e+02
