7.606915500000000065e+02 6.034740899999999328e+02
7.605505799999999681e+02 6.068396299999999428e+02
7.597662699999999631e+02 6.098511700000000246e+02
7.584205999999999221e+02 6.125006399999999758e+02
7.565956099999999651e+02 6.147742399999999634e+02
7.543751499999999623e+02 6.166580999999999904e+02
7.518432799999999361e+02 6.181422900000000027e+02
7.490820199999999431e+02 6.192148200000000315e+02
7.461732899999999518e+02 6.198619499999999789e+02
7.432010899999999083e+02 6.200737500000000182e+02
7.402494099999998980e+02 6.198363799999999628e+02
7.373982199999999239e+02 6.191376400000000331e+02
7.347315599999999449e+02 6.179678100000000995e+02
7.323333099999999831e+02 6.163110400000000482e+02
7.302855499999999438e+02 6.141573800000001029e+02
7.286721999999999753e+02 6.114949400000000423e+02
7.275752699999999322e+02 6.083118300000001000e+02
7.267655099999999493e+02 6.051632200000000239e+02
7.266241899999999987e+02 6.021479100000000244e+02
7.270807499999999663e+02 5.993031399999999849e+02
7.280709499999999252e+02 5.966602900000000318e+02
7.295245799999999008e+02 5.942527800000000298e+02
7.313733299999998962e+02 5.921138900000000831e+02
7.335528399999999465e+02 5.902750300000000152e+02
7.359928400000000011e+02 5.887715600000000222e+02
7.413890999999999849e+02 5.869001499999999396e+02
7.442107099999999491e+02 5.865987499999999955e+02
7.470216199999999844e+02 5.867625100000000202e+02
7.497574899999999616e+02 5.874283100000000104e+02
7.523480499999999438e+02 5.886256700000000137e+02
7.547289199999999028e+02 5.903899200000000747e+02
7.568298899999998639e+02 5.927524100000000544e+02
7.584777999999998883e+02 5.951432800000000043e+02
7.596887399999999388e+02 5.977792699999999968e+02
7.604371999999999616e+02 6.005822699999999941e+02
7.606915799999999308e+02 6.034743100000000595e+02
7.606915500000000065e+02 6.034740899999999328e+02
