8.870624800000000505e+02 6.887415399999999863e+02
8.869215200000001005e+02 6.921070600000000468e+02
8.861372100000000955e+02 6.951186000000000149e+02
8.847915300000000798e+02 6.977680599999999913e+02
8.829665000000001100e+02 7.000417099999999664e+02
8.807460900000000947e+02 7.019255499999999302e+02
8.782142600000000812e+02 7.034097100000000182e+02
8.754529500000001008e+02 7.044822400000000471e+02
8.725442300000000841e+02 7.051293799999999692e+02
8.695720300000000407e+02 7.053411700000000337e+02
8.666203500000000304e+02 7.051034300000000030e+02
8.637691600000000562e+02 7.044046900000000733e+02
8.611025000000000773e+02 7.032348600000000260e+02
8.587042500000001155e+02 7.015780799999999999e+02
8.566564900000000762e+02 6.994244200000000546e+02
8.550431500000000824e+02 6.967619899999999689e+02
8.539462100000000646e+02 6.935788800000000265e+02
8.531364600000000564e+02 6.904302999999999884e+02
8.529951300000000174e+02 6.874149999999999636e+02
8.534516899999999850e+02 6.845701900000000251e+02
8.544418899999999439e+02 6.819273699999999963e+02
8.558955199999999195e+02 6.795198299999999563e+02
8.577442699999999149e+02 6.773809200000000601e+02
8.599237799999999652e+02 6.755421099999999797e+02
8.623637800000000198e+02 6.740386100000000624e+02
8.677600400000000036e+02 6.721671999999999798e+02
8.705816099999999551e+02 6.718661700000000110e+02
8.733925600000000031e+02 6.720299400000000105e+02
8.761284299999999803e+02 6.726957300000000259e+02
8.787189899999999625e+02 6.738930900000000292e+02
8.810998499999999467e+02 6.756573100000000522e+02
8.832008199999999078e+02 6.780198299999999563e+02
8.848487299999999323e+02 6.804107099999999946e+02
8.860596699999999828e+02 6.830466900000000123e+02
8.868081300000000056e+02 6.858496999999999844e+02
8.870625199999999495e+02 6.887417299999999614e+02
8.870624800000000505e+02 6.887415399999999863e+02
