6.441305700000000343e+02 4.767373200000000111e+02
6.439895999999999958e+02 4.801028699999999958e+02
6.432052899999999909e+02 4.831143799999999828e+02
6.418596199999999499e+02 4.857638900000000035e+02
6.400345899999999801e+02 4.880374899999999911e+02
6.378141699999999901e+02 4.899213399999999865e+02
6.352823099999999386e+02 4.914054899999999861e+02
6.325210099999999329e+02 4.924780599999999708e+02
6.296123099999999795e+02 4.931251899999999750e+02
6.266401200000000244e+02 4.933369899999999575e+02
6.236883900000000267e+02 4.930996299999999337e+02
6.208372400000000653e+02 4.924008899999999471e+02
6.181705800000000863e+02 4.912310199999999440e+02
6.157723300000001245e+02 4.895742799999999306e+02
6.137245800000001736e+02 4.874206099999999537e+02
6.121111800000002177e+02 4.847581799999999816e+02
6.110142600000002631e+02 4.815750799999999572e+02
6.102045300000003181e+02 4.784264599999999632e+02
6.100632100000003675e+02 4.754111599999999385e+02
6.105197700000003351e+02 4.725663899999999558e+02
6.115099800000003825e+02 4.699235299999999711e+02
6.129636000000003833e+02 4.675160199999999691e+02
6.148123500000003787e+02 4.653771199999999908e+02
6.169918700000004037e+02 4.635382599999999798e+02
6.194318700000004583e+02 4.620347699999999804e+02
6.248281200000004674e+02 4.601633899999999926e+02
6.276497000000005073e+02 4.598619899999999916e+02
6.304606100000005426e+02 4.600257599999999911e+02
6.331964800000005198e+02 4.606915500000000065e+02
6.357870400000005020e+02 4.618889100000000099e+02
6.381679400000004989e+02 4.636531200000000013e+02
6.402689200000005485e+02 4.660156499999999937e+02
6.419168200000005982e+02 4.684065299999999752e+02
6.431277700000006234e+02 4.710424999999999613e+02
6.438762100000005830e+02 4.738455199999999650e+02
6.441306000000005270e+02 4.767375499999999420e+02
6.441305700000000343e+02 4.767373200000000111e+02
