8.585892000000000053e+02 6.576390499999999975e+02
8.584482299999999668e+02 6.610045999999999822e+02
8.576639199999999619e+02 6.640161399999999503e+02
8.563182899999999336e+02 6.666656500000000278e+02
8.544932599999999638e+02 6.689392100000000028e+02
8.522728499999999485e+02 6.708231100000000424e+02
8.497409899999998970e+02 6.723072600000000421e+02
8.469796899999998914e+02 6.733798199999999952e+02
8.440709899999999379e+02 6.740269200000000183e+02
8.410987999999999829e+02 6.742387200000000576e+02
8.381470799999999599e+02 6.740013500000000022e+02
8.352959299999999985e+02 6.733026100000000724e+02
8.326292300000000068e+02 6.721327800000000252e+02
8.302309800000000450e+02 6.704760000000001128e+02
8.281832200000000057e+02 6.683223400000000538e+02
8.265698700000000372e+02 6.656599500000000944e+02
8.254729399999999941e+02 6.624768000000000256e+02
8.246632100000000491e+02 6.593282300000000760e+02
8.245218900000000986e+02 6.563128800000000638e+02
8.249784200000001420e+02 6.534681100000000242e+02
8.259686200000001008e+02 6.508252999999999702e+02
8.274222800000001143e+02 6.484177500000000691e+02
8.292710000000000719e+02 6.462788600000000088e+02
8.314505100000001221e+02 6.444399900000000798e+02
8.338905500000000757e+02 6.429365300000000616e+02
8.392867700000000468e+02 6.410651199999999790e+02
8.421083800000000110e+02 6.407637200000000348e+02
8.449192900000000463e+02 6.409274800000000596e+02
8.476551600000000235e+02 6.415932800000000498e+02
8.502457200000000057e+02 6.427906299999999646e+02
8.526266100000000279e+02 6.445548499999999876e+02
8.547275799999999890e+02 6.469173799999999801e+02
8.563754800000000387e+02 6.493082500000000437e+02
8.575864300000000640e+02 6.519442300000000614e+02
8.583348700000000235e+02 6.547472400000000334e+02
8.585892700000000559e+02 6.576392799999999852e+02
8.585892000000000053e+02 6.576390499999999975e+02
