9.156329399999999623e+02 7.210052699999999959e+02
9.154919699999999239e+02 7.243708599999999933e+02
9.147076699999998937e+02 7.273823600000000624e+02
9.133619899999998779e+02 7.300318600000000515e+02
9.115369999999999209e+02 7.323054799999999886e+02
9.093165899999999056e+02 7.341893199999999524e+02
9.067847199999998793e+02 7.356734699999999521e+02
9.040234199999998737e+02 7.367460399999999936e+02
9.011146799999999075e+02 7.373931499999999915e+02
8.981424899999999525e+02 7.376049499999999171e+02
8.951908099999999422e+02 7.373672100000000000e+02
8.923396099999999933e+02 7.366684500000000071e+02
8.896729599999999891e+02 7.354986199999999599e+02
8.872747100000000273e+02 7.338418500000000222e+02
8.852269600000000764e+02 7.316881799999999885e+02
8.836136000000001332e+02 7.290257799999999406e+02
8.825166700000000901e+02 7.258426399999999603e+02
8.817069100000001072e+02 7.226940700000000106e+02
8.815655800000000681e+02 7.196787199999999984e+02
8.820221400000000358e+02 7.168339899999999716e+02
8.830123600000000579e+02 7.141911299999999301e+02
8.844659700000000839e+02 7.117835900000000038e+02
8.863147300000000541e+02 7.096446899999999687e+02
8.884942500000000791e+02 7.078058299999999008e+02
8.909342800000000580e+02 7.063023699999998826e+02
8.963305000000000291e+02 7.044309599999999136e+02
8.991521000000000186e+02 7.041299399999999196e+02
9.019630200000000286e+02 7.042936999999999443e+02
9.046988800000000310e+02 7.049594999999999345e+02
9.072894600000000764e+02 7.061568599999999378e+02
9.096703100000000859e+02 7.079210699999998724e+02
9.117712900000001355e+02 7.102835999999999785e+02
9.134192300000000841e+02 7.126744699999999284e+02
9.146301700000001347e+02 7.153104499999999462e+02
9.153785900000001448e+02 7.181134599999999182e+02
9.156329800000000887e+02 7.210054999999999836e+02
9.156329399999999623e+02 7.210052699999999959e+02
