7.186418599999999515e+02 7.295460799999999608e+02
7.185008899999999130e+02 7.329116199999999708e+02
7.177165899999998828e+02 7.359231700000000274e+02
7.163709099999998671e+02 7.385726799999999912e+02
7.145458799999998973e+02 7.408462399999999661e+02
7.123254699999998820e+02 7.427301400000000058e+02
7.097935899999998810e+02 7.442142800000000307e+02
7.070322899999998754e+02 7.452868100000000595e+02
7.041235999999998967e+02 7.459339400000000069e+02
7.011513999999998532e+02 7.461457400000000462e+02
6.981996799999998302e+02 7.459083699999999908e+02
6.953485299999998688e+02 7.452096300000000610e+02
6.926818299999998771e+02 7.440397600000000011e+02
6.902835799999999153e+02 7.423830299999999625e+02
6.882358299999999645e+02 7.402293700000000172e+02
6.866224799999999959e+02 7.375669400000000451e+02
6.855255399999999781e+02 7.343838399999999638e+02
6.847158200000000079e+02 7.312352499999999509e+02
6.845744899999999689e+02 7.282198999999999387e+02
6.850310200000000123e+02 7.253751299999998992e+02
6.860212300000000596e+02 7.227323199999999588e+02
6.874748900000000731e+02 7.203247699999999440e+02
6.893236000000000558e+02 7.181858799999999974e+02
6.915031100000001061e+02 7.163470199999999295e+02
6.939431500000000597e+02 7.148435499999999365e+02
6.993393700000000308e+02 7.129721399999999676e+02
7.021609799999999950e+02 7.126707400000000234e+02
7.049719000000000051e+02 7.128344999999999345e+02
7.077077600000000075e+02 7.135002999999999247e+02
7.102983299999999645e+02 7.146976599999999280e+02
7.126792299999999614e+02 7.164618699999999762e+02
7.147801999999999225e+02 7.188243999999999687e+02
7.164280999999999722e+02 7.212152699999999186e+02
7.176390499999999975e+02 7.238512599999999111e+02
7.183875100000000202e+02 7.266542599999999084e+02
7.186418999999999642e+02 7.295462999999999738e+02
7.186418599999999515e+02 7.295460799999999608e+02
