5.848768999999999778e+02 4.129153200000000083e+02
5.847359299999999394e+02 4.162808800000000247e+02
5.839516199999999344e+02 4.192924200000000496e+02
5.826059499999998934e+02 4.219418900000000576e+02
5.807809199999999237e+02 4.242154900000000453e+02
5.785605099999999084e+02 4.260993400000000406e+02
5.760285999999998694e+02 4.275835200000000214e+02
5.732673399999998765e+02 4.286560600000000250e+02
5.703585999999999103e+02 4.293032000000000039e+02
5.673864099999999553e+02 4.295149900000000116e+02
5.644347299999999450e+02 4.292772500000000377e+02
5.615835399999999709e+02 4.285785100000000511e+02
5.589168700000000172e+02 4.274086800000000608e+02
5.565186400000000049e+02 4.257519000000000347e+02
5.544708799999999655e+02 4.235982400000000325e+02
5.528575200000000223e+02 4.209358100000000604e+02
5.517605899999999792e+02 4.177527000000000612e+02
5.509508299999999963e+02 4.146040800000000672e+02
5.508094999999999573e+02 4.115887800000000425e+02
5.512660599999999249e+02 4.087440100000000598e+02
5.522562699999999722e+02 4.061012000000000626e+02
5.537098899999999730e+02 4.036936400000000731e+02
5.555586599999999180e+02 4.015547500000000696e+02
5.577381699999999682e+02 3.997158900000000585e+02
5.601782099999999218e+02 3.982124300000000403e+02
5.655744299999998930e+02 3.963410600000000272e+02
5.683960299999998824e+02 3.960400300000000016e+02
5.712068999999999050e+02 3.962038000000000011e+02
5.739428099999998949e+02 3.968695799999999849e+02
5.765333799999998519e+02 3.980669100000000071e+02
5.789142699999998740e+02 3.998311699999999860e+02
5.810152499999999236e+02 4.021936499999999910e+02
5.826631899999998723e+02 4.045845299999999725e+02
5.838741399999998976e+02 4.072205099999999902e+02
5.846225499999999329e+02 4.100235199999999622e+02
5.848769299999999021e+02 4.129155499999999392e+02
5.848768999999999778e+02 4.129153200000000083e+02
