7.718726299999999583e+02 5.654401800000000549e+02
7.717316599999999198e+02 5.688057300000000396e+02
7.709473499999999149e+02 5.718172700000000077e+02
7.696017199999998866e+02 5.744667400000000725e+02
7.677766899999999168e+02 5.767403400000000602e+02
7.655562699999999268e+02 5.786241999999999734e+02
7.630243999999999005e+02 5.801083499999999731e+02
7.602630999999998949e+02 5.811809100000000399e+02
7.573544099999999162e+02 5.818280500000000757e+02
7.543822099999998727e+02 5.820398500000000013e+02
7.514304899999998497e+02 5.818024800000000596e+02
7.485792999999998756e+02 5.811037400000000162e+02
7.459126399999998966e+02 5.799338700000000699e+02
7.435144299999999475e+02 5.782771400000000313e+02
7.414666299999998955e+02 5.761234699999999975e+02
7.398532799999999270e+02 5.734610400000001391e+02
7.387563499999998839e+02 5.702779300000000831e+02
7.379466199999999390e+02 5.671293200000000070e+02
7.378052999999999884e+02 5.641140100000000075e+02
7.382618300000000318e+02 5.612692400000000816e+02
7.392520299999999907e+02 5.586263900000001286e+02
7.407056599999999662e+02 5.562188400000000001e+02
7.425544099999999617e+02 5.540799799999999777e+02
7.447339200000000119e+02 5.522411200000000235e+02
7.471739599999999655e+02 5.507376600000000053e+02
7.525701799999999366e+02 5.488662500000000364e+02
7.553917899999999008e+02 5.485648400000000038e+02
7.582026999999999362e+02 5.487286100000000033e+02
7.609385699999999133e+02 5.493944099999999935e+02
7.635291299999998955e+02 5.505917600000000220e+02
7.659100399999998672e+02 5.523559800000000450e+02
7.680109599999998409e+02 5.547185799999999745e+02
7.696588799999998400e+02 5.571094599999998991e+02
7.708698599999997896e+02 5.597454399999999168e+02
7.716182699999998249e+02 5.625484400000000278e+02
7.718726599999997688e+02 5.654404799999999796e+02
7.718726299999999583e+02 5.654401800000000549e+02
