6.142606200000000172e+02 4.449343900000000076e+02
6.141196600000000672e+02 4.482999399999999923e+02
6.133353100000000495e+02 4.513114800000000173e+02
6.119896700000000465e+02 4.539609399999999937e+02
6.101646500000000515e+02 4.562345500000000129e+02
6.079442400000000362e+02 4.581184000000000083e+02
6.054123700000000099e+02 4.596025500000000079e+02
6.026510600000000295e+02 4.606751199999999926e+02
5.997423700000000508e+02 4.613222099999999841e+02
5.967701700000000073e+02 4.615340099999999666e+02
5.938184499999999844e+02 4.612962699999999927e+02
5.909673099999999977e+02 4.605975700000000188e+02
5.883006000000000313e+02 4.594277000000000157e+02
5.859023900000000822e+02 4.577709600000000023e+02
5.838546000000001186e+02 4.556173000000000002e+02
5.822412400000001753e+02 4.529548599999999965e+02
5.811443200000002207e+02 4.497717599999999720e+02
5.803345900000002757e+02 4.466231399999999780e+02
5.801932700000003251e+02 4.436078399999999533e+02
5.806498300000002928e+02 4.407630699999999706e+02
5.816400000000003274e+02 4.381202499999999986e+02
5.830936200000003282e+02 4.357126700000000028e+02
5.849423800000002984e+02 4.335738099999999804e+02
5.871218900000003487e+02 4.317349499999999694e+02
5.895619300000003022e+02 4.302314899999999511e+02
5.949581500000002734e+02 4.283600699999999506e+02
5.977797500000002628e+02 4.280590499999999565e+02
6.005906600000002982e+02 4.282228099999999813e+02
6.033265400000002501e+02 4.288886099999999715e+02
6.059171000000002323e+02 4.300859699999999748e+02
6.082979900000002544e+02 4.318501799999999662e+02
6.103989700000003040e+02 4.342127099999999587e+02
6.120468700000003537e+02 4.366035799999999654e+02
6.132578200000003790e+02 4.392395699999999579e+02
6.140062700000004270e+02 4.420425699999999551e+02
6.142606600000003709e+02 4.449346099999999637e+02
6.142606200000000172e+02 4.449343900000000076e+02
