8.292709700000000339e+02 6.264629499999999780e+02
8.291299999999999955e+02 6.298285000000000764e+02
8.283456899999999905e+02 6.328400100000000066e+02
8.270000199999999495e+02 6.354895099999999957e+02
8.251750299999999925e+02 6.377631099999999833e+02
8.229545699999999897e+02 6.396469600000000355e+02
8.204227399999999761e+02 6.411311200000000099e+02
8.176614399999999705e+02 6.422036900000000514e+02
8.147527499999999918e+02 6.428507799999999861e+02
8.117805499999999483e+02 6.430625800000000254e+02
8.088288399999999001e+02 6.428248399999999947e+02
8.059776399999999512e+02 6.421260999999999513e+02
8.033109799999999723e+02 6.409562700000000177e+02
8.009127399999999852e+02 6.392994800000000168e+02
7.988649900000000343e+02 6.371458300000000463e+02
7.972516300000000911e+02 6.344833899999999858e+02
7.961546900000000733e+02 6.313002900000000182e+02
7.953449300000000903e+02 6.281517000000000053e+02
7.952036100000001397e+02 6.251364100000000690e+02
7.956601700000001074e+02 6.222916400000000294e+02
7.966503800000001547e+02 6.196487799999999879e+02
7.981040000000001555e+02 6.172412299999999732e+02
7.999527600000001257e+02 6.151023700000000645e+02
8.021322700000001760e+02 6.132635199999999713e+02
8.045722700000002305e+02 6.117600199999999404e+02
8.099685300000002144e+02 6.098886099999999715e+02
8.127901300000002038e+02 6.095875800000000027e+02
8.156010500000002139e+02 6.097513500000000022e+02
8.183369100000002163e+02 6.104171699999999419e+02
8.209274700000001985e+02 6.116145000000000209e+02
8.233083800000001702e+02 6.133787499999999682e+02
8.254093000000001439e+02 6.157412699999999859e+02
8.270572600000001557e+02 6.181321199999999862e+02
8.282682000000002063e+02 6.207681000000000040e+02
8.290166100000002416e+02 6.235711400000000140e+02
8.292710000000001855e+02 6.264631399999999530e+02
8.292709700000000339e+02 6.264629499999999780e+02
