7.427978399999999510e+02 5.337308199999999943e+02
7.426568800000000010e+02 5.370963699999999790e+02
7.418725699999999961e+02 5.401079099999999471e+02
7.405268999999999551e+02 5.427573700000000372e+02
7.387018699999999853e+02 5.450309799999999996e+02
7.364814599999999700e+02 5.469148299999999381e+02
7.339496299999999565e+02 5.483990200000000641e+02
7.311883199999999761e+02 5.494715899999999920e+02
7.282795899999999847e+02 5.501186800000000403e+02
7.253074000000000296e+02 5.503304799999999659e+02
7.223557100000000446e+02 5.500927400000000489e+02
7.195045300000000452e+02 5.493940000000000055e+02
7.168378600000000915e+02 5.482241699999999582e+02
7.144396100000001297e+02 5.465673899999999321e+02
7.123918600000001788e+02 5.444137299999999868e+02
7.107785100000002103e+02 5.417512899999999263e+02
7.096815800000001673e+02 5.385681899999999587e+02
7.088718200000001843e+02 5.354196099999999205e+02
7.087304900000001453e+02 5.324042699999999968e+02
7.091870500000001130e+02 5.295595000000000709e+02
7.101772600000001603e+02 5.269166800000000421e+02
7.116308800000001611e+02 5.245091300000000274e+02
7.134796400000001313e+02 5.223702399999999670e+02
7.156591500000001815e+02 5.205313800000000128e+02
7.180991900000001351e+02 5.190279199999999946e+02
7.234954100000001063e+02 5.171565000000000509e+02
7.263169800000000578e+02 5.168550999999999931e+02
7.291279300000001058e+02 5.170188699999999926e+02
7.318638000000000829e+02 5.176846600000000080e+02
7.344543700000000399e+02 5.188819799999999987e+02
7.368352200000000494e+02 5.206462400000000343e+02
7.389362000000000990e+02 5.230087699999999131e+02
7.405841000000001486e+02 5.253995999999999640e+02
7.417950500000001739e+02 5.280355799999999817e+02
7.425435000000002219e+02 5.308386299999999665e+02
7.427978900000001659e+02 5.337306300000000192e+02
7.427978399999999510e+02 5.337308199999999943e+02
