6.894584499999999707e+02 6.974234999999999900e+02
6.893174900000000207e+02 7.007890499999999747e+02
6.885331800000000158e+02 7.038005600000000186e+02
6.871875000000000000e+02 7.064500600000000077e+02
6.853624700000000303e+02 7.087236599999999953e+02
6.831420600000000150e+02 7.106075099999999338e+02
6.806101999999999634e+02 7.120916599999999335e+02
6.778489199999999073e+02 7.131642399999999498e+02
6.749401999999998907e+02 7.138113199999999097e+02
6.719680099999999356e+02 7.140231199999999490e+02
6.690162799999999379e+02 7.137853900000000067e+02
6.661651299999999765e+02 7.130866499999999633e+02
6.634984699999999975e+02 7.119168199999999160e+02
6.611002200000000357e+02 7.102600299999999152e+02
6.590524700000000848e+02 7.081063799999999446e+02
6.574390800000001036e+02 7.054439800000000105e+02
6.563421500000000606e+02 7.022608399999999165e+02
6.555324200000001156e+02 6.991122499999999036e+02
6.553911000000001650e+02 6.960969599999999673e+02
6.558476600000001326e+02 6.932521899999999277e+02
6.568378700000001800e+02 6.906093200000000252e+02
6.582914900000001808e+02 6.882017799999999852e+02
6.601402400000001762e+02 6.860629199999999628e+02
6.623197500000002265e+02 6.842240699999999833e+02
6.647597500000002810e+02 6.827205699999999524e+02
6.701559700000002522e+02 6.808491899999999077e+02
6.729775900000003048e+02 6.805477899999999636e+02
6.757885000000003402e+02 6.807115599999999631e+02
6.785243700000003173e+02 6.813773099999999658e+02
6.811149400000002743e+02 6.825746699999999691e+02
6.834958300000002964e+02 6.843389199999999164e+02
6.855968000000002576e+02 6.867014399999999341e+02
6.872447100000002820e+02 6.890922899999999345e+02
6.884556600000003073e+02 6.917282699999999522e+02
6.892041100000003553e+02 6.945313199999999370e+02
6.894585000000002992e+02 6.974233099999999013e+02
6.894584499999999707e+02 6.974234999999999900e+02
