5.980108800000000429e+02 3.742801799999999730e+02
5.978699200000000928e+02 3.776457799999999452e+02
5.970855700000000752e+02 3.806572799999999575e+02
5.957398900000000594e+02 3.833067499999999654e+02
5.939149000000001024e+02 3.855803899999999658e+02
5.916944900000000871e+02 3.874641999999999484e+02
5.891626200000000608e+02 3.889483499999999481e+02
5.864013100000000804e+02 3.900209199999999328e+02
5.834926300000000765e+02 3.906680099999999243e+02
5.805204200000000583e+02 3.908798099999999067e+02
5.775687100000000100e+02 3.906420699999999329e+02
5.747174800000000232e+02 3.899433699999999590e+02
5.720508200000000443e+02 3.887734699999999748e+02
5.696525700000000825e+02 3.871167599999999993e+02
5.676048200000001316e+02 3.849631400000000099e+02
5.659914600000001883e+02 3.823006700000000251e+02
5.648945400000002337e+02 3.791175300000000448e+02
5.640848000000002003e+02 3.759689800000000446e+02
5.639434900000002244e+02 3.729536800000000198e+02
5.644000500000001921e+02 3.701089100000000371e+02
5.653902200000002267e+02 3.674660500000000525e+02
5.668438400000002275e+02 3.650585000000000377e+02
5.686926000000001977e+02 3.629196400000000153e+02
5.708721100000002480e+02 3.610807200000000421e+02
5.733121400000002268e+02 3.595773300000000177e+02
5.787084000000002106e+02 3.577058800000000360e+02
5.815300000000002001e+02 3.574048500000000104e+02
5.843409200000002102e+02 3.575686200000000099e+02
5.870767800000002126e+02 3.582344500000000380e+02
5.896673600000002580e+02 3.594317700000000286e+02
5.920482500000002801e+02 3.611959900000000516e+02
5.941492200000002413e+02 3.635585100000000693e+02
5.957971300000002657e+02 3.659493900000000508e+02
5.970080700000003162e+02 3.685853700000000686e+02
5.977565300000003390e+02 3.713883800000000406e+02
5.980109200000002829e+02 3.742804100000000176e+02
5.980108800000000429e+02 3.742801799999999730e+02
