6.236427300000000287e+02 4.047194400000000201e+02
6.235017700000000787e+02 4.080849800000000300e+02
6.227174600000000737e+02 4.110965200000000550e+02
6.213717900000000327e+02 4.137459900000000630e+02
6.195467600000000630e+02 4.160196000000000822e+02
6.173263500000000477e+02 4.179034500000000776e+02
6.147944800000000214e+02 4.193876400000000899e+02
6.120332100000000537e+02 4.204601700000000619e+02
6.091244800000000623e+02 4.211073000000000661e+02
6.061522900000001073e+02 4.213191000000000486e+02
6.032006000000001222e+02 4.210817300000000500e+02
6.003494100000001481e+02 4.203829900000000634e+02
5.976827500000001692e+02 4.192131600000000731e+02
5.952845000000002074e+02 4.175563900000000785e+02
5.932367500000002565e+02 4.154027200000001017e+02
5.916233900000003132e+02 4.127402900000001296e+02
5.905264600000002702e+02 4.095571800000001303e+02
5.897167000000002872e+02 4.064085700000001111e+02
5.895753700000002482e+02 4.033932700000000864e+02
5.900319300000002158e+02 4.005484900000000721e+02
5.910221500000002379e+02 3.979056800000000749e+02
5.924757600000002640e+02 3.954981300000000601e+02
5.943245300000002089e+02 3.933592400000000566e+02
5.965040400000002592e+02 3.915203700000000708e+02
5.989440400000003137e+02 3.900168700000000968e+02
6.043403000000002976e+02 3.881455000000000837e+02
6.071618700000002491e+02 3.878441000000000827e+02
6.099727800000002844e+02 3.880078600000001074e+02
6.127086500000002616e+02 3.886736200000000849e+02
6.152992100000002438e+02 3.898710200000001009e+02
6.176801000000002659e+02 3.916352300000000923e+02
6.197810800000003155e+02 3.939977200000000721e+02
6.214289800000003652e+02 3.963885900000000788e+02
6.226399400000003652e+02 3.990245800000000713e+02
6.233883800000003248e+02 4.018276200000000813e+02
6.236427800000003572e+02 4.047196200000000772e+02
6.236427300000000287e+02 4.047194400000000201e+02
