9.317227400000000443e+02 6.812179800000000114e+02
9.315817800000000943e+02 6.845834899999999834e+02
9.307974700000000894e+02 6.875950500000000147e+02
9.294517900000000736e+02 6.902445000000000164e+02
9.276267700000000787e+02 6.925181499999999915e+02
9.254063600000000633e+02 6.944020000000000437e+02
9.228745200000000750e+02 6.958861500000000433e+02
9.201132300000000441e+02 6.969586799999999585e+02
9.172045000000000528e+02 6.976058100000000195e+02
9.142323100000000977e+02 6.978176100000000588e+02
9.112806200000001127e+02 6.975798700000000281e+02
9.084294300000001385e+02 6.968811200000000099e+02
9.057627700000001596e+02 6.957113000000000511e+02
9.033645200000001978e+02 6.940545200000000250e+02
9.013167700000002469e+02 6.919008600000000797e+02
8.997034200000002784e+02 6.892384200000000192e+02
8.986064900000002353e+02 6.860553300000000263e+02
8.977967300000002524e+02 6.829067400000000134e+02
8.976554000000002134e+02 6.798914400000001024e+02
8.981119600000001810e+02 6.770466300000000501e+02
8.991021700000002284e+02 6.744038100000000213e+02
9.005557900000002292e+02 6.719962600000001203e+02
9.024045400000002246e+02 6.698573700000000599e+02
9.045840600000002496e+02 6.680185500000000047e+02
9.070240600000003042e+02 6.665150500000000875e+02
9.124203100000003133e+02 6.646436300000000301e+02
9.152418800000002648e+02 6.643426200000001245e+02
9.180528400000002875e+02 6.645063700000000608e+02
9.207887000000002899e+02 6.651721700000000510e+02
9.233792500000002974e+02 6.663695400000000291e+02
9.257601100000002816e+02 6.681337800000001153e+02
9.278610900000003312e+02 6.704962700000000950e+02
9.295089900000003809e+02 6.728871400000000449e+02
9.307199400000004061e+02 6.755231300000000374e+02
9.314683900000004542e+02 6.783261300000000347e+02
9.317227800000003981e+02 6.812181700000001001e+02
9.317227400000000443e+02 6.812179800000000114e+02
