6.535235400000000254e+02 4.362427700000000073e+02
6.533825699999999870e+02 4.396083100000000172e+02
6.525982699999999568e+02 4.426198600000000170e+02
6.512525899999999410e+02 4.452693199999999933e+02
6.494275599999999713e+02 4.475429399999999873e+02
6.472071899999999687e+02 4.494267800000000079e+02
6.446753199999999424e+02 4.509109700000000203e+02
6.419140199999999368e+02 4.519834999999999923e+02
6.390053199999999833e+02 4.526306299999999965e+02
6.360330900000000156e+02 4.528424299999999789e+02
6.330814100000000053e+02 4.526046900000000051e+02
6.302302100000000564e+02 4.519059399999999869e+02
6.275635600000000522e+02 4.507360800000000154e+02
6.251653100000000904e+02 4.490793400000000020e+02
6.231175600000001396e+02 4.469256799999999998e+02
6.215042000000001963e+02 4.442632399999999961e+02
6.204072700000001532e+02 4.410801399999999717e+02
6.195975100000001703e+02 4.379315599999999904e+02
6.194561800000001313e+02 4.349162299999999846e+02
6.199127400000000989e+02 4.320714499999999703e+02
6.209029600000001210e+02 4.294286299999999983e+02
6.223565700000001470e+02 4.270210799999999836e+02
6.242053400000000920e+02 4.248821899999999800e+02
6.263848500000001422e+02 4.230433299999999690e+02
6.288248800000001211e+02 4.215398699999999508e+02
6.342211000000000922e+02 4.196684499999999503e+02
6.370426700000000437e+02 4.193674399999999309e+02
6.398536200000000917e+02 4.195311899999999241e+02
6.425894900000000689e+02 4.201969899999999143e+02
6.451800600000000259e+02 4.213943599999998924e+02
6.475609100000000353e+02 4.231585999999998648e+02
6.496618900000000849e+02 4.255210899999998446e+02
6.513098300000000336e+02 4.279119599999998513e+02
6.525207800000000589e+02 4.305479499999998438e+02
6.532691900000000942e+02 4.333509899999998538e+02
6.535235800000000381e+02 4.362429899999998497e+02
6.535235400000000254e+02 4.362427700000000073e+02
