6.840774699999999484e+02 4.682578100000000063e+02
6.839364999999999100e+02 4.716233599999999910e+02
6.831521599999998671e+02 4.746348600000000033e+02
6.818065299999998388e+02 4.772843700000000240e+02
6.799814999999998690e+02 4.795579800000000432e+02
6.777610799999998790e+02 4.814418300000000386e+02
6.752292099999998527e+02 4.829259800000000382e+02
6.724679099999998471e+02 4.839985400000000482e+02
6.695592099999998936e+02 4.846456400000000713e+02
6.665870199999999386e+02 4.848574400000000537e+02
6.636353099999998904e+02 4.846196900000000483e+02
6.607841499999998405e+02 4.839209500000000617e+02
6.581174499999998488e+02 4.827511300000000460e+02
6.557192099999998618e+02 4.810943500000000199e+02
6.536714499999998225e+02 4.789406900000000178e+02
6.520580999999998539e+02 4.762782900000000268e+02
6.509611599999998361e+02 4.730951400000000149e+02
6.501514399999998659e+02 4.699465700000000083e+02
6.500101099999998269e+02 4.669312699999999836e+02
6.504666399999998703e+02 4.640864899999999693e+02
6.514568399999998292e+02 4.614436399999999594e+02
6.529104699999998047e+02 4.590360899999999447e+02
6.547592299999997749e+02 4.568972399999999539e+02
6.569387399999998252e+02 4.550583699999999681e+02
6.593787799999997787e+02 4.535548799999999687e+02
6.647749999999997499e+02 4.516834999999999809e+02
6.675965999999997393e+02 4.513821099999999547e+02
6.704075099999997747e+02 4.515458599999999478e+02
6.731433899999997266e+02 4.522116599999999380e+02
6.757339499999997088e+02 4.534090199999999413e+02
6.781148399999997309e+02 4.551732299999999327e+02
6.802157799999997678e+02 4.575357599999999252e+02
6.818637199999997165e+02 4.599266299999999319e+02
6.830746699999997418e+02 4.625626099999999497e+02
6.838230899999997519e+02 4.653656199999999217e+02
6.840774799999996958e+02 4.682576599999999303e+02
6.840774699999999484e+02 4.682578100000000063e+02
