9.039853399999999510e+02 6.496833699999999681e+02
9.038443800000000010e+02 6.530489199999999528e+02
9.030600699999999961e+02 6.560604600000000346e+02
9.017143899999999803e+02 6.587099600000000237e+02
8.998893600000000106e+02 6.609835399999999481e+02
8.976689499999999953e+02 6.628673900000000003e+02
8.951370899999999438e+02 6.643515700000000379e+02
8.923758099999998876e+02 6.654241400000000795e+02
8.894670899999998710e+02 6.660712399999999889e+02
8.864948799999998528e+02 6.662830400000000282e+02
8.835431699999998045e+02 6.660456699999999728e+02
8.806920099999997547e+02 6.653469300000000430e+02
8.780253499999997757e+02 6.641771000000001095e+02
8.756271099999997887e+02 6.625203300000000581e+02
8.735793499999997493e+02 6.603666600000000244e+02
8.719659599999997681e+02 6.577042600000000903e+02
8.708690599999997630e+02 6.545211200000001099e+02
8.700592999999997801e+02 6.513725400000000718e+02
8.699179799999998295e+02 6.483572100000000091e+02
8.703745399999997971e+02 6.455124299999999948e+02
8.713647499999998445e+02 6.428696100000000797e+02
8.728183699999998453e+02 6.404620700000000397e+02
8.746671299999998155e+02 6.383231700000000046e+02
8.768466399999998657e+02 6.364843100000000504e+02
8.792866399999999203e+02 6.349808500000000322e+02
8.846828999999999041e+02 6.331094400000000633e+02
8.875044599999998809e+02 6.328080400000000054e+02
8.903154199999999037e+02 6.329718000000000302e+02
8.930512899999998808e+02 6.336376000000000204e+02
8.956418499999998630e+02 6.348349600000000237e+02
8.980227099999998472e+02 6.365991699999999582e+02
9.001236799999998084e+02 6.389617000000000644e+02
9.017715899999998328e+02 6.413525700000000143e+02
9.029825299999998833e+02 6.439885500000000320e+02
9.037309899999999061e+02 6.467915600000000040e+02
9.039853799999998500e+02 6.496836000000000695e+02
9.039853399999999510e+02 6.496833699999999681e+02
