9.601486800000000130e+02 7.122244499999999334e+02
9.600077099999999746e+02 7.155900400000000445e+02
9.592234099999999444e+02 7.186015499999999747e+02
9.578777299999999286e+02 7.212510499999999638e+02
9.560527399999999716e+02 7.235246499999999514e+02
9.538323299999999563e+02 7.254085000000000036e+02
9.513004599999999300e+02 7.268926500000000033e+02
9.485391599999999244e+02 7.279652299999999059e+02
9.456304199999999582e+02 7.286123099999999795e+02
9.426582300000000032e+02 7.288241099999999051e+02
9.397065499999999929e+02 7.285863799999999628e+02
9.368553500000000440e+02 7.278876399999999194e+02
9.341886900000000651e+02 7.267178099999999858e+02
9.317904500000000780e+02 7.250610199999999850e+02
9.297427000000001271e+02 7.229073699999999008e+02
9.281293400000001839e+02 7.202449699999999666e+02
9.270324100000001408e+02 7.170618299999999863e+02
9.262226500000001579e+02 7.139132399999999734e+02
9.260813200000001189e+02 7.108979499999999234e+02
9.265378800000000865e+02 7.080531799999998839e+02
9.275281000000001086e+02 7.054103199999999561e+02
9.289817100000001346e+02 7.030027699999999413e+02
9.308304700000001048e+02 7.008638699999999062e+02
9.330099900000001298e+02 6.990250199999999268e+02
9.354500200000001087e+02 6.975215599999999085e+02
9.408462400000000798e+02 6.956501499999999396e+02
9.436678400000000693e+02 6.953491199999999708e+02
9.464787600000000793e+02 6.955128899999999703e+02
9.492146200000000817e+02 6.961786700000000110e+02
9.518052000000001271e+02 6.973760399999999890e+02
9.541860500000001366e+02 6.991402499999999236e+02
9.562870300000001862e+02 7.015027699999999413e+02
9.579349300000002359e+02 7.038936599999999544e+02
9.591459100000001854e+02 7.065296399999999721e+02
9.598943300000001955e+02 7.093326499999999442e+02
9.601487200000001394e+02 7.122246699999999464e+02
9.601486800000000130e+02 7.122244499999999334e+02
