9.864366599999999607e+02 7.421669500000000426e+02
9.862957000000000107e+02 7.455324900000000525e+02
9.855113599999999678e+02 7.485440300000000207e+02
9.841657199999999648e+02 7.511934899999999971e+02
9.823406899999999951e+02 7.534671100000000479e+02
9.801202799999999797e+02 7.553509599999999864e+02
9.775884099999999535e+02 7.568351400000000240e+02
9.748271399999999858e+02 7.579076699999999391e+02
9.719184099999999944e+02 7.585547699999999622e+02
9.689462200000000394e+02 7.587665700000000015e+02
9.659945000000000164e+02 7.585288199999999961e+02
9.631433500000000549e+02 7.578301199999999653e+02
9.604766500000000633e+02 7.566602499999999054e+02
9.580784400000001142e+02 7.550035199999999804e+02
9.560306800000000749e+02 7.528498499999999467e+02
9.544172900000000936e+02 7.501874199999999746e+02
9.533203600000000506e+02 7.470043099999999185e+02
9.525106300000001056e+02 7.438557099999999309e+02
9.523693100000001550e+02 7.408404100000000199e+02
9.528258700000001227e+02 7.379956399999999803e+02
9.538160800000001700e+02 7.353528099999999768e+02
9.552697000000001708e+02 7.329452599999999620e+02
9.571184200000001283e+02 7.308063700000000154e+02
9.592979300000001786e+02 7.289674999999999727e+02
9.617379700000001321e+02 7.274640399999999545e+02
9.671341900000001033e+02 7.255926299999999856e+02
9.699557900000000927e+02 7.252916099999999915e+02
9.727667000000001281e+02 7.254553700000000163e+02
9.755025800000000800e+02 7.261211700000000064e+02
9.780931400000000622e+02 7.273185300000000097e+02
9.804740300000000843e+02 7.290827399999999443e+02
9.825750100000001339e+02 7.314452699999999368e+02
9.842229100000001836e+02 7.338361400000000003e+02
9.854338600000002089e+02 7.364721200000000181e+02
9.861823100000002569e+02 7.392751399999999649e+02
9.864367100000002893e+02 7.421671799999999166e+02
9.864366599999999607e+02 7.421669500000000426e+02
