7.121740099999999529e+02 4.993100000000000023e+02
7.120330500000000029e+02 5.026755499999999870e+02
7.112487499999999727e+02 5.056870900000000120e+02
7.099030699999999570e+02 5.083365900000000011e+02
7.080780799999999999e+02 5.106101699999999823e+02
7.058576299999999719e+02 5.124940199999999777e+02
7.033257899999999836e+02 5.139782000000000153e+02
7.005644899999999780e+02 5.150507699999999431e+02
6.976557900000000245e+02 5.156978699999999662e+02
6.946836000000000695e+02 5.159096700000000055e+02
6.917318900000000212e+02 5.156719200000000001e+02
6.888806900000000724e+02 5.149731799999999566e+02
6.862140400000000682e+02 5.138033499999999094e+02
6.838157900000001064e+02 5.121465799999999717e+02
6.817680300000000670e+02 5.099929099999999949e+02
6.801546800000000985e+02 5.073305100000000039e+02
6.790577400000000807e+02 5.041473700000000235e+02
6.782479800000000978e+02 5.009988000000000170e+02
6.781066500000000588e+02 4.979834600000000364e+02
6.785632200000001149e+02 4.951386800000000221e+02
6.795534300000001622e+02 4.924958600000000501e+02
6.810070500000001630e+02 4.900883200000000670e+02
6.828558100000001332e+02 4.879494200000000887e+02
6.850353200000001834e+02 4.861105600000000777e+02
6.874753200000002380e+02 4.846071000000000595e+02
6.928715800000002218e+02 4.827356900000000337e+02
6.956931800000002113e+02 4.824346700000000396e+02
6.985040900000002466e+02 4.825984300000000644e+02
7.012399600000002238e+02 4.832642300000000546e+02
7.038305300000001807e+02 4.844615500000000452e+02
7.062114200000002029e+02 4.862258000000000493e+02
7.083123600000002398e+02 4.885883300000000418e+02
7.099603000000001884e+02 4.909791600000000358e+02
7.111712500000002137e+02 4.936151400000000535e+02
7.119196600000002491e+02 4.964181900000000383e+02
7.121740600000002814e+02 4.993101900000000342e+02
7.121740099999999529e+02 4.993100000000000023e+02
