8.419898699999999963e+02 5.879645600000000059e+02
8.418489100000000462e+02 5.913301099999999906e+02
8.410646000000000413e+02 5.943416600000000471e+02
8.397189200000000255e+02 5.969911199999999099e+02
8.378938900000000558e+02 5.992647299999999859e+02
8.356734800000000405e+02 6.011485800000000381e+02
8.331416199999999890e+02 6.026327699999999368e+02
8.303803100000000086e+02 6.037052999999999656e+02
8.274716200000000299e+02 6.043524299999999130e+02
8.244994199999999864e+02 6.045642299999999523e+02
8.215476999999999634e+02 6.043264799999999468e+02
8.186965500000000020e+02 6.036277399999999034e+02
8.160298900000000231e+02 6.024579199999999446e+02
8.136316400000000613e+02 6.008011399999999185e+02
8.115838500000000977e+02 5.986474799999998595e+02
8.099704900000001544e+02 5.959850399999999127e+02
8.088735700000001998e+02 5.928019399999998313e+02
8.080638400000002548e+02 5.896533599999999069e+02
8.079225200000003042e+02 5.866380199999998695e+02
8.083790800000002719e+02 5.837932499999999436e+02
8.093692500000003065e+02 5.811503900000000158e+02
8.108229100000003200e+02 5.787428399999998874e+02
8.126716600000003154e+02 5.766039899999999534e+02
8.148511400000003277e+02 5.747651299999999992e+02
8.172911800000002813e+02 5.732616699999998673e+02
8.226873900000002777e+02 5.713902499999999236e+02
8.255090100000003304e+02 5.710888599999998405e+02
8.283199200000003657e+02 5.712526099999998905e+02
8.310557900000003428e+02 5.719184099999998807e+02
8.336463500000003251e+02 5.731157699999998840e+02
8.360272500000003220e+02 5.748800199999998313e+02
8.381282200000002831e+02 5.772425099999998110e+02
8.397761300000003075e+02 5.796333899999998494e+02
8.409870800000003328e+02 5.822693599999997787e+02
8.417355200000002924e+02 5.850724099999997634e+02
8.419899100000002363e+02 5.879644099999998161e+02
8.419898699999999963e+02 5.879645600000000059e+02
