6.682033199999999624e+02 3.954151800000000208e+02
6.680623499999999240e+02 3.987807300000000055e+02
6.672780399999999190e+02 4.017922700000000304e+02
6.659323699999998780e+02 4.044417400000000384e+02
6.641073399999999083e+02 4.067153400000000261e+02
6.618869299999998930e+02 4.085992000000000530e+02
6.593550499999998920e+02 4.100833800000000338e+02
6.565937899999998990e+02 4.111559100000000058e+02
6.536850599999999076e+02 4.118030499999999847e+02
6.507128599999998642e+02 4.120148499999999672e+02
6.477611799999998539e+02 4.117774799999999686e+02
6.449099899999998797e+02 4.110787399999999820e+02
6.422433299999999008e+02 4.099089099999999917e+02
6.398450799999999390e+02 4.082521299999999655e+02
6.377973199999998997e+02 4.060984699999999634e+02
6.361839399999998932e+02 4.034360399999999913e+02
6.350870399999998881e+02 4.002529299999999921e+02
6.342772799999999052e+02 3.971043500000000108e+02
6.341359499999998661e+02 3.940890100000000302e+02
6.345925199999999222e+02 3.912442800000000034e+02
6.355827199999998811e+02 3.886014600000000314e+02
6.370363399999998819e+02 3.861939100000000167e+02
6.388850999999998521e+02 3.840550100000000384e+02
6.410646099999999024e+02 3.822161600000000590e+02
6.435046099999999569e+02 3.807127000000000407e+02
6.489008699999999408e+02 3.788412800000000402e+02
6.517224399999998923e+02 3.785398800000000392e+02
6.545333599999999024e+02 3.787036500000000387e+02
6.572692199999999048e+02 3.793694100000000162e+02
6.598597899999998617e+02 3.805667599999999879e+02
6.622406899999998586e+02 3.823310199999999668e+02
6.643416599999998198e+02 3.846934999999999718e+02
6.659895599999998694e+02 3.870843799999999533e+02
6.672005099999998947e+02 3.897203599999999710e+02
6.679489599999999427e+02 3.925234099999999557e+02
6.682033499999998867e+02 3.954153699999999390e+02
6.682033199999999624e+02 3.954151800000000208e+02
