7.556769399999999450e+02 4.897833899999999971e+02
7.555359799999999950e+02 4.931489500000000135e+02
7.547516699999999901e+02 4.961604900000000384e+02
7.534060299999999870e+02 4.988099900000000275e+02
7.515810000000000173e+02 5.010835600000000341e+02
7.493605499999999893e+02 5.029674400000000105e+02
7.468287199999999757e+02 5.044515999999999849e+02
7.440674099999999953e+02 5.055241699999999696e+02
7.411587200000000166e+02 5.061712699999999927e+02
7.381865199999999732e+02 5.063830600000000004e+02
7.352347999999999502e+02 5.061456999999999766e+02
7.323836499999999887e+02 5.054469599999999900e+02
7.297169499999999971e+02 5.042771299999999997e+02
7.273187100000000100e+02 5.026203399999999988e+02
7.252709499999999707e+02 5.004666899999999714e+02
7.236576000000000022e+02 4.978042899999999804e+02
7.225606599999999844e+02 4.946211500000000001e+02
7.217509000000000015e+02 4.914725599999999872e+02
7.216095699999999624e+02 4.884572299999999814e+02
7.220661400000000185e+02 4.856124999999999545e+02
7.230563399999999774e+02 4.829696399999999699e+02
7.245099699999999530e+02 4.805620899999999551e+02
7.263587299999999232e+02 4.784231899999999769e+02
7.285382399999999734e+02 4.765843399999999974e+02
7.309782799999999270e+02 4.750808799999999792e+02
7.363744999999998981e+02 4.732094699999999534e+02
7.391960999999998876e+02 4.729084399999999277e+02
7.420070099999999229e+02 4.730722099999999273e+02
7.447428799999999001e+02 4.737379899999999111e+02
7.473334399999998823e+02 4.749353199999999333e+02
7.497143399999998792e+02 4.766995699999999374e+02
7.518152699999998276e+02 4.790620899999999551e+02
7.534632199999998647e+02 4.814529399999999555e+02
7.546741699999998900e+02 4.840889199999999732e+02
7.554225799999999253e+02 4.868919699999999580e+02
7.556769699999998693e+02 4.897839599999999791e+02
7.556769399999999450e+02 4.897833899999999971e+02
