7.847721699999999601e+02 5.227300299999999424e+02
7.846311999999999216e+02 5.260955799999999272e+02
7.838468999999998914e+02 5.291071299999999837e+02
7.825012299999998504e+02 5.317566299999999728e+02
7.806761999999998807e+02 5.340301999999999225e+02
7.784557799999998906e+02 5.359140400000000000e+02
7.759239499999998770e+02 5.373982399999999870e+02
7.731626499999998714e+02 5.384708100000000286e+02
7.702539099999999053e+02 5.391178999999999633e+02
7.672817199999999502e+02 5.393297000000000025e+02
7.643300399999999399e+02 5.390919599999999718e+02
7.614788499999999658e+02 5.383932099999999537e+02
7.588121899999999869e+02 5.372233899999998812e+02
7.564139800000000378e+02 5.355665999999998803e+02
7.543661900000000742e+02 5.334129499999999098e+02
7.527528300000001309e+02 5.307505099999998492e+02
7.516559000000000879e+02 5.275674099999998816e+02
7.508461400000001049e+02 5.244188299999998435e+02
7.507048100000000659e+02 5.214034899999999197e+02
7.511613800000001220e+02 5.185587199999999939e+02
7.521515800000000809e+02 5.159158999999999651e+02
7.536052000000000817e+02 5.135083499999999503e+02
7.554539700000000266e+02 5.113694499999999721e+02
7.576334800000000769e+02 5.095305999999999926e+02
7.600735200000000304e+02 5.080271399999999744e+02
7.654697400000000016e+02 5.061557199999999739e+02
7.682912999999999784e+02 5.058546999999999798e+02
7.711022500000000264e+02 5.060184600000000046e+02
7.738381200000000035e+02 5.066842599999999948e+02
7.764286799999999857e+02 5.078815799999999854e+02
7.788095399999999700e+02 5.096458299999999895e+02
7.809105099999999311e+02 5.120083500000000640e+02
7.825584199999999555e+02 5.143992000000000644e+02
7.837693699999999808e+02 5.170351800000000821e+02
7.845178099999999404e+02 5.198382200000000921e+02
7.847722099999999728e+02 5.227302200000000312e+02
7.847721699999999601e+02 5.227300299999999424e+02
