6.967463900000000194e+02 4.267251999999999725e+02
6.966054199999999810e+02 4.300907499999999573e+02
6.958211099999999760e+02 4.331022999999999570e+02
6.944754399999999350e+02 4.357517499999999586e+02
6.926504099999999653e+02 4.380253699999999526e+02
6.904300299999999879e+02 4.399092099999999732e+02
6.878981599999999617e+02 4.413933999999999855e+02
6.851368599999999560e+02 4.424659299999999575e+02
6.822281299999999646e+02 4.431130599999999617e+02
6.792559299999999212e+02 4.433248599999999442e+02
6.763042599999998856e+02 4.430871199999999703e+02
6.734530599999999367e+02 4.423883799999999837e+02
6.707863999999999578e+02 4.412185099999999807e+02
6.683881599999999708e+02 4.395617699999999672e+02
6.663403999999999314e+02 4.374081099999999651e+02
6.647270499999999629e+02 4.347456699999999614e+02
6.636301099999999451e+02 4.315625799999999685e+02
6.628203499999999622e+02 4.284139899999999557e+02
6.626790199999999231e+02 4.253986599999999498e+02
6.631355899999999792e+02 4.225538799999999355e+02
6.641257899999999381e+02 4.199110599999999636e+02
6.655794199999999137e+02 4.175035199999999804e+02
6.674281799999998839e+02 4.153646200000000022e+02
6.696076899999999341e+02 4.135257599999999911e+02
6.720477299999998877e+02 4.120223100000000045e+02
6.774439499999998588e+02 4.101508900000000040e+02
6.802655099999998356e+02 4.098498700000000099e+02
6.830764599999998836e+02 4.100136300000000347e+02
6.858123299999998608e+02 4.106794200000000501e+02
6.884028899999998430e+02 4.118767900000000282e+02
6.907837599999998019e+02 4.136410300000000007e+02
6.928847299999997631e+02 4.160035199999999804e+02
6.945326699999997118e+02 4.183944099999999935e+02
6.957436199999997370e+02 4.210303799999999796e+02
6.964920299999997724e+02 4.238334199999999896e+02
6.967464199999997163e+02 4.267254199999999855e+02
6.967463900000000194e+02 4.267251999999999725e+02
