6.382647699999999986e+02 3.628689800000000218e+02
6.381237999999999602e+02 3.662345700000000193e+02
6.373394599999999173e+02 3.692460700000000315e+02
6.359938299999998890e+02 3.718955400000000395e+02
6.341687999999999192e+02 3.741691400000000272e+02
6.319483799999999292e+02 3.760530300000000352e+02
6.294165099999999029e+02 3.775371900000000096e+02
6.266552499999999100e+02 3.786097199999999816e+02
6.237465099999999438e+02 3.792568499999999858e+02
6.207743199999999888e+02 3.794686499999999683e+02
6.178225999999999658e+02 3.792308999999999628e+02
6.149714500000000044e+02 3.785321599999999762e+02
6.123047500000000127e+02 3.773623399999999606e+02
6.099065500000000384e+02 3.757055499999999597e+02
6.078587499999999864e+02 3.735518999999999323e+02
6.062454000000000178e+02 3.708894599999999286e+02
6.051484600000000000e+02 3.677063599999999042e+02
6.043387400000000298e+02 3.645577699999998913e+02
6.041974099999999908e+02 3.615424699999998666e+02
6.046539699999999584e+02 3.586976599999998712e+02
6.056441399999999931e+02 3.560548499999998739e+02
6.070977599999999939e+02 3.536472899999998845e+02
6.089465699999999515e+02 3.515083999999999378e+02
6.111260800000000017e+02 3.496695899999999710e+02
6.135660800000000563e+02 3.481660899999999401e+02
6.189623000000000275e+02 3.462946699999999964e+02
6.217839000000000169e+02 3.459936500000000024e+02
6.245948100000000522e+02 3.461574100000000271e+02
6.273306800000000294e+02 3.468231600000000299e+02
6.299212400000000116e+02 3.480205300000000079e+02
6.323021400000000085e+02 3.497847799999999552e+02
6.344031099999999697e+02 3.521472599999999602e+02
6.360510199999999941e+02 3.545381499999999733e+02
6.372619700000000194e+02 3.571741299999999910e+02
6.380104099999999789e+02 3.599771700000000010e+02
6.382648100000000113e+02 3.628691600000000221e+02
6.382647699999999986e+02 3.628689800000000218e+02
