1.003815299999999979e+03 7.023624499999999671e+02
1.003674700000000030e+03 7.057280100000000402e+02
1.002890300000000025e+03 7.087395099999999957e+02
1.001544700000000034e+03 7.113890099999999848e+02
9.997196500000000015e+02 7.136626199999999471e+02
9.974992300000000114e+02 7.155464600000000246e+02
9.949673599999999851e+02 7.170306199999999990e+02
9.922060999999999922e+02 7.181031900000000405e+02
9.892973600000000260e+02 7.187502899999999499e+02
9.863251700000000710e+02 7.189620899999999892e+02
9.833734500000000480e+02 7.187247199999999339e+02
9.805223000000000866e+02 7.180260200000000168e+02
9.778556300000001329e+02 7.168561499999999569e+02
9.754573900000001458e+02 7.151993700000000445e+02
9.734096300000001065e+02 7.130457499999999982e+02
9.717962400000001253e+02 7.103833099999999376e+02
9.706993100000000823e+02 7.072002099999999700e+02
9.698895900000001120e+02 7.040515900000000329e+02
9.697482600000000730e+02 7.010362900000000081e+02
9.702048200000000406e+02 6.981915199999999686e+02
9.711950300000000880e+02 6.955486599999999271e+02
9.726486500000000888e+02 6.931411200000000008e+02
9.744974100000000590e+02 6.910022500000000036e+02
9.766769200000001092e+02 6.891633999999999105e+02
9.791169200000001638e+02 6.876599400000000060e+02
9.845131800000001476e+02 6.857885300000000370e+02
9.873347500000000991e+02 6.854871200000000044e+02
9.901456600000001345e+02 6.856508900000000040e+02
9.928815700000001243e+02 6.863166799999999057e+02
9.954721300000001065e+02 6.875140400000000227e+02
9.978529900000000907e+02 6.892782599999999320e+02
9.999539700000001403e+02 6.916407799999999497e+02
1.001601800000000139e+03 6.940316199999999753e+02
1.002812800000000152e+03 6.966676399999998921e+02
1.003561300000000188e+03 6.994706499999999778e+02
1.003815600000000131e+03 7.023626899999999296e+02
1.003815299999999979e+03 7.023624499999999671e+02
