8.732605700000000297e+02 6.179023500000000695e+02
8.731196100000000797e+02 6.212679000000000542e+02
8.723353000000000748e+02 6.242794099999999844e+02
8.709896300000000338e+02 6.269289200000000619e+02
8.691646000000000640e+02 6.292025200000000495e+02
8.669441900000000487e+02 6.310863699999999881e+02
8.644123100000000477e+02 6.325705199999999877e+02
8.616510500000000548e+02 6.336430800000000545e+02
8.587423200000000634e+02 6.342901799999999639e+02
8.557701400000000831e+02 6.345019800000000032e+02
8.528184600000000728e+02 6.342642399999999725e+02
8.499672700000000987e+02 6.335655000000000427e+02
8.473006100000001197e+02 6.323956800000000840e+02
8.449023600000001579e+02 6.307388900000000831e+02
8.428546100000002070e+02 6.285852399999999989e+02
8.412412100000002511e+02 6.259228299999999763e+02
8.401442800000002080e+02 6.227397000000000844e+02
8.393345600000002378e+02 6.195911100000000715e+02
8.391932300000001987e+02 6.165758100000000468e+02
8.396497900000001664e+02 6.137310400000000072e+02
8.406400100000001885e+02 6.110881799999999657e+02
8.420936300000001893e+02 6.086806300000000647e+02
8.439423900000001595e+02 6.065417800000000170e+02
8.461219000000002097e+02 6.047029099999999744e+02
8.485619000000002643e+02 6.031994300000000067e+02
8.539581500000002734e+02 6.013280399999999872e+02
8.567797200000002249e+02 6.010270199999999932e+02
8.595906500000002097e+02 6.011907899999999927e+02
8.623265200000001869e+02 6.018565800000000081e+02
8.649170900000001438e+02 6.030538999999999987e+02
8.672979400000001533e+02 6.048181500000000597e+02
8.693989200000002029e+02 6.071806799999999384e+02
8.710468200000002525e+02 6.095715199999999641e+02
8.722577700000002778e+02 6.122074999999999818e+02
8.730062200000003259e+02 6.150105499999999665e+02
8.732606200000003582e+02 6.179025400000000445e+02
8.732605700000000297e+02 6.179023500000000695e+02
