7.245781799999999748e+02 4.568864899999999807e+02
7.244372200000000248e+02 4.602520499999999970e+02
7.236528799999999819e+02 4.632635500000000093e+02
7.223072399999999789e+02 4.659130499999999984e+02
7.204822100000000091e+02 4.681866600000000176e+02
7.182617999999999938e+02 4.700705000000000382e+02
7.157299299999999675e+02 4.715546600000000126e+02
7.129686199999999872e+02 4.726272299999999973e+02
7.100599399999999832e+02 4.732743300000000204e+02
7.070877399999999398e+02 4.734861200000000281e+02
7.041360199999999168e+02 4.732483800000000542e+02
7.012848699999999553e+02 4.725496800000000803e+02
6.986181699999999637e+02 4.713798100000000773e+02
6.962199600000000146e+02 4.697230300000000511e+02
6.941721599999999626e+02 4.675693700000000490e+02
6.925588199999999688e+02 4.649069700000000580e+02
6.914618799999999510e+02 4.617238300000000777e+02
6.906521599999999808e+02 4.585752500000000964e+02
6.905108299999999417e+02 4.555599500000000717e+02
6.909673599999999851e+02 4.527151800000000890e+02
6.919575599999999440e+02 4.500723200000001043e+02
6.934111899999999196e+02 4.476647700000000896e+02
6.952599399999999150e+02 4.455259100000000672e+02
6.974394499999999653e+02 4.436870600000000877e+02
6.998794899999999188e+02 4.421835600000001136e+02
7.052757099999998900e+02 4.403121900000001006e+02
7.080973199999998542e+02 4.400107800000001248e+02
7.109082299999998895e+02 4.401745500000001243e+02
7.136440999999998667e+02 4.408403400000001398e+02
7.162346699999998236e+02 4.420377000000001431e+02
7.186155699999998205e+02 4.438019200000001661e+02
7.207164999999997690e+02 4.461644400000001838e+02
7.223644399999997177e+02 4.485553200000001652e+02
7.235753899999997429e+02 4.511913000000001830e+02
7.243238099999997530e+02 4.539943100000001550e+02
7.245781999999996970e+02 4.568863400000001320e+02
7.245781799999999748e+02 4.568864899999999807e+02
