8.135164200000000392e+02 5.565971899999999550e+02
8.133754600000000892e+02 5.599627500000000282e+02
8.125911100000000715e+02 5.629742900000001100e+02
8.112454800000000432e+02 5.656237499999999727e+02
8.094204500000000735e+02 5.678973600000000488e+02
8.072000400000000582e+02 5.697812000000001262e+02
8.046681700000000319e+02 5.712653600000001006e+02
8.019068700000000263e+02 5.723379300000000285e+02
7.989981700000000728e+02 5.729850300000000516e+02
7.960259800000001178e+02 5.731968300000000909e+02
7.930742500000001201e+02 5.729590800000000854e+02
7.902230700000001207e+02 5.722603800000000547e+02
7.875564000000001670e+02 5.710905099999999948e+02
7.851581600000001799e+02 5.694337700000000950e+02
7.831104000000001406e+02 5.672801100000000361e+02
7.814970500000001721e+02 5.646176800000000640e+02
7.804001200000001290e+02 5.614345700000001216e+02
7.795904000000001588e+02 5.582859600000000455e+02
7.794486900000001697e+02 5.552706500000000460e+02
7.799052500000001373e+02 5.524258800000000065e+02
7.808954600000001847e+02 5.497830200000000787e+02
7.823490800000001855e+02 5.473754700000000639e+02
7.841978500000001304e+02 5.452366100000000415e+02
7.863773600000001807e+02 5.433977500000000873e+02
7.888173600000002352e+02 5.418943000000000438e+02
7.942136200000002191e+02 5.400228799999999865e+02
7.970352200000002085e+02 5.397214800000000423e+02
7.998461300000002439e+02 5.398852400000000671e+02
8.025820000000002210e+02 5.405510400000000573e+02
8.051725700000001780e+02 5.417484000000000606e+02
8.075534600000002001e+02 5.435126099999999951e+02
8.096544000000002370e+02 5.458751400000001013e+02
8.113023000000002867e+02 5.482660200000000259e+02
8.125132900000003247e+02 5.509019900000000689e+02
8.132617000000003600e+02 5.537049999999999272e+02
8.135161000000003924e+02 5.565970399999999927e+02
8.135164200000000392e+02 5.565971899999999550e+02
