6.623846300000000156e+02 6.663460300000000416e+02
6.622436599999999771e+02 6.697115900000000011e+02
6.614593099999999595e+02 6.727230899999999565e+02
6.601136799999999312e+02 6.753726000000000340e+02
6.582886499999999614e+02 6.776462000000000216e+02
6.560682299999999714e+02 6.795300499999999602e+02
6.535363699999999199e+02 6.810142100000000482e+02
6.507750699999999142e+02 6.820867700000000013e+02
6.478663699999999608e+02 6.827338700000000244e+02
6.448941800000000057e+02 6.829456700000000637e+02
6.419424599999999828e+02 6.827079200000000583e+02
6.390912999999999329e+02 6.820092200000000275e+02
6.364245999999999412e+02 6.808393499999999676e+02
6.340263999999999669e+02 6.791825699999999415e+02
6.319786100000000033e+02 6.770289500000000089e+02
6.303652500000000600e+02 6.743665200000000368e+02
6.292683200000000170e+02 6.711834099999999808e+02
6.284586000000000467e+02 6.680348000000000184e+02
6.283172700000000077e+02 6.650194900000000189e+02
6.287737899999999627e+02 6.621747199999999793e+02
6.297640099999999848e+02 6.595318700000000263e+02
6.312176600000000235e+02 6.571243200000000115e+02
6.330663900000000694e+02 6.549854500000000144e+02
6.352459000000001197e+02 6.531466000000000349e+02
6.376859400000000733e+02 6.516431400000000167e+02
6.430821600000000444e+02 6.497717300000000478e+02
6.459037600000000339e+02 6.494707000000000789e+02
6.487146700000000692e+02 6.496344699999999648e+02
6.514505400000000463e+02 6.503002599999999802e+02
6.540411100000000033e+02 6.514976199999999835e+02
6.564220000000000255e+02 6.532618400000000065e+02
6.585229800000000751e+02 6.556243600000000242e+02
6.601708800000001247e+02 6.580152000000000498e+02
6.613818300000001500e+02 6.606511799999999539e+02
6.621302800000001980e+02 6.634542300000000523e+02
6.623846600000001672e+02 6.663462600000000293e+02
6.623846300000000156e+02 6.663460300000000416e+02
