8.568538700000000290e+02 5.445244199999999637e+02
8.567129100000000790e+02 5.478899699999999484e+02
8.559286000000000740e+02 5.509014700000000175e+02
8.545829200000000583e+02 5.535509700000000066e+02
8.527578900000000885e+02 5.558245799999999690e+02
8.505374900000000480e+02 5.577084300000000212e+02
8.480056200000000217e+02 5.591925800000000208e+02
8.452443100000000413e+02 5.602651499999999487e+02
8.423356200000000626e+02 5.609122500000000855e+02
8.393634300000001076e+02 5.611240500000000111e+02
8.364117000000001099e+02 5.608863000000000056e+02
8.335605500000001484e+02 5.601875600000000759e+02
8.308938900000001695e+02 5.590177300000000287e+02
8.284956100000001697e+02 5.573609599999999773e+02
8.264478500000001304e+02 5.552072900000000573e+02
8.248345000000001619e+02 5.525448900000001231e+02
8.237375700000001189e+02 5.493617500000000291e+02
8.229278500000001486e+02 5.462131800000000794e+02
8.227865200000001096e+02 5.431978700000000799e+02
8.232430800000000772e+02 5.403531000000000404e+02
8.242332500000001119e+02 5.377102400000001126e+02
8.256869100000001254e+02 5.353027000000001863e+02
8.275356300000000829e+02 5.331638400000001639e+02
8.297151400000001331e+02 5.313249800000000960e+02
8.321551800000000867e+02 5.298214800000000650e+02
8.375514000000000578e+02 5.279501100000001088e+02
8.403730100000000220e+02 5.276487000000001899e+02
8.431839200000000574e+02 5.278124700000000757e+02
8.459197900000000345e+02 5.284782700000000659e+02
8.485103599999999915e+02 5.296756200000000945e+02
8.508912500000000136e+02 5.314398400000001175e+02
8.529922300000000632e+02 5.338023700000001099e+02
8.546401300000001129e+02 5.361932400000000598e+02
8.558510800000001382e+02 5.388292200000000776e+02
8.565995300000001862e+02 5.416322300000001633e+02
8.568539100000001554e+02 5.445242700000001150e+02
8.568538700000000290e+02 5.445244199999999637e+02
