9.456421299999999519e+02 6.402263199999999870e+02
9.455011599999999135e+02 6.435918599999999969e+02
9.447168499999999085e+02 6.466033999999999651e+02
9.433711799999998675e+02 6.492528700000000299e+02
9.415461499999998978e+02 6.515264799999999923e+02
9.393257299999999077e+02 6.534103700000000572e+02
9.367938999999998941e+02 6.548945200000000568e+02
9.340325999999998885e+02 6.559670499999999720e+02
9.311238699999998971e+02 6.566141800000000330e+02
9.281516699999998536e+02 6.568259800000000723e+02
9.251999799999998686e+02 6.565886100000000170e+02
9.223487999999998692e+02 6.558898699999999735e+02
9.196821299999999155e+02 6.547200400000000400e+02
9.172838799999999537e+02 6.530632700000001023e+02
9.152361300000000028e+02 6.509096100000000433e+02
9.136227800000000343e+02 6.482471700000000965e+02
9.125258499999999913e+02 6.450640600000000404e+02
9.117160900000000083e+02 6.419154900000000907e+02
9.115747599999999693e+02 6.389001500000000533e+02
9.120313199999999370e+02 6.360553700000000390e+02
9.130215299999999843e+02 6.334125599999999849e+02
9.144751499999999851e+02 6.310050100000000839e+02
9.163239099999999553e+02 6.288661200000000235e+02
9.185034200000000055e+02 6.270272600000000693e+02
9.209434599999999591e+02 6.255237900000000764e+02
9.263396699999999555e+02 6.236523799999999937e+02
9.291612499999999955e+02 6.233509900000000243e+02
9.319722000000000435e+02 6.235147400000000744e+02
9.347080700000000206e+02 6.241805400000000645e+02
9.372986399999999776e+02 6.253779000000000678e+02
9.396794999999999618e+02 6.271421100000000024e+02
9.417804699999999229e+02 6.295046399999999949e+02
9.434283799999999474e+02 6.318955100000000584e+02
9.446393199999999979e+02 6.345314900000000762e+02
9.453877800000000207e+02 6.373345000000000482e+02
9.456421599999999899e+02 6.402265400000000000e+02
9.456421299999999519e+02 6.402263199999999870e+02
