7.398098400000000083e+02 4.181748799999999733e+02
7.396688699999999699e+02 4.215404299999999580e+02
7.388845199999999522e+02 4.245519299999999703e+02
7.375388899999999239e+02 4.272014299999999594e+02
7.357138599999999542e+02 4.294750399999999786e+02
7.334934399999999641e+02 4.313588899999999740e+02
7.309615799999999126e+02 4.328430399999999736e+02
7.282003099999999449e+02 4.339156099999999583e+02
7.252915799999999535e+02 4.345627099999999814e+02
7.223193899999999985e+02 4.347745099999999638e+02
7.193676699999999755e+02 4.345367599999999584e+02
7.165165099999999256e+02 4.338380199999999718e+02
7.138498099999999340e+02 4.326681899999999814e+02
7.114516099999999597e+02 4.310114099999999553e+02
7.094038499999999203e+02 4.288577499999999532e+02
7.077904599999999391e+02 4.261953499999999622e+02
7.066935299999998961e+02 4.230122099999999818e+02
7.058837999999999511e+02 4.198636399999999753e+02
7.057424800000000005e+02 4.168483299999999758e+02
7.061990399999999681e+02 4.140035599999999931e+02
7.071892399999999270e+02 4.113607099999999832e+02
7.086428699999999026e+02 4.089531599999999685e+02
7.104915899999998601e+02 4.068142999999999461e+02
7.126711099999998851e+02 4.049754399999999350e+02
7.151111399999998639e+02 4.034719399999999609e+02
7.205073599999998351e+02 4.016005699999999479e+02
7.233289599999998245e+02 4.012995399999999222e+02
7.261398799999998346e+02 4.014633099999999217e+02
7.288757499999998117e+02 4.021290999999999372e+02
7.314663099999997939e+02 4.033264599999999405e+02
7.338472099999997909e+02 4.050906699999999319e+02
7.359481799999997520e+02 4.074532099999999559e+02
7.375960899999997764e+02 4.098440399999999499e+02
7.388070299999998269e+02 4.124800199999999677e+02
7.395554799999998750e+02 4.152830699999999524e+02
7.398098699999998189e+02 4.181751099999999610e+02
7.398098400000000083e+02 4.181748799999999733e+02
