9.157152200000000448e+02 6.085975499999999556e+02
9.155742500000000064e+02 6.119631000000000540e+02
9.147899099999999635e+02 6.149746400000000222e+02
9.134442799999999352e+02 6.176240999999999985e+02
9.116192499999999654e+02 6.198977200000000494e+02
9.093988399999999501e+02 6.217815699999999879e+02
9.068669599999999491e+02 6.232657500000000255e+02
9.041056599999999435e+02 6.243382800000000543e+02
9.011969599999999900e+02 6.249854199999999764e+02
8.982247700000000350e+02 6.251972100000000410e+02
8.952730599999999868e+02 6.249594700000000103e+02
8.924218999999999369e+02 6.242607300000000805e+02
8.897551999999999452e+02 6.230909000000000333e+02
8.873569999999999709e+02 6.214341300000000956e+02
8.853091999999999189e+02 6.192804600000000619e+02
8.836958499999999503e+02 6.166180600000000140e+02
8.825989099999999326e+02 6.134349200000000337e+02
8.817891899999999623e+02 6.102863400000001093e+02
8.816478599999999233e+02 6.072710100000000466e+02
8.821043899999999667e+02 6.044262300000000323e+02
8.830946000000000140e+02 6.017834100000000035e+02
8.845482500000000528e+02 5.993758700000000772e+02
8.863969800000000987e+02 5.972369700000001558e+02
8.885764900000001489e+02 5.953981100000000879e+02
8.910165300000001025e+02 5.938946500000000697e+02
8.964127500000000737e+02 5.920232399999999870e+02
8.992343500000000631e+02 5.917222200000001067e+02
9.020452600000000984e+02 5.918859800000000178e+02
9.047811300000000756e+02 5.925517800000000079e+02
9.073717000000000326e+02 5.937491400000001249e+02
9.097525900000000547e+02 5.955133500000000595e+02
9.118535700000001043e+02 5.978758800000000520e+02
9.135014700000001540e+02 6.002667500000000018e+02
9.147124200000001792e+02 6.029027300000000196e+02
9.154608700000002273e+02 6.057057400000001053e+02
9.157152600000001712e+02 6.085977800000000570e+02
9.157152200000000448e+02 6.085975499999999556e+02
