7.985982699999999568e+02 4.817019799999999918e+02
7.984572999999999183e+02 4.850675400000000081e+02
7.976730099999998629e+02 4.880790800000000331e+02
7.963273299999998471e+02 4.907285500000000411e+02
7.945023399999998901e+02 4.930021500000000287e+02
7.922819299999998748e+02 4.948860000000000241e+02
7.897500499999998738e+02 4.963701900000000364e+02
7.869887499999998681e+02 4.974427200000000084e+02
7.840800099999999020e+02 4.980898599999999874e+02
7.811078199999999470e+02 4.983016599999999698e+02
7.781561399999999367e+02 4.980642899999999713e+02
7.753049499999999625e+02 4.973655499999999847e+02
7.726382899999999836e+02 4.961957199999999943e+02
7.702400699999999460e+02 4.945389399999999682e+02
7.681922799999999825e+02 4.923852799999999661e+02
7.665789300000000139e+02 4.897228399999999624e+02
7.654819999999999709e+02 4.865397399999999379e+02
7.646722399999999880e+02 4.833911599999999567e+02
7.645309099999999489e+02 4.803758199999999761e+02
7.649874800000000050e+02 4.775310499999999934e+02
7.659776799999999639e+02 4.748882300000000214e+02
7.674312999999999647e+02 4.724806900000000383e+02
7.692800699999999097e+02 4.703417800000000284e+02
7.714595699999998715e+02 4.685029300000000489e+02
7.738996099999998250e+02 4.669994700000000307e+02
7.792958299999997962e+02 4.651280600000000049e+02
7.821173999999997477e+02 4.648266500000000292e+02
7.849283099999997830e+02 4.649904200000000287e+02
7.876641799999997602e+02 4.656562100000000441e+02
7.902547899999997298e+02 4.668535300000000348e+02
7.926356399999997393e+02 4.686177900000000136e+02
7.947366199999997889e+02 4.709803100000000313e+02
7.963845199999998385e+02 4.733711500000000569e+02
7.975954699999998638e+02 4.760071300000000747e+02
7.983439199999999119e+02 4.788101800000000594e+02
7.985983199999999442e+02 4.817021700000000806e+02
7.985982699999999568e+02 4.817019799999999918e+02
