8.862958700000000363e+02 5.763831199999999626e+02
8.861549100000000863e+02 5.797486800000000358e+02
8.853706000000000813e+02 5.827602200000001176e+02
8.840249200000000656e+02 5.854097300000000814e+02
8.821999300000001085e+02 5.876833300000000690e+02
8.799794900000000553e+02 5.895671800000000076e+02
8.774476600000000417e+02 5.910513300000000072e+02
8.746863500000000613e+02 5.921238900000000740e+02
8.717776600000000826e+02 5.927709900000000971e+02
8.688054600000000391e+02 5.929827900000000227e+02
8.658537300000000414e+02 5.927454300000000558e+02
8.630025400000000673e+02 5.920466900000001260e+02
8.603358800000000883e+02 5.908768600000000788e+02
8.579376500000000760e+02 5.892200800000000527e+02
8.558898900000000367e+02 5.870664200000001074e+02
8.542765300000000934e+02 5.844039900000000216e+02
8.531796000000000504e+02 5.812208800000000792e+02
8.523698400000000674e+02 5.780723000000000411e+02
8.522285100000000284e+02 5.750569600000001174e+02
8.526850699999999961e+02 5.722121900000001915e+02
8.536752800000000434e+02 5.695693600000001879e+02
8.551289000000000442e+02 5.671618200000001480e+02
8.569776699999999892e+02 5.650229200000001129e+02
8.591571800000000394e+02 5.631840600000001587e+02
8.615971800000000940e+02 5.616806100000001152e+02
8.669934300000001031e+02 5.598092000000001462e+02
8.698150400000000673e+02 5.595081700000000637e+02
8.726259500000001026e+02 5.596719400000001770e+02
8.753618200000000797e+02 5.603377300000001924e+02
8.779523800000000620e+02 5.615350500000001830e+02
8.803332800000000589e+02 5.632993100000001050e+02
8.824342100000000073e+02 5.656618300000001227e+02
8.840821600000000444e+02 5.680526700000001483e+02
8.852931100000000697e+02 5.706886500000001661e+02
8.860415100000000166e+02 5.734917000000001508e+02
8.862958999999999605e+02 5.763836900000001151e+02
8.862958700000000363e+02 5.763831199999999626e+02
