7.688341199999999844e+02 4.496143000000000143e+02
7.686931600000000344e+02 4.529798499999999990e+02
7.679088500000000295e+02 4.559913999999999987e+02
7.665632100000000264e+02 4.586408599999999751e+02
7.647381800000000567e+02 4.609144699999999943e+02
7.625177300000000287e+02 4.627983199999999897e+02
7.599859000000000151e+02 4.642824999999999704e+02
7.572246000000000095e+02 4.653550299999999424e+02
7.543159100000000308e+02 4.660021699999999214e+02
7.513437099999999873e+02 4.662139599999999291e+02
7.483919899999999643e+02 4.659762199999999552e+02
7.455408400000000029e+02 4.652774799999999686e+02
7.428741400000000112e+02 4.641076499999999783e+02
7.404758900000000494e+02 4.624508799999999837e+02
7.384281400000000986e+02 4.602972100000000069e+02
7.368147800000001553e+02 4.576347800000000348e+02
7.357178500000001122e+02 4.544516800000000103e+02
7.349081200000001672e+02 4.513031000000000290e+02
7.347668100000001914e+02 4.482877600000000484e+02
7.352233300000001464e+02 4.454429800000000341e+02
7.362135400000001937e+02 4.428001600000000622e+02
7.376672000000002072e+02 4.403926200000000790e+02
7.395159100000001899e+02 4.382537200000001008e+02
7.416954300000002149e+02 4.364148600000000897e+02
7.441354600000001938e+02 4.349114100000001031e+02
7.495316800000001649e+02 4.330399900000001026e+02
7.523532900000001291e+02 4.327389700000001085e+02
7.551642000000001644e+02 4.329027300000001333e+02
7.579000700000001416e+02 4.335685300000001234e+02
7.604906400000000986e+02 4.347658500000001141e+02
7.628715300000001207e+02 4.365301000000001181e+02
7.649724700000001576e+02 4.388926300000001106e+02
7.666204100000001063e+02 4.412834700000001362e+02
7.678313500000001568e+02 4.439194400000001224e+02
7.685797700000001669e+02 4.467224900000001071e+02
7.688341600000001108e+02 4.496144900000001030e+02
7.688341199999999844e+02 4.496143000000000143e+02
