9.709042299999999841e+02 6.721285199999999804e+02
9.707632599999999456e+02 6.754940799999999399e+02
9.699789499999999407e+02 6.785056200000000217e+02
9.686332799999998997e+02 6.811551200000000108e+02
9.668082899999999427e+02 6.834286899999999605e+02
9.645878699999999526e+02 6.853125400000000127e+02
9.620560099999999011e+02 6.867967200000000503e+02
9.592947099999998954e+02 6.878692899999999781e+02
9.563860099999999420e+02 6.885163900000000012e+02
9.534138199999999870e+02 6.887281900000000405e+02
9.504620999999999640e+02 6.884904500000000098e+02
9.476109000000000151e+02 6.877917099999999664e+02
9.449442400000000362e+02 6.866218800000000329e+02
9.425460000000000491e+02 6.849651000000000067e+02
9.404982500000000982e+02 6.828114400000000614e+02
9.388848900000001549e+02 6.801490300000000389e+02
9.377879600000001119e+02 6.769659000000000333e+02
9.369782000000001290e+02 6.738173199999999952e+02
9.368368700000000899e+02 6.708019799999999577e+02
9.372934300000000576e+02 6.679572100000000319e+02
9.382836400000001049e+02 6.653143900000000031e+02
9.397372600000001057e+02 6.629068399999999883e+02
9.415860200000000759e+02 6.607679399999999532e+02
9.437655400000001009e+02 6.589290799999999990e+02
9.462055700000000797e+02 6.574256299999999555e+02
9.516017900000000509e+02 6.555542100000000119e+02
9.544234000000000151e+02 6.552531900000000178e+02
9.572343100000000504e+02 6.554169600000000173e+02
9.599701800000000276e+02 6.560827500000000327e+02
9.625607499999999845e+02 6.572801100000000361e+02
9.649416400000000067e+02 6.590443199999999706e+02
9.670425800000000436e+02 6.614068499999999631e+02
9.686905199999999923e+02 6.637977300000000014e+02
9.699014600000000428e+02 6.664337100000000191e+02
9.706498800000000529e+02 6.692367199999999912e+02
9.709042600000000220e+02 6.721287499999999682e+02
9.709042299999999841e+02 6.721285199999999804e+02
