7.099939100000000280e+02 3.886514700000000175e+02
7.098529500000000780e+02 3.920170300000000339e+02
7.090686400000000731e+02 3.950285700000000588e+02
7.077230100000000448e+02 3.976780400000000668e+02
7.058979800000000751e+02 3.999516500000000860e+02
7.036775700000000597e+02 4.018354900000001066e+02
7.011457000000000335e+02 4.033196400000001063e+02
6.983843900000000531e+02 4.043922100000000910e+02
6.954757000000000744e+02 4.050393400000000952e+02
6.925034700000001067e+02 4.052511400000000776e+02
6.895517900000000964e+02 4.050134100000000785e+02
6.867006400000001349e+02 4.043146600000000603e+02
6.840339400000001433e+02 4.031448000000000320e+02
6.816357200000001058e+02 4.014880500000000438e+02
6.795879300000001422e+02 3.993344000000000165e+02
6.779745700000001989e+02 3.966719500000000380e+02
6.768776500000002443e+02 3.934888500000000136e+02
6.760678900000002614e+02 3.903402300000000196e+02
6.759265600000002223e+02 3.873249299999999948e+02
6.763831300000002784e+02 3.844801600000000121e+02
6.773733300000002373e+02 3.818373000000000275e+02
6.788269500000002381e+02 3.794297900000000254e+02
6.806757100000002083e+02 3.772909000000000219e+02
6.828552200000002586e+02 3.754520400000000109e+02
6.852952600000002121e+02 3.739485799999999927e+02
6.906914800000001833e+02 3.720771599999999921e+02
6.935130400000001600e+02 3.717761399999999981e+02
6.963240000000001828e+02 3.719399099999999976e+02
6.990598700000001600e+02 3.726057000000000130e+02
7.016504300000001422e+02 3.738030600000000163e+02
7.040312800000001516e+02 3.755673100000000204e+02
7.061323000000001002e+02 3.779298000000000002e+02
7.077802000000001499e+02 3.803206799999999816e+02
7.089911500000001752e+02 3.829566599999999994e+02
7.097395600000002105e+02 3.857597099999999841e+02
7.099939600000002429e+02 3.886517000000000053e+02
7.099939100000000280e+02 3.886514700000000175e+02
