6.306960000000000264e+02 6.331548099999999977e+02
6.305550400000000764e+02 6.365203699999999571e+02
6.297707300000000714e+02 6.395319099999999253e+02
6.284250500000000557e+02 6.421813799999999901e+02
6.266000600000000986e+02 6.444549799999999777e+02
6.243796500000000833e+02 6.463388299999999163e+02
6.218477800000000570e+02 6.478230099999999538e+02
6.190864700000000767e+02 6.488955399999999827e+02
6.161777500000000600e+02 6.495426800000000185e+02
6.132055800000000545e+02 6.497544699999999693e+02
6.102538600000000315e+02 6.495171199999999772e+02
6.074026700000000574e+02 6.488183800000000474e+02
6.047360100000000784e+02 6.476485500000000002e+02
6.023378100000001041e+02 6.459917599999999993e+02
6.002900100000000521e+02 6.438381100000000288e+02
5.986766600000000835e+02 6.411756599999999935e+02
5.975797200000000657e+02 6.379925700000000006e+02
5.967700000000000955e+02 6.348439799999999877e+02
5.966286700000000565e+02 6.318286500000000387e+02
5.970852400000001126e+02 6.289838799999999992e+02
5.980754000000000588e+02 6.263410499999999956e+02
5.995290600000000723e+02 6.239335099999999557e+02
6.013777900000001182e+02 6.217946099999999205e+02
6.035573000000001684e+02 6.199557499999999663e+02
6.059973400000001220e+02 6.184522999999999229e+02
6.113935600000000932e+02 6.165808799999999792e+02
6.142151600000000826e+02 6.162794799999999213e+02
6.170260800000000927e+02 6.164432500000000346e+02
6.197619500000000698e+02 6.171090399999999363e+02
6.223525100000000521e+02 6.183063999999999396e+02
6.247334100000000490e+02 6.200706099999999878e+02
6.268343399999999974e+02 6.224331399999999803e+02
6.284822799999999461e+02 6.248240200000000186e+02
6.296932299999999714e+02 6.274599999999999227e+02
6.304416499999999814e+02 6.302630099999998947e+02
6.306960399999999254e+02 6.331550399999999854e+02
6.306960000000000264e+02 6.331548099999999977e+02
