8.962283800000000156e+02 5.356163900000000240e+02
8.960874099999999771e+02 5.389819300000000339e+02
8.953031099999999469e+02 5.419934700000001158e+02
8.939574299999999312e+02 5.446429400000000669e+02
8.921324399999999741e+02 5.469165500000001430e+02
8.899120299999999588e+02 5.488004000000000815e+02
8.873801499999999578e+02 5.502845900000000938e+02
8.846188499999999522e+02 5.513571200000001227e+02
8.817101199999999608e+02 5.520042500000000700e+02
8.787379599999999300e+02 5.522160499999999956e+02
8.757862399999999070e+02 5.519786800000000540e+02
8.729350499999999329e+02 5.512799400000001242e+02
8.702683899999999539e+02 5.501101100000000770e+02
8.678701399999999921e+02 5.484533400000000256e+02
8.658223799999999528e+02 5.462996800000000803e+02
8.642090399999999590e+02 5.436372400000000198e+02
8.631120999999999412e+02 5.404541300000000774e+02
8.623023399999999583e+02 5.373055200000001150e+02
8.621610099999999193e+02 5.342902200000000903e+02
8.626175799999999754e+02 5.314454399999999623e+02
8.636077799999999343e+02 5.288026300000000219e+02
8.650614099999999098e+02 5.263950800000000072e+02
8.669101699999998800e+02 5.242561900000000605e+02
8.690896699999998418e+02 5.224173299999999927e+02
8.715297099999997954e+02 5.209138599999999997e+02
8.769259299999997666e+02 5.190424499999999171e+02
8.797475399999997308e+02 5.187410599999999476e+02
8.825584499999997661e+02 5.189048099999999977e+02
8.852943199999997432e+02 5.195705699999998615e+02
8.878848899999997002e+02 5.207679399999999532e+02
8.902657799999997223e+02 5.225321799999999257e+02
8.923667199999997592e+02 5.248947099999998045e+02
8.940146599999997079e+02 5.272855499999998301e+02
8.952256099999997332e+02 5.299215299999998479e+02
8.959740299999997433e+02 5.327245699999998578e+02
8.962284199999996872e+02 5.356165799999998853e+02
8.962283800000000156e+02 5.356163900000000240e+02
