1.015676199999999994e+03 6.642075199999999313e+02
1.015535600000000045e+03 6.675730800000000045e+02
1.014751200000000040e+03 6.705846199999999726e+02
1.013405600000000049e+03 6.732340799999999490e+02
1.011580600000000004e+03 6.755076999999999998e+02
1.009360099999999989e+03 6.773915399999999636e+02
1.006828300000000013e+03 6.788756899999999632e+02
1.004067000000000007e+03 6.799482600000000048e+02
1.001158300000000054e+03 6.805953899999999521e+02
9.981861000000000104e+02 6.808071899999999914e+02
9.952344100000000253e+02 6.805698199999999360e+02
9.923832200000000512e+02 6.798710800000000063e+02
9.897165600000000723e+02 6.787012200000000348e+02
9.873183100000001104e+02 6.770444800000000214e+02
9.852705600000001596e+02 6.748908199999999624e+02
9.836572100000001910e+02 6.722283800000000156e+02
9.825602400000001353e+02 6.690452800000000479e+02
9.817505200000001651e+02 6.658967000000000098e+02
9.816091900000001260e+02 6.628813699999999471e+02
9.820657500000000937e+02 6.600365899999999328e+02
9.830559600000001410e+02 6.573937700000000177e+02
9.845095800000001418e+02 6.549862200000000030e+02
9.863583400000001120e+02 6.528473300000000563e+02
9.885378500000001623e+02 6.510084699999999884e+02
9.909778500000002168e+02 6.495050099999999702e+02
9.963741000000002259e+02 6.476335900000000265e+02
9.991956800000002659e+02 6.473322000000000571e+02
1.002006600000000276e+03 6.474959499999999935e+02
1.004742500000000291e+03 6.481617499999999836e+02
1.007333000000000311e+03 6.493591199999999617e+02
1.009714000000000283e+03 6.511233199999999215e+02
1.011814900000000307e+03 6.534858500000000276e+02
1.013462800000000357e+03 6.558767299999999523e+02
1.014673700000000395e+03 6.585127099999999700e+02
1.015422200000000430e+03 6.613157099999999673e+02
1.015676600000000462e+03 6.642077500000000327e+02
1.015676199999999994e+03 6.642075199999999313e+02
