6.502688000000000557e+02 3.224122499999999718e+02
6.501278300000000172e+02 3.257777999999999565e+02
6.493434799999999996e+02 3.287893399999999247e+02
6.479978499999999713e+02 3.314388099999998758e+02
6.461728200000000015e+02 3.337124199999998382e+02
6.439524000000000115e+02 3.355962699999998904e+02
6.414205399999999599e+02 3.370804499999999280e+02
6.386592399999999543e+02 3.381529799999999568e+02
6.357505400000000009e+02 3.388001199999999926e+02
6.327783500000000458e+02 3.390119099999999435e+02
6.298266200000000481e+02 3.387741699999999128e+02
6.269754700000000867e+02 3.380754299999998693e+02
6.243087700000000950e+02 3.369055999999998221e+02
6.219105700000001207e+02 3.352488299999997707e+02
6.198627800000001571e+02 3.330951599999997370e+02
6.182494200000002138e+02 3.304327299999997649e+02
6.171524900000001708e+02 3.272496199999997089e+02
6.163427600000002258e+02 3.241010399999996707e+02
6.162014400000002752e+02 3.210857099999997217e+02
6.166580000000002428e+02 3.182409299999997074e+02
6.176481700000002775e+02 3.155981199999996534e+02
6.191017900000002783e+02 3.131905699999996386e+02
6.209505900000002612e+02 3.110516799999996920e+02
6.231301000000003114e+02 3.092128199999997378e+02
6.255701000000003660e+02 3.077093499999997448e+02
6.309663200000003371e+02 3.058379399999997759e+02
6.337879300000003013e+02 3.055369199999997818e+02
6.365988400000003367e+02 3.057006799999998066e+02
6.393347100000003138e+02 3.063664399999997840e+02
6.419252700000002960e+02 3.075637999999997874e+02
6.443061700000002929e+02 3.093280499999997346e+02
6.464071300000002793e+02 3.116905399999997144e+02
6.480550500000002785e+02 3.140814099999996643e+02
6.492660000000003038e+02 3.167173899999996820e+02
6.500144400000002634e+02 3.195204399999996667e+02
6.502688300000002073e+02 3.224124399999997195e+02
6.502688000000000557e+02 3.224122499999999718e+02
