9.845972299999999677e+02 6.296120499999999538e+02
9.844562700000000177e+02 6.329775700000000143e+02
9.836719699999999875e+02 6.359891099999999824e+02
9.823262899999999718e+02 6.386386099999999715e+02
9.805012600000000020e+02 6.409122199999999339e+02
9.782808499999999867e+02 6.427960600000000113e+02
9.757490199999999732e+02 6.442802100000000110e+02
9.729877099999999928e+02 6.453527899999999136e+02
9.700789800000000014e+02 6.459998699999999872e+02
9.671067799999999579e+02 6.462116699999999128e+02
9.641551099999999224e+02 6.459739399999999705e+02
9.613039199999999482e+02 6.452752000000000407e+02
9.586372599999999693e+02 6.441053699999999935e+02
9.562390100000000075e+02 6.424485799999999927e+02
9.541912499999999682e+02 6.402949300000000221e+02
9.525778900000000249e+02 6.376325299999999743e+02
9.514809700000000703e+02 6.344493899999999940e+02
9.506712000000001126e+02 6.313007999999999811e+02
9.505298800000001620e+02 6.282855099999999311e+02
9.509864500000002181e+02 6.254407400000000052e+02
9.519766500000001770e+02 6.227978699999999890e+02
9.534302700000001778e+02 6.203903299999999490e+02
9.552790300000001480e+02 6.182514300000000276e+02
9.574585400000001982e+02 6.164126199999999471e+02
9.598985400000002528e+02 6.149091200000000299e+02
9.652948000000002367e+02 6.130377399999999852e+02
9.681163700000001882e+02 6.127363399999999274e+02
9.709273200000002362e+02 6.129001100000000406e+02
9.736631900000002133e+02 6.135658599999999296e+02
9.762537500000001955e+02 6.147632200000000466e+02
9.786346100000001798e+02 6.165274699999999939e+02
9.807355800000001409e+02 6.188899599999999737e+02
9.823834900000001653e+02 6.212808400000000120e+02
9.835944400000001906e+02 6.239168200000000297e+02
9.843428800000001502e+02 6.267198700000000144e+02
9.845972800000001826e+02 6.296118599999999788e+02
9.845972299999999677e+02 6.296120499999999538e+02
