1.045053000000000111e+03 6.960712599999999384e+02
1.044912300000000187e+03 6.994368200000000115e+02
1.044128000000000156e+03 7.024483599999999797e+02
1.042782300000000077e+03 7.050978199999999561e+02
1.040957300000000032e+03 7.073714400000000069e+02
1.038736900000000105e+03 7.092553199999999833e+02
1.036205000000000155e+03 7.107394699999999830e+02
1.033443700000000263e+03 7.118120000000000118e+02
1.030535000000000309e+03 7.124591299999999592e+02
1.027562800000000379e+03 7.126709299999999985e+02
1.024611100000000306e+03 7.124331899999999678e+02
1.021759900000000357e+03 7.117344500000000380e+02
1.019093200000000365e+03 7.105646199999999908e+02
1.016695000000000391e+03 7.089078400000000784e+02
1.014647200000000339e+03 7.067541800000000194e+02
1.013034000000000333e+03 7.040917400000000725e+02
1.011937000000000353e+03 7.009086399999999912e+02
1.011127200000000357e+03 6.977600600000000668e+02
1.010985900000000356e+03 6.947447700000000168e+02
1.011442400000000362e+03 6.918999900000000025e+02
1.012432700000000409e+03 6.892571299999999610e+02
1.013886300000000460e+03 6.868495900000000347e+02
1.015735100000000443e+03 6.847106899999999996e+02
1.017914600000000405e+03 6.828718299999999317e+02
1.020354600000000460e+03 6.813683699999999135e+02
1.025750800000000481e+03 6.794969599999999446e+02
1.028572400000000471e+03 6.791955499999999120e+02
1.031383300000000418e+03 6.793593200000000252e+02
1.034119100000000344e+03 6.800251200000000154e+02
1.036709800000000314e+03 6.812224699999999302e+02
1.039090600000000222e+03 6.829866899999999532e+02
1.041191600000000335e+03 6.853492199999999457e+02
1.042839500000000271e+03 6.877400900000000092e+02
1.044050500000000284e+03 6.903760699999999133e+02
1.044798900000000231e+03 6.931790799999998853e+02
1.045053300000000263e+03 6.960711199999999508e+02
1.045053000000000111e+03 6.960712599999999384e+02
