8.684081499999999778e+02 5.032631900000000087e+02
8.682671799999999394e+02 5.066287399999999934e+02
8.674828699999999344e+02 5.096402400000000057e+02
8.661372099999999818e+02 5.122897500000000264e+02
8.643121800000000121e+02 5.145633500000000140e+02
8.620917600000000220e+02 5.164472100000000410e+02
8.595599100000000590e+02 5.179313600000000406e+02
8.567986300000000028e+02 5.190039200000001074e+02
8.538899000000000115e+02 5.196510200000000168e+02
8.509177100000000564e+02 5.198628200000000561e+02
8.479659800000000587e+02 5.196254500000000007e+02
8.451148300000000972e+02 5.189267100000000710e+02
8.424481700000001183e+02 5.177568800000001374e+02
8.400499200000001565e+02 5.161001100000000861e+02
8.380021700000002056e+02 5.139464400000001660e+02
8.363887700000002496e+02 5.112840400000001182e+02
8.352918500000002950e+02 5.081009000000001379e+02
8.344821100000002616e+02 5.049523300000001313e+02
8.343408000000002858e+02 5.019370200000001319e+02
8.347973600000002534e+02 4.990922500000001492e+02
8.357875300000002881e+02 4.964494000000001392e+02
8.372411900000003016e+02 4.940418500000001245e+02
8.390899000000002843e+02 4.919029500000001462e+02
8.412694200000003093e+02 4.900641300000001479e+02
8.437094500000002881e+02 4.885606300000001738e+02
8.491057100000002720e+02 4.866892600000001607e+02
8.519272900000003119e+02 4.863878500000001850e+02
8.547382000000003472e+02 4.865516200000001845e+02
8.574740700000003244e+02 4.872174200000001747e+02
8.600646400000002814e+02 4.884147700000001464e+02
8.624455200000003288e+02 4.901789900000001694e+02
8.645465000000003783e+02 4.925415200000001619e+02
8.661944000000004280e+02 4.949323500000001559e+02
8.674053500000004533e+02 4.975683300000001736e+02
8.681537900000004129e+02 5.003713800000001584e+02
8.684081900000004453e+02 5.032634200000001670e+02
8.684081499999999778e+02 5.032631900000000087e+02
