6.011675400000000309e+02 6.022050199999999904e+02
6.010265800000000809e+02 6.055705800000000636e+02
6.002422400000000380e+02 6.085821200000000317e+02
5.988966100000000097e+02 6.112315800000000081e+02
5.970715800000000399e+02 6.135051899999999705e+02
5.948511200000000372e+02 6.153890400000000227e+02
5.923192900000000236e+02 6.168732199999999466e+02
5.895579900000000180e+02 6.179457600000000639e+02
5.866492900000000645e+02 6.185928900000000112e+02
5.836771000000001095e+02 6.188046799999999621e+02
5.807253800000000865e+02 6.185673300000000836e+02
5.778742300000001251e+02 6.178685900000000402e+02
5.752075300000001334e+02 6.166987599999999929e+02
5.728092800000001716e+02 6.150419699999999921e+02
5.707615200000001323e+02 6.128883200000000215e+02
5.691481300000001511e+02 6.102259200000000874e+02
5.680512000000001080e+02 6.070427799999999934e+02
5.672414700000001631e+02 6.038941899999999805e+02
5.671001500000002125e+02 6.008788600000000315e+02
5.675566800000002559e+02 5.980340900000001056e+02
5.685468800000002147e+02 5.953912600000001021e+02
5.700005800000002409e+02 5.929837200000000621e+02
5.718493000000001985e+02 5.908448200000000270e+02
5.740288100000002487e+02 5.890059700000001612e+02
5.764688500000002023e+02 5.875025100000000293e+02
5.818650700000001734e+02 5.856311000000000604e+02
5.846866800000001376e+02 5.853296900000000278e+02
5.874975900000001729e+02 5.854934600000001410e+02
5.902334600000001501e+02 5.861592500000001564e+02
5.928240200000001323e+02 5.873566100000000461e+02
5.952049200000001292e+02 5.891208300000000690e+02
5.973058500000000777e+02 5.914833500000002005e+02
5.989538000000001148e+02 5.938742300000001251e+02
6.001647500000001401e+02 5.965102100000001428e+02
6.009131900000000996e+02 5.993132200000001149e+02
6.011675900000001320e+02 6.022052500000000919e+02
6.011675400000000309e+02 6.022050199999999904e+02
