Scintillator file for SINPA FILDSIM
Scintilator stl file: scintillator
File by jansen 
2  ! Kind of plate
187  ! Number of triangles
3.852E-07      0.058015        -0.049982
-5.6755E-08    0.063014        -0.044981
5.6402E-08     0.063002        -0.0049809
5.2216E-07     0.058001        0.00001757
-2.2526E-07    0.042548        0.00001295
-2.1004E-07    0.038996        0.016012
-1.5456E-07    0.018996        0.016006
-2.1679E-07    0.015453        4.8582E-06
-2.685E-08     -2.0681E-07     2.4094E-07
-5.4001E-07    -0.0049988      -0.0050012
-6.561E-07     -0.0049873      -0.045001
-1.6069E-07    0.00001412      -0.05
-2.8157E-07    -0.000069706    -0.045824
2.1189E-07     -0.00059033     -0.045773
2.662E-07      -0.0010975      -0.045644
1.7477E-07     -0.0015798      -0.045442
-7.3185E-08    -0.0020267      -0.04517
-3.2057E-07    -0.0024278      -0.044834
3.3742E-08     -0.0027747      -0.044443
-4.0356E-07    -0.0030592      -0.044004
-4.998E-07     -0.0032751      -0.043527
-3.1906E-07    -0.0034176      -0.043024
-9.1603E-08    -0.0034836      -0.042505
-7.241E-07     -0.0034713      -0.041982
-9.9769E-08    -0.0033813      -0.041467
2.7584E-07     -0.0032156      -0.040971
-2.659E-07     -0.0029776      -0.040505
1.0284E-07     -0.002673       -0.040079
-6.0834E-07    -0.0023082      -0.039704
-3.8922E-07    -0.0018917      -0.039388
1.6341E-07     -0.0014329      -0.039137
7.7869E-08     -0.00094156     -0.038957
-2.1284E-08    -0.00042901     -0.038853
-2.3032E-08    0.000093431     -0.038826
-4.9756E-07    0.00061414      -0.038877
-5.5187E-07    0.0011214       -0.039005
-4.6045E-07    0.0016037       -0.039208
-3.5108E-07    0.0020504       -0.03948
-8.5739E-08    0.0024517       -0.039815
-4.4005E-07    0.0027985       -0.040207
9.7011E-08     0.0030829       -0.040646
1.9519E-07     0.0032988       -0.041122
-8.7448E-08    0.0034414       -0.041626
-2.1202E-07    0.0035073       -0.042145
-6.5723E-07    0.0034952       -0.042668
-1.8688E-07    0.0034051       -0.043183
-5.7946E-07    0.0032394       -0.043679
-2.075E-08     0.0030014       -0.044145
1.6993E-07     0.0056683       -0.045581
-3.1138E-07    0.0056047       -0.045918
-6.8217E-07    0.0056079       -0.046261
2.8671E-08     0.0056779       -0.046597
2.0342E-07     0.0058121       -0.046913
-2.0095E-07    0.0060054       -0.047196
-4.0995E-07    0.0062503       -0.047437
-4.4275E-07    0.0065374       -0.047625
-2.7286E-07    0.0068556       -0.047753
-5.4542E-07    0.0071927       -0.047817
-6.4503E-07    0.0075357       -0.047813
-7.1856E-08    0.0078714       -0.047743
-4.6939E-07    0.0081873       -0.047609
-2.106E-07     0.0084707       -0.047416
-3.198E-07     0.008711        -0.047171
-6.1963E-07    0.008899        -0.046884
-6.0106E-07    0.0090272       -0.046566
-1.2169E-07    0.0090909       -0.046229
2.5203E-07     0.0090876       -0.045886
-3.4208E-07    0.0090176       -0.04555
-5.139E-07     0.0088834       -0.045234
-2.5006E-07    0.00869         -0.044951
-2.3315E-08    0.0084452       -0.04471
1.143E-08      0.0081581       -0.044522
-4.0547E-08    0.0078399       -0.044394
1.1235E-07     0.0075028       -0.04433
2.1177E-07     0.0071598       -0.044334
-2.4155E-07    0.006824        -0.044404
1.5871E-07     0.0065082       -0.044538
-2.0178E-07    0.0062249       -0.044731
-1.1053E-07    0.0059846       -0.044976
1.8949E-07     0.0057966       -0.045263
1.6993E-07     0.0056683       -0.045581
-2.075E-08     0.0030014       -0.044145
-5.269E-07     0.0026968       -0.04457
-6.3558E-07    0.0023322       -0.044945
1.0257E-07     0.0019155       -0.045262
-4.5007E-07    0.0014567       -0.045513
-3.6354E-07    0.00096538      -0.045692
-4.0298E-07    0.00045276      -0.045797
-1.6069E-07    0.00001412      -0.05
3.852E-07      0.058015        -0.049982
2.8519E-07     0.057931        -0.045807
-1.9948E-07    0.057411        -0.045755
-1.4225E-07    0.056904        -0.045627
-2.366E-07     0.056421        -0.045425
6.1324E-07     0.055974        -0.045153
3.4497E-07     0.055573        -0.044817
7.0027E-07     0.055226        -0.044425
1.6301E-07     0.054942        -0.043986
4.6093E-08     0.054726        -0.04351
3.4747E-07     0.054583        -0.043007
4.7516E-07     0.054517        -0.042488
-3.7678E-08    0.05453         -0.041965
5.6676E-07     0.05462         -0.041449
-1.1759E-07    0.054786        -0.040953
2.8389E-07     0.055023        -0.040487
-1.682E-07     0.055328        -0.040062
-6.1468E-08    0.055693        -0.039687
2.7731E-07     0.056109        -0.039371
-2.2708E-07    0.056568        -0.03912
-3.335E-07     0.057059        -0.03894
6.6612E-07     0.057572        -0.038835
5.4179E-07     0.058094        -0.038808
1.8886E-07     0.058615        -0.03886
1.1367E-07     0.059122        -0.038988
2.2597E-07     0.059605        -0.03919
3.334E-07      0.060051        -0.039462
6.0166E-07     0.060453        -0.039798
2.294E-07      0.060799        -0.04019
-2.9349E-07    0.061084        -0.040629
-1.9823E-07    0.0613          -0.041105
5.7908E-07     0.061442        -0.041608
3.5162E-07     0.061508        -0.042127
2.7055E-08     0.061496        -0.04265
3.5998E-07     0.061406        -0.043166
-1.2694E-08    0.06124         -0.043662
5.2514E-07     0.061002        -0.044128
1.564E-07      0.060698        -0.044553
-8.6762E-08    0.060333        -0.044928
-2.8793E-07    0.059917        -0.045245
9.6804E-08     0.059458        -0.045495
0.000000302    0.058966        -0.045675
2.8443E-07     0.058454        -0.04578
2.8519E-07     0.057931        -0.045807
3.852E-07      0.058015        -0.049982
-5.6755E-08    0.063014        -0.044981
5.6402E-08     0.063002        -0.0049809
5.2216E-07     0.058001        0.00001757
-2.2526E-07    0.042548        0.00001295
-2.1004E-07    0.038996        0.016012
-4.3705E-07    0.031784        0.011802
-8.5662E-08    0.031437        0.012193
-3.3324E-07    0.031036        0.012529
4.9982E-07     0.030589        0.012801
4.0547E-07     0.030107        0.013003
4.5978E-07     0.0296          0.013132
-1.2466E-07    0.029079        0.013183
-5.26E-10      0.028557        0.013156
-4.1711E-08    0.028044        0.013051
1.6349E-07     0.027553        0.012872
-3.8934E-07    0.027094        0.012621
3.4998E-07     0.026677        0.012304
1.2359E-07     0.026313        0.011929
-3.8256E-07    0.026008        0.011504
2.9679E-07     0.02577         0.011038
-9.9887E-08    0.025604        0.010542
2.5392E-07     0.025514        0.010027
-1.9129E-07    0.025502        0.0095036
-3.1898E-07    0.025568        0.0089847
4.5754E-07     0.02571         0.0084814
-3.828E-07     0.025927        0.0080049
3.3625E-08     0.026211        0.0075659
-3.2049E-07    0.026558        0.0071743
-7.3107E-08    0.026959        0.0068387
5.5194E-08     0.027406        0.0065667
1.4954E-07     0.027888        0.0063642
9.231E-08      0.028395        0.006236
-2.6081E-07    0.028916        0.0061848
-4.029E-07     0.029438        0.0062117
-3.6054E-07    0.029951        0.0063162
5.0806E-07     0.030442        0.0064959
-1.4086E-08    0.030901        0.0067468
3.2469E-07     0.031318        0.0070634
-5.0907E-07    0.031683        0.0074384
-2.0868E-08    0.031987        0.0078637
3.9876E-07     0.032225        0.0083296
-3.0354E-07    0.032391        0.0088257
3.009E-07      0.032481        0.009341
-1.9419E-07    0.032493        0.009864
-8.7371E-08    0.032427        0.010383
9.6488E-08     0.032285        0.010886
1.1796E-07     0.032069        0.011363
-4.3705E-07    0.031784        0.011802
-2.1004E-07    0.038996        0.016012
-2.2526E-07    0.042548        0.00001295
5.2216E-07     0.058001        0.00001757
5.6402E-08     0.063002        -0.0049809
-5.6755E-08    0.063014        -0.044981
